
=== Classifier model (full training set) ===

Naive Bayes Classifier

                 Class
Attribute           K1      K2      K3      K4      K5      K6      K7      K8
                 (0.1)  (0.35)  (0.18)  (0.15)  (0.15)  (0.06)     (0)     (0)
===============================================================================
FCTH0
  mean           1.9535  2.0676  0.8553  1.7213  2.1563    1.25       0       0
  std. dev.      2.4585  2.6089    1.76  2.5934  2.2376  1.3617  0.1667  0.1667
  weight sum         43     148      76      61      64      24       0       0
  precision           1       1       1       1       1       1       1       1

FCTH1
  mean           5.2791  5.1284  5.3684  4.8033  5.7813  5.4167       0       0
  std. dev.      1.4992  1.2208  1.9791  2.2675  1.3166  1.8465  0.1667  0.1667
  weight sum         43     148      76      61      64      24       0       0
  precision           1       1       1       1       1       1       1       1

FCTH2
  mean           5.1628  5.1757  6.3289  6.0164  2.9531  3.8333       0       0
  std. dev.       2.302  2.5248  1.0808  1.2213   2.042  2.7639  0.1667  0.1667
  weight sum         43     148      76      61      64      24       0       0
  precision           1       1       1       1       1       1       1       1

FCTH3
  mean            2.907  2.3108  1.8158  1.3115  2.8594  0.0833       0       0
  std. dev.      1.8778  1.9202  1.4574  1.2999  1.6944  0.2764  0.1667  0.1667
  weight sum         43     148      76      61      64      24       0       0
  precision           1       1       1       1       1       1       1       1

FCTH4
  mean           3.2558  2.7365  2.0658  1.6557   2.625       0       0       0
  std. dev.      2.3137  2.5742  2.0413  2.1339   1.663  0.1667  0.1667  0.1667
  weight sum         43     148      76      61      64      24       0       0
  precision           1       1       1       1       1       1       1       1

FCTH5
  mean           6.0465  6.1892  5.1711   3.377  3.3438  0.1667       0       0
  std. dev.      1.0987  1.3918  2.2559  2.2189  1.9302  0.3727  0.1667  0.1667
  weight sum         43     148      76      61      64      24       0       0
  precision           1       1       1       1       1       1       1       1

FCTH6
  mean           0.4651  0.4459  0.3421  1.2295  1.8281  0.4167       0       0
  std. dev.       1.264  1.2318  0.9112  1.9366  1.6915   0.862  0.1667  0.1667
  weight sum         43     148      76      61      64      24       0       0
  precision           1       1       1       1       1       1       1       1

FCTH7
  mean           0.5814   0.527  0.8289  1.7541  0.3438  0.1667       0       0
  std. dev.       1.316  1.4353  2.0672  2.5585  1.1621  0.3727  0.1667  0.1667
  weight sum         43     148      76      61      64      24       0       0
  precision           1       1       1       1       1       1       1       1

FCTH8
  mean           2.3023  2.7162  1.8553  2.5246  1.5156  1.1667       0       0
  std. dev.      1.8619  1.8996  2.5686  2.4867  1.2118  1.0672  0.1667  0.1667
  weight sum         43     148      76      61      64      24       0       0
  precision           1       1       1       1       1       1       1       1

FCTH9
  mean           0.0465  0.0608       0  0.1639  0.7344  1.5417       0       0
  std. dev.      0.2106  0.3125  0.1667  0.6054  1.3491  1.4714  0.1667  0.1667
  weight sum         43     148      76      61      64      24       0       0
  precision           1       1       1       1       1       1       1       1

FCTH10
  mean                0  0.0068  0.0395   0.377  0.4531  0.9167       0       0
  std. dev.      0.1667  0.1667  0.1947  1.0428  0.9831  1.6562  0.1667  0.1667
  weight sum         43     148      76      61      64      24       0       0
  precision           1       1       1       1       1       1       1       1

FCTH11
  mean           0.7907  0.5473  0.1974  0.5082     1.5   2.125       0       0
  std. dev.      1.1922  1.0023  0.4594  1.1541  2.0691  1.2011  0.1667  0.1667
  weight sum         43     148      76      61      64      24       0       0
  precision           1       1       1       1       1       1       1       1

FCTH12
  mean                0       0  0.0184  0.1148  0.7875  2.2167       0       0
  std. dev.      0.2333  0.2333  0.2333  0.4602  0.9545  2.0174  0.2333  0.2333
  weight sum         43     148      76      61      64      24       0       0
  precision         1.4     1.4     1.4     1.4     1.4     1.4     1.4     1.4

FCTH13
  mean                0       0       0  0.0164  0.4063  0.9167       0       0
  std. dev.      0.1667  0.1667  0.1667  0.1667  0.8789  1.0375  0.1667  0.1667
  weight sum         43     148      76      61      64      24       0       0
  precision           1       1       1       1       1       1       1       1

FCTH14
  mean           0.2093  0.0811  0.0921  0.2951   2.375       4       0       0
  std. dev.      0.6309  0.2967  0.2892  0.9974  2.4906  1.6073  0.1667  0.1667
  weight sum         43     148      76      61      64      24       0       0
  precision           1       1       1       1       1       1       1       1

FCTH15
  mean                0       0  0.9868   0.918  0.2813  1.0833       0       0
  std. dev.      0.1667  0.1667  1.0698  1.2841  0.9265  0.6401  0.1667  0.1667
  weight sum         43     148      76      61      64      24       0       0
  precision           1       1       1       1       1       1       1       1

FCTH16
  mean                0       0  0.1711  0.1803       0    0.25       0       0
  std. dev.      0.1667  0.1667  0.3766  0.4619  0.1667   0.433  0.1667  0.1667
  weight sum         43     148      76      61      64      24       0       0
  precision           1       1       1       1       1       1       1       1

FCTH17
  mean           0.0465  0.0743  1.2368  1.1148  0.2188     1.5       0       0
  std. dev.      0.3014  0.3307  1.1224   1.392  0.5987  0.5774  0.1667  0.1667
  weight sum         43     148      76      61      64      24       0       0
  precision           1       1       1       1       1       1       1       1

FCTH18
  mean           1.2093  1.3649  2.4737  2.2459    2.75     3.5       0       0
  std. dev.      1.6503  1.6239  2.2271  2.5002    2.25  1.1547  0.1667  0.1667
  weight sum         43     148      76      61      64      24       0       0
  precision           1       1       1       1       1       1       1       1

FCTH19
  mean            0.186  0.1014  0.1316  0.3115  3.7813       6       0       0
  std. dev.      0.5394  0.4463  0.4396  0.7797  1.6999  1.0801  0.1667  0.1667
  weight sum         43     148      76      61      64      24       0       0
  precision           1       1       1       1       1       1       1       1

FCTH20
  mean           2.3721  2.1622  2.2763  2.4754  3.2656    5.25       0       0
  std. dev.      1.9293  1.6235   2.125  2.3019  2.2026  1.3617  0.1667  0.1667
  weight sum         43     148      76      61      64      24       0       0
  precision           1       1       1       1       1       1       1       1

FCTH21
  mean           1.3721  1.3649  0.9474  0.4426  0.9844       0       0       0
  std. dev.      1.3472  1.3211  1.0117  0.7793  1.2054  0.1667  0.1667  0.1667
  weight sum         43     148      76      61      64      24       0       0
  precision           1       1       1       1       1       1       1       1

FCTH22
  mean                0       0       0  0.0656  0.5156       0       0       0
  std. dev.      0.1667  0.1667  0.1667  0.3995  0.6845  0.1667  0.1667  0.1667
  weight sum         43     148      76      61      64      24       0       0
  precision           1       1       1       1       1       1       1       1

FCTH23
  mean           2.3023  2.2703  1.9079  1.0656  2.0156       0       0       0
  std. dev.      1.1317  1.1601  1.6237  1.7165  1.2685  0.1667  0.1667  0.1667
  weight sum         43     148      76      61      64      24       0       0
  precision           1       1       1       1       1       1       1       1

FCTH24
  mean            0.093  0.1149  0.0263  0.1803   0.125       0       0       0
  std. dev.      0.2905  0.3189  0.1667  0.4619  0.3307  0.1667  0.1667  0.1667
  weight sum         43     148      76      61      64      24       0       0
  precision           1       1       1       1       1       1       1       1

FCTH25
  mean           0.3256  0.2027  0.7105  0.8361     0.5  0.0833       0       0
  std. dev.      0.6369  0.4644  0.8242  1.0111  0.9014  0.2764  0.1667  0.1667
  weight sum         43     148      76      61      64      24       0       0
  precision           1       1       1       1       1       1       1       1

FCTH26
  mean           0.0233       0  0.1316  0.1475       0       0       0       0
  std. dev.      0.1667  0.1667  0.4085  0.3546  0.1667  0.1667  0.1667  0.1667
  weight sum         43     148      76      61      64      24       0       0
  precision           1       1       1       1       1       1       1       1

FCTH27
  mean           0.3488  0.2568  0.2368  0.2131  0.0625       0       0       0
  std. dev.      0.6428  0.4668  0.5348  0.4478  0.2421  0.1667  0.1667  0.1667
  weight sum         43     148      76      61      64      24       0       0
  precision           1       1       1       1       1       1       1       1

FCTH28
  mean            0.093  0.0541  0.0789  0.1311       0       0       0       0
  std. dev.      0.2905  0.2261   0.354  0.3831  0.1667  0.1667  0.1667  0.1667
  weight sum         43     148      76      61      64      24       0       0
  precision           1       1       1       1       1       1       1       1

FCTH29
  mean           0.2791  0.1014  0.6711  0.3197  0.1875       0       0       0
  std. dev.      0.5837  0.3765  0.7845  0.6143  0.4961    0.25    0.25    0.25
  weight sum         43     148      76      61      64      24       0       0
  precision         1.5     1.5     1.5     1.5     1.5     1.5     1.5     1.5

FCTH30
  mean           0.0465  0.0405       0  0.1967       0       0       0       0
  std. dev.      0.2106  0.1972  0.1667  0.4729  0.1667  0.1667  0.1667  0.1667
  weight sum         43     148      76      61      64      24       0       0
  precision           1       1       1       1       1       1       1       1

FCTH31
  mean                0  0.0068       0  0.0984       0       0       0       0
  std. dev.      0.1667  0.1667  0.1667  0.2978  0.1667  0.1667  0.1667  0.1667
  weight sum         43     148      76      61      64      24       0       0
  precision           1       1       1       1       1       1       1       1

FCTH32
  mean                0  0.0135  0.0395  0.2131       0       0       0       0
  std. dev.      0.1667  0.1667  0.1947  0.6557  0.1667  0.1667  0.1667  0.1667
  weight sum         43     148      76      61      64      24       0       0
  precision           1       1       1       1       1       1       1       1

FCTH33
  mean                0       0       0       0       0       0       0       0
  std. dev.      0.0017  0.0017  0.0017  0.0017  0.0017  0.0017  0.0017  0.0017
  weight sum         43     148      76      61      64      24       0       0
  precision        0.01    0.01    0.01    0.01    0.01    0.01    0.01    0.01

FCTH34
  mean                0       0       0       0       0       0       0       0
  std. dev.      0.0017  0.0017  0.0017  0.0017  0.0017  0.0017  0.0017  0.0017
  weight sum         43     148      76      61      64      24       0       0
  precision        0.01    0.01    0.01    0.01    0.01    0.01    0.01    0.01

FCTH35
  mean                0       0       0       0       0       0       0       0
  std. dev.      0.0017  0.0017  0.0017  0.0017  0.0017  0.0017  0.0017  0.0017
  weight sum         43     148      76      61      64      24       0       0
  precision        0.01    0.01    0.01    0.01    0.01    0.01    0.01    0.01

FCTH36
  mean                0       0       0       0       0       0       0       0
  std. dev.      0.0017  0.0017  0.0017  0.0017  0.0017  0.0017  0.0017  0.0017
  weight sum         43     148      76      61      64      24       0       0
  precision        0.01    0.01    0.01    0.01    0.01    0.01    0.01    0.01

FCTH37
  mean                0       0       0       0       0       0       0       0
  std. dev.      0.0017  0.0017  0.0017  0.0017  0.0017  0.0017  0.0017  0.0017
  weight sum         43     148      76      61      64      24       0       0
  precision        0.01    0.01    0.01    0.01    0.01    0.01    0.01    0.01

FCTH38
  mean                0       0       0       0       0       0       0       0
  std. dev.      0.0017  0.0017  0.0017  0.0017  0.0017  0.0017  0.0017  0.0017
  weight sum         43     148      76      61      64      24       0       0
  precision        0.01    0.01    0.01    0.01    0.01    0.01    0.01    0.01

FCTH39
  mean                0       0  0.0132  0.0164  0.0313       0       0       0
  std. dev.      0.1667  0.1667  0.1667  0.1667   0.174  0.1667  0.1667  0.1667
  weight sum         43     148      76      61      64      24       0       0
  precision           1       1       1       1       1       1       1       1

FCTH40
  mean                0       0       0       0       0       0       0       0
  std. dev.      0.0017  0.0017  0.0017  0.0017  0.0017  0.0017  0.0017  0.0017
  weight sum         43     148      76      61      64      24       0       0
  precision        0.01    0.01    0.01    0.01    0.01    0.01    0.01    0.01

FCTH41
  mean                0       0  0.0132  0.0328       0       0       0       0
  std. dev.      0.1667  0.1667  0.1667  0.1781  0.1667  0.1667  0.1667  0.1667
  weight sum         43     148      76      61      64      24       0       0
  precision           1       1       1       1       1       1       1       1

FCTH42
  mean           0.0233  0.0068  0.0263  0.0656  0.1563  0.0833       0       0
  std. dev.      0.1667  0.1667  0.1667  0.3067  0.4408  0.2764  0.1667  0.1667
  weight sum         43     148      76      61      64      24       0       0
  precision           1       1       1       1       1       1       1       1

FCTH43
  mean                0       0       0  0.0164       0       0       0       0
  std. dev.      0.1667  0.1667  0.1667  0.1667  0.1667  0.1667  0.1667  0.1667
  weight sum         43     148      76      61      64      24       0       0
  precision           1       1       1       1       1       1       1       1

FCTH44
  mean           0.0233       0  0.0395  0.1967       0  0.0833       0       0
  std. dev.      0.1667  0.1667  0.1947  0.5377  0.1667  0.2764  0.1667  0.1667
  weight sum         43     148      76      61      64      24       0       0
  precision           1       1       1       1       1       1       1       1

FCTH45
  mean           0.1163  0.0203  0.0395  0.0164       0       0       0       0
  std. dev.      0.3206  0.1667  0.1947  0.1667  0.1667  0.1667  0.1667  0.1667
  weight sum         43     148      76      61      64      24       0       0
  precision           1       1       1       1       1       1       1       1

FCTH46
  mean                0       0       0       0       0       0       0       0
  std. dev.      0.0017  0.0017  0.0017  0.0017  0.0017  0.0017  0.0017  0.0017
  weight sum         43     148      76      61      64      24       0       0
  precision        0.01    0.01    0.01    0.01    0.01    0.01    0.01    0.01

FCTH47
  mean           0.0233  0.0068  0.0789  0.0984  0.0313       0       0       0
  std. dev.      0.1667  0.1667  0.3147  0.2978   0.174  0.1667  0.1667  0.1667
  weight sum         43     148      76      61      64      24       0       0
  precision           1       1       1       1       1       1       1       1

FCTH48
  mean           0.0233       0  0.0132  0.1311       0       0       0       0
  std. dev.      0.1667  0.1667  0.1667  0.3376  0.1667  0.1667  0.1667  0.1667
  weight sum         43     148      76      61      64      24       0       0
  precision           1       1       1       1       1       1       1       1

FCTH49
  mean           0.0698  0.0135  0.3553   0.623  0.2188       0       0       0
  std. dev.      0.2548  0.1667  0.7201  0.9083   0.544  0.1667  0.1667  0.1667
  weight sum         43     148      76      61      64      24       0       0
  precision           1       1       1       1       1       1       1       1

FCTH50
  mean                0       0  0.0395  0.0328       0       0       0       0
  std. dev.      0.1667  0.1667  0.1947  0.1781  0.1667  0.1667  0.1667  0.1667
  weight sum         43     148      76      61      64      24       0       0
  precision           1       1       1       1       1       1       1       1

FCTH51
  mean           0.1163  0.0338  0.0658  0.1148       0       0       0       0
  std. dev.      0.3206  0.1807  0.2479  0.3187  0.1667  0.1667  0.1667  0.1667
  weight sum         43     148      76      61      64      24       0       0
  precision           1       1       1       1       1       1       1       1

FCTH52
  mean           0.0233       0  0.0263  0.0328       0       0       0       0
  std. dev.      0.1667  0.1667  0.1667  0.1781  0.1667  0.1667  0.1667  0.1667
  weight sum         43     148      76      61      64      24       0       0
  precision           1       1       1       1       1       1       1       1

FCTH53
  mean           0.0465       0  0.1184  0.0656       0       0       0       0
  std. dev.      0.2106  0.1667  0.3231  0.2475  0.1667  0.1667  0.1667  0.1667
  weight sum         43     148      76      61      64      24       0       0
  precision           1       1       1       1       1       1       1       1

FCTH54
  mean                0  0.0135       0   0.082       0       0       0       0
  std. dev.      0.1667  0.1667  0.1667  0.2743  0.1667  0.1667  0.1667  0.1667
  weight sum         43     148      76      61      64      24       0       0
  precision           1       1       1       1       1       1       1       1

FCTH55
  mean                0       0       0  0.0656       0       0       0       0
  std. dev.      0.1667  0.1667  0.1667  0.2475  0.1667  0.1667  0.1667  0.1667
  weight sum         43     148      76      61      64      24       0       0
  precision           1       1       1       1       1       1       1       1

FCTH56
  mean                0  0.0101  0.0197  0.0984       0       0       0       0
  std. dev.        0.25    0.25    0.25    0.46    0.25    0.25    0.25    0.25
  weight sum         43     148      76      61      64      24       0       0
  precision         1.5     1.5     1.5     1.5     1.5     1.5     1.5     1.5

FCTH57
  mean                0       0       0       0       0       0       0       0
  std. dev.      0.0017  0.0017  0.0017  0.0017  0.0017  0.0017  0.0017  0.0017
  weight sum         43     148      76      61      64      24       0       0
  precision        0.01    0.01    0.01    0.01    0.01    0.01    0.01    0.01

FCTH58
  mean                0       0       0  0.0164       0       0       0       0
  std. dev.      0.1667  0.1667  0.1667  0.1667  0.1667  0.1667  0.1667  0.1667
  weight sum         43     148      76      61      64      24       0       0
  precision           1       1       1       1       1       1       1       1

FCTH59
  mean                0       0       0       0       0       0       0       0
  std. dev.      0.0017  0.0017  0.0017  0.0017  0.0017  0.0017  0.0017  0.0017
  weight sum         43     148      76      61      64      24       0       0
  precision        0.01    0.01    0.01    0.01    0.01    0.01    0.01    0.01

FCTH60
  mean                0       0       0       0       0       0       0       0
  std. dev.      0.0017  0.0017  0.0017  0.0017  0.0017  0.0017  0.0017  0.0017
  weight sum         43     148      76      61      64      24       0       0
  precision        0.01    0.01    0.01    0.01    0.01    0.01    0.01    0.01

FCTH61
  mean                0       0       0       0       0       0       0       0
  std. dev.      0.0017  0.0017  0.0017  0.0017  0.0017  0.0017  0.0017  0.0017
  weight sum         43     148      76      61      64      24       0       0
  precision        0.01    0.01    0.01    0.01    0.01    0.01    0.01    0.01

FCTH62
  mean                0       0       0       0       0       0       0       0
  std. dev.      0.0017  0.0017  0.0017  0.0017  0.0017  0.0017  0.0017  0.0017
  weight sum         43     148      76      61      64      24       0       0
  precision        0.01    0.01    0.01    0.01    0.01    0.01    0.01    0.01

FCTH63
  mean                0       0       0  0.0328       0       0       0       0
  std. dev.      0.1667  0.1667  0.1667  0.1781  0.1667  0.1667  0.1667  0.1667
  weight sum         43     148      76      61      64      24       0       0
  precision           1       1       1       1       1       1       1       1

FCTH64
  mean                0       0       0       0       0       0       0       0
  std. dev.      0.0017  0.0017  0.0017  0.0017  0.0017  0.0017  0.0017  0.0017
  weight sum         43     148      76      61      64      24       0       0
  precision        0.01    0.01    0.01    0.01    0.01    0.01    0.01    0.01

FCTH65
  mean                0       0       0  0.0492       0       0       0       0
  std. dev.      0.1667  0.1667  0.1667   0.282  0.1667  0.1667  0.1667  0.1667
  weight sum         43     148      76      61      64      24       0       0
  precision           1       1       1       1       1       1       1       1

FCTH66
  mean                0       0  0.0132  0.0328       0       0       0       0
  std. dev.      0.1667  0.1667  0.1667  0.1781  0.1667  0.1667  0.1667  0.1667
  weight sum         43     148      76      61      64      24       0       0
  precision           1       1       1       1       1       1       1       1

FCTH67
  mean                0       0       0  0.0164       0       0       0       0
  std. dev.      0.1667  0.1667  0.1667  0.1667  0.1667  0.1667  0.1667  0.1667
  weight sum         43     148      76      61      64      24       0       0
  precision           1       1       1       1       1       1       1       1

FCTH68
  mean                0       0       0  0.1311       0       0       0       0
  std. dev.      0.1667  0.1667  0.1667  0.3376  0.1667  0.1667  0.1667  0.1667
  weight sum         43     148      76      61      64      24       0       0
  precision           1       1       1       1       1       1       1       1

FCTH69
  mean           0.0233       0       0  0.0164       0       0       0       0
  std. dev.      0.1667  0.1667  0.1667  0.1667  0.1667  0.1667  0.1667  0.1667
  weight sum         43     148      76      61      64      24       0       0
  precision           1       1       1       1       1       1       1       1

FCTH70
  mean                0       0       0       0       0       0       0       0
  std. dev.      0.0017  0.0017  0.0017  0.0017  0.0017  0.0017  0.0017  0.0017
  weight sum         43     148      76      61      64      24       0       0
  precision        0.01    0.01    0.01    0.01    0.01    0.01    0.01    0.01

FCTH71
  mean                0       0  0.0263  0.0164       0       0       0       0
  std. dev.      0.1667  0.1667  0.1667  0.1667  0.1667  0.1667  0.1667  0.1667
  weight sum         43     148      76      61      64      24       0       0
  precision           1       1       1       1       1       1       1       1

FCTH72
  mean                0       0       0       0       0       0       0       0
  std. dev.      0.0017  0.0017  0.0017  0.0017  0.0017  0.0017  0.0017  0.0017
  weight sum         43     148      76      61      64      24       0       0
  precision        0.01    0.01    0.01    0.01    0.01    0.01    0.01    0.01

FCTH73
  mean                0  0.0135  0.0526  0.1148  0.0313       0       0       0
  std. dev.      0.1667  0.1667   0.276  0.4472   0.174  0.1667  0.1667  0.1667
  weight sum         43     148      76      61      64      24       0       0
  precision           1       1       1       1       1       1       1       1

FCTH74
  mean                0       0       0  0.0164       0       0       0       0
  std. dev.      0.1667  0.1667  0.1667  0.1667  0.1667  0.1667  0.1667  0.1667
  weight sum         43     148      76      61      64      24       0       0
  precision           1       1       1       1       1       1       1       1

FCTH75
  mean                0       0  0.0263       0       0       0       0       0
  std. dev.      0.1667  0.1667  0.1667  0.1667  0.1667  0.1667  0.1667  0.1667
  weight sum         43     148      76      61      64      24       0       0
  precision           1       1       1       1       1       1       1       1

FCTH76
  mean                0       0       0       0       0       0       0       0
  std. dev.      0.0017  0.0017  0.0017  0.0017  0.0017  0.0017  0.0017  0.0017
  weight sum         43     148      76      61      64      24       0       0
  precision        0.01    0.01    0.01    0.01    0.01    0.01    0.01    0.01

FCTH77
  mean                0       0  0.0132       0       0       0       0       0
  std. dev.      0.1667  0.1667  0.1667  0.1667  0.1667  0.1667  0.1667  0.1667
  weight sum         43     148      76      61      64      24       0       0
  precision           1       1       1       1       1       1       1       1

FCTH78
  mean                0       0       0  0.0164       0       0       0       0
  std. dev.      0.1667  0.1667  0.1667  0.1667  0.1667  0.1667  0.1667  0.1667
  weight sum         43     148      76      61      64      24       0       0
  precision           1       1       1       1       1       1       1       1

FCTH79
  mean                0       0       0  0.0164       0       0       0       0
  std. dev.      0.1667  0.1667  0.1667  0.1667  0.1667  0.1667  0.1667  0.1667
  weight sum         43     148      76      61      64      24       0       0
  precision           1       1       1       1       1       1       1       1

FCTH80
  mean                0       0       0  0.0492       0       0       0       0
  std. dev.      0.1667  0.1667  0.1667   0.282  0.1667  0.1667  0.1667  0.1667
  weight sum         43     148      76      61      64      24       0       0
  precision           1       1       1       1       1       1       1       1

FCTH81
  mean                0       0       0       0       0       0       0       0
  std. dev.      0.0017  0.0017  0.0017  0.0017  0.0017  0.0017  0.0017  0.0017
  weight sum         43     148      76      61      64      24       0       0
  precision        0.01    0.01    0.01    0.01    0.01    0.01    0.01    0.01

FCTH82
  mean                0       0       0       0       0       0       0       0
  std. dev.      0.0017  0.0017  0.0017  0.0017  0.0017  0.0017  0.0017  0.0017
  weight sum         43     148      76      61      64      24       0       0
  precision        0.01    0.01    0.01    0.01    0.01    0.01    0.01    0.01

FCTH83
  mean                0       0       0       0       0       0       0       0
  std. dev.      0.0017  0.0017  0.0017  0.0017  0.0017  0.0017  0.0017  0.0017
  weight sum         43     148      76      61      64      24       0       0
  precision        0.01    0.01    0.01    0.01    0.01    0.01    0.01    0.01

FCTH84
  mean                0       0       0       0       0       0       0       0
  std. dev.      0.0017  0.0017  0.0017  0.0017  0.0017  0.0017  0.0017  0.0017
  weight sum         43     148      76      61      64      24       0       0
  precision        0.01    0.01    0.01    0.01    0.01    0.01    0.01    0.01

FCTH85
  mean                0       0       0       0       0       0       0       0
  std. dev.      0.0017  0.0017  0.0017  0.0017  0.0017  0.0017  0.0017  0.0017
  weight sum         43     148      76      61      64      24       0       0
  precision        0.01    0.01    0.01    0.01    0.01    0.01    0.01    0.01

FCTH86
  mean                0       0       0       0       0       0       0       0
  std. dev.      0.0017  0.0017  0.0017  0.0017  0.0017  0.0017  0.0017  0.0017
  weight sum         43     148      76      61      64      24       0       0
  precision        0.01    0.01    0.01    0.01    0.01    0.01    0.01    0.01

FCTH87
  mean                0       0       0       0       0       0       0       0
  std. dev.      0.0017  0.0017  0.0017  0.0017  0.0017  0.0017  0.0017  0.0017
  weight sum         43     148      76      61      64      24       0       0
  precision        0.01    0.01    0.01    0.01    0.01    0.01    0.01    0.01

FCTH88
  mean                0       0       0       0       0       0       0       0
  std. dev.      0.0017  0.0017  0.0017  0.0017  0.0017  0.0017  0.0017  0.0017
  weight sum         43     148      76      61      64      24       0       0
  precision        0.01    0.01    0.01    0.01    0.01    0.01    0.01    0.01

FCTH89
  mean                0       0       0  0.0164       0       0       0       0
  std. dev.      0.1667  0.1667  0.1667  0.1667  0.1667  0.1667  0.1667  0.1667
  weight sum         43     148      76      61      64      24       0       0
  precision           1       1       1       1       1       1       1       1

FCTH90
  mean                0       0       0       0       0       0       0       0
  std. dev.      0.0017  0.0017  0.0017  0.0017  0.0017  0.0017  0.0017  0.0017
  weight sum         43     148      76      61      64      24       0       0
  precision        0.01    0.01    0.01    0.01    0.01    0.01    0.01    0.01

FCTH91
  mean                0       0       0       0       0       0       0       0
  std. dev.      0.0017  0.0017  0.0017  0.0017  0.0017  0.0017  0.0017  0.0017
  weight sum         43     148      76      61      64      24       0       0
  precision        0.01    0.01    0.01    0.01    0.01    0.01    0.01    0.01

FCTH92
  mean                0       0       0       0       0       0       0       0
  std. dev.      0.0017  0.0017  0.0017  0.0017  0.0017  0.0017  0.0017  0.0017
  weight sum         43     148      76      61      64      24       0       0
  precision        0.01    0.01    0.01    0.01    0.01    0.01    0.01    0.01

FCTH93
  mean                0       0       0       0       0       0       0       0
  std. dev.      0.0017  0.0017  0.0017  0.0017  0.0017  0.0017  0.0017  0.0017
  weight sum         43     148      76      61      64      24       0       0
  precision        0.01    0.01    0.01    0.01    0.01    0.01    0.01    0.01

FCTH94
  mean                0       0       0       0       0       0       0       0
  std. dev.      0.0017  0.0017  0.0017  0.0017  0.0017  0.0017  0.0017  0.0017
  weight sum         43     148      76      61      64      24       0       0
  precision        0.01    0.01    0.01    0.01    0.01    0.01    0.01    0.01

FCTH95
  mean                0       0       0       0       0       0       0       0
  std. dev.      0.0017  0.0017  0.0017  0.0017  0.0017  0.0017  0.0017  0.0017
  weight sum         43     148      76      61      64      24       0       0
  precision        0.01    0.01    0.01    0.01    0.01    0.01    0.01    0.01

FCTH96
  mean                0       0       0       0       0       0       0       0
  std. dev.      0.0017  0.0017  0.0017  0.0017  0.0017  0.0017  0.0017  0.0017
  weight sum         43     148      76      61      64      24       0       0
  precision        0.01    0.01    0.01    0.01    0.01    0.01    0.01    0.01

FCTH97
  mean                0       0       0       0       0       0       0       0
  std. dev.      0.0017  0.0017  0.0017  0.0017  0.0017  0.0017  0.0017  0.0017
  weight sum         43     148      76      61      64      24       0       0
  precision        0.01    0.01    0.01    0.01    0.01    0.01    0.01    0.01

FCTH98
  mean                0       0       0       0       0       0       0       0
  std. dev.      0.0017  0.0017  0.0017  0.0017  0.0017  0.0017  0.0017  0.0017
  weight sum         43     148      76      61      64      24       0       0
  precision        0.01    0.01    0.01    0.01    0.01    0.01    0.01    0.01

FCTH99
  mean                0       0       0       0       0       0       0       0
  std. dev.      0.0017  0.0017  0.0017  0.0017  0.0017  0.0017  0.0017  0.0017
  weight sum         43     148      76      61      64      24       0       0
  precision        0.01    0.01    0.01    0.01    0.01    0.01    0.01    0.01

FCTH100
  mean                0       0       0       0       0       0       0       0
  std. dev.      0.0017  0.0017  0.0017  0.0017  0.0017  0.0017  0.0017  0.0017
  weight sum         43     148      76      61      64      24       0       0
  precision        0.01    0.01    0.01    0.01    0.01    0.01    0.01    0.01

FCTH101
  mean                0       0       0       0       0       0       0       0
  std. dev.      0.0017  0.0017  0.0017  0.0017  0.0017  0.0017  0.0017  0.0017
  weight sum         43     148      76      61      64      24       0       0
  precision        0.01    0.01    0.01    0.01    0.01    0.01    0.01    0.01

FCTH102
  mean                0       0       0       0       0       0       0       0
  std. dev.      0.0017  0.0017  0.0017  0.0017  0.0017  0.0017  0.0017  0.0017
  weight sum         43     148      76      61      64      24       0       0
  precision        0.01    0.01    0.01    0.01    0.01    0.01    0.01    0.01

FCTH103
  mean                0       0       0       0       0       0       0       0
  std. dev.      0.0017  0.0017  0.0017  0.0017  0.0017  0.0017  0.0017  0.0017
  weight sum         43     148      76      61      64      24       0       0
  precision        0.01    0.01    0.01    0.01    0.01    0.01    0.01    0.01

FCTH104
  mean                0       0       0       0       0       0       0       0
  std. dev.      0.0017  0.0017  0.0017  0.0017  0.0017  0.0017  0.0017  0.0017
  weight sum         43     148      76      61      64      24       0       0
  precision        0.01    0.01    0.01    0.01    0.01    0.01    0.01    0.01

FCTH105
  mean                0       0       0       0       0       0       0       0
  std. dev.      0.0017  0.0017  0.0017  0.0017  0.0017  0.0017  0.0017  0.0017
  weight sum         43     148      76      61      64      24       0       0
  precision        0.01    0.01    0.01    0.01    0.01    0.01    0.01    0.01

FCTH106
  mean                0       0       0       0       0       0       0       0
  std. dev.      0.0017  0.0017  0.0017  0.0017  0.0017  0.0017  0.0017  0.0017
  weight sum         43     148      76      61      64      24       0       0
  precision        0.01    0.01    0.01    0.01    0.01    0.01    0.01    0.01

FCTH107
  mean                0       0       0       0       0       0       0       0
  std. dev.      0.0017  0.0017  0.0017  0.0017  0.0017  0.0017  0.0017  0.0017
  weight sum         43     148      76      61      64      24       0       0
  precision        0.01    0.01    0.01    0.01    0.01    0.01    0.01    0.01

FCTH108
  mean                0       0       0       0       0       0       0       0
  std. dev.      0.0017  0.0017  0.0017  0.0017  0.0017  0.0017  0.0017  0.0017
  weight sum         43     148      76      61      64      24       0       0
  precision        0.01    0.01    0.01    0.01    0.01    0.01    0.01    0.01

FCTH109
  mean                0       0       0       0       0       0       0       0
  std. dev.      0.0017  0.0017  0.0017  0.0017  0.0017  0.0017  0.0017  0.0017
  weight sum         43     148      76      61      64      24       0       0
  precision        0.01    0.01    0.01    0.01    0.01    0.01    0.01    0.01

FCTH110
  mean                0       0       0       0       0       0       0       0
  std. dev.      0.0017  0.0017  0.0017  0.0017  0.0017  0.0017  0.0017  0.0017
  weight sum         43     148      76      61      64      24       0       0
  precision        0.01    0.01    0.01    0.01    0.01    0.01    0.01    0.01

FCTH111
  mean                0       0       0       0       0       0       0       0
  std. dev.      0.0017  0.0017  0.0017  0.0017  0.0017  0.0017  0.0017  0.0017
  weight sum         43     148      76      61      64      24       0       0
  precision        0.01    0.01    0.01    0.01    0.01    0.01    0.01    0.01

FCTH112
  mean                0       0       0       0       0       0       0       0
  std. dev.      0.0017  0.0017  0.0017  0.0017  0.0017  0.0017  0.0017  0.0017
  weight sum         43     148      76      61      64      24       0       0
  precision        0.01    0.01    0.01    0.01    0.01    0.01    0.01    0.01

FCTH113
  mean                0       0       0       0       0       0       0       0
  std. dev.      0.0017  0.0017  0.0017  0.0017  0.0017  0.0017  0.0017  0.0017
  weight sum         43     148      76      61      64      24       0       0
  precision        0.01    0.01    0.01    0.01    0.01    0.01    0.01    0.01

FCTH114
  mean                0       0       0       0       0       0       0       0
  std. dev.      0.0017  0.0017  0.0017  0.0017  0.0017  0.0017  0.0017  0.0017
  weight sum         43     148      76      61      64      24       0       0
  precision        0.01    0.01    0.01    0.01    0.01    0.01    0.01    0.01

FCTH115
  mean                0       0       0       0       0       0       0       0
  std. dev.      0.0017  0.0017  0.0017  0.0017  0.0017  0.0017  0.0017  0.0017
  weight sum         43     148      76      61      64      24       0       0
  precision        0.01    0.01    0.01    0.01    0.01    0.01    0.01    0.01

FCTH116
  mean                0       0       0       0       0       0       0       0
  std. dev.      0.0017  0.0017  0.0017  0.0017  0.0017  0.0017  0.0017  0.0017
  weight sum         43     148      76      61      64      24       0       0
  precision        0.01    0.01    0.01    0.01    0.01    0.01    0.01    0.01

FCTH117
  mean                0       0       0       0       0       0       0       0
  std. dev.      0.0017  0.0017  0.0017  0.0017  0.0017  0.0017  0.0017  0.0017
  weight sum         43     148      76      61      64      24       0       0
  precision        0.01    0.01    0.01    0.01    0.01    0.01    0.01    0.01

FCTH118
  mean                0       0       0       0       0       0       0       0
  std. dev.      0.0017  0.0017  0.0017  0.0017  0.0017  0.0017  0.0017  0.0017
  weight sum         43     148      76      61      64      24       0       0
  precision        0.01    0.01    0.01    0.01    0.01    0.01    0.01    0.01

FCTH119
  mean                0       0       0       0       0       0       0       0
  std. dev.      0.0017  0.0017  0.0017  0.0017  0.0017  0.0017  0.0017  0.0017
  weight sum         43     148      76      61      64      24       0       0
  precision        0.01    0.01    0.01    0.01    0.01    0.01    0.01    0.01

FCTH120
  mean                0       0       0       0       0       0       0       0
  std. dev.      0.0017  0.0017  0.0017  0.0017  0.0017  0.0017  0.0017  0.0017
  weight sum         43     148      76      61      64      24       0       0
  precision        0.01    0.01    0.01    0.01    0.01    0.01    0.01    0.01

FCTH121
  mean                0       0       0       0       0       0       0       0
  std. dev.      0.0017  0.0017  0.0017  0.0017  0.0017  0.0017  0.0017  0.0017
  weight sum         43     148      76      61      64      24       0       0
  precision        0.01    0.01    0.01    0.01    0.01    0.01    0.01    0.01

FCTH122
  mean                0       0       0       0       0       0       0       0
  std. dev.      0.0017  0.0017  0.0017  0.0017  0.0017  0.0017  0.0017  0.0017
  weight sum         43     148      76      61      64      24       0       0
  precision        0.01    0.01    0.01    0.01    0.01    0.01    0.01    0.01

FCTH123
  mean                0       0       0       0       0       0       0       0
  std. dev.      0.0017  0.0017  0.0017  0.0017  0.0017  0.0017  0.0017  0.0017
  weight sum         43     148      76      61      64      24       0       0
  precision        0.01    0.01    0.01    0.01    0.01    0.01    0.01    0.01

FCTH124
  mean                0       0       0       0       0       0       0       0
  std. dev.      0.0017  0.0017  0.0017  0.0017  0.0017  0.0017  0.0017  0.0017
  weight sum         43     148      76      61      64      24       0       0
  precision        0.01    0.01    0.01    0.01    0.01    0.01    0.01    0.01

FCTH125
  mean                0       0       0       0       0       0       0       0
  std. dev.      0.0017  0.0017  0.0017  0.0017  0.0017  0.0017  0.0017  0.0017
  weight sum         43     148      76      61      64      24       0       0
  precision        0.01    0.01    0.01    0.01    0.01    0.01    0.01    0.01

FCTH126
  mean                0       0       0       0       0       0       0       0
  std. dev.      0.0017  0.0017  0.0017  0.0017  0.0017  0.0017  0.0017  0.0017
  weight sum         43     148      76      61      64      24       0       0
  precision        0.01    0.01    0.01    0.01    0.01    0.01    0.01    0.01

FCTH127
  mean                0       0       0       0       0       0       0       0
  std. dev.      0.0017  0.0017  0.0017  0.0017  0.0017  0.0017  0.0017  0.0017
  weight sum         43     148      76      61      64      24       0       0
  precision        0.01    0.01    0.01    0.01    0.01    0.01    0.01    0.01

FCTH128
  mean                0       0       0       0       0       0       0       0
  std. dev.      0.0017  0.0017  0.0017  0.0017  0.0017  0.0017  0.0017  0.0017
  weight sum         43     148      76      61      64      24       0       0
  precision        0.01    0.01    0.01    0.01    0.01    0.01    0.01    0.01

FCTH129
  mean                0       0       0       0       0       0       0       0
  std. dev.      0.0017  0.0017  0.0017  0.0017  0.0017  0.0017  0.0017  0.0017
  weight sum         43     148      76      61      64      24       0       0
  precision        0.01    0.01    0.01    0.01    0.01    0.01    0.01    0.01

FCTH130
  mean                0       0       0       0       0       0       0       0
  std. dev.      0.0017  0.0017  0.0017  0.0017  0.0017  0.0017  0.0017  0.0017
  weight sum         43     148      76      61      64      24       0       0
  precision        0.01    0.01    0.01    0.01    0.01    0.01    0.01    0.01

FCTH131
  mean                0       0       0       0       0       0       0       0
  std. dev.      0.0017  0.0017  0.0017  0.0017  0.0017  0.0017  0.0017  0.0017
  weight sum         43     148      76      61      64      24       0       0
  precision        0.01    0.01    0.01    0.01    0.01    0.01    0.01    0.01

FCTH132
  mean                0       0       0       0       0       0       0       0
  std. dev.      0.0017  0.0017  0.0017  0.0017  0.0017  0.0017  0.0017  0.0017
  weight sum         43     148      76      61      64      24       0       0
  precision        0.01    0.01    0.01    0.01    0.01    0.01    0.01    0.01

FCTH133
  mean                0       0       0       0       0       0       0       0
  std. dev.      0.0017  0.0017  0.0017  0.0017  0.0017  0.0017  0.0017  0.0017
  weight sum         43     148      76      61      64      24       0       0
  precision        0.01    0.01    0.01    0.01    0.01    0.01    0.01    0.01

FCTH134
  mean                0       0       0       0       0       0       0       0
  std. dev.      0.0017  0.0017  0.0017  0.0017  0.0017  0.0017  0.0017  0.0017
  weight sum         43     148      76      61      64      24       0       0
  precision        0.01    0.01    0.01    0.01    0.01    0.01    0.01    0.01

FCTH135
  mean                0       0       0       0       0       0       0       0
  std. dev.      0.0017  0.0017  0.0017  0.0017  0.0017  0.0017  0.0017  0.0017
  weight sum         43     148      76      61      64      24       0       0
  precision        0.01    0.01    0.01    0.01    0.01    0.01    0.01    0.01

FCTH136
  mean                0       0       0       0       0       0       0       0
  std. dev.      0.0017  0.0017  0.0017  0.0017  0.0017  0.0017  0.0017  0.0017
  weight sum         43     148      76      61      64      24       0       0
  precision        0.01    0.01    0.01    0.01    0.01    0.01    0.01    0.01

FCTH137
  mean                0       0       0       0       0       0       0       0
  std. dev.      0.0017  0.0017  0.0017  0.0017  0.0017  0.0017  0.0017  0.0017
  weight sum         43     148      76      61      64      24       0       0
  precision        0.01    0.01    0.01    0.01    0.01    0.01    0.01    0.01

FCTH138
  mean                0       0       0       0       0       0       0       0
  std. dev.      0.0017  0.0017  0.0017  0.0017  0.0017  0.0017  0.0017  0.0017
  weight sum         43     148      76      61      64      24       0       0
  precision        0.01    0.01    0.01    0.01    0.01    0.01    0.01    0.01

FCTH139
  mean                0       0       0       0       0       0       0       0
  std. dev.      0.0017  0.0017  0.0017  0.0017  0.0017  0.0017  0.0017  0.0017
  weight sum         43     148      76      61      64      24       0       0
  precision        0.01    0.01    0.01    0.01    0.01    0.01    0.01    0.01

FCTH140
  mean                0       0       0       0       0       0       0       0
  std. dev.      0.0017  0.0017  0.0017  0.0017  0.0017  0.0017  0.0017  0.0017
  weight sum         43     148      76      61      64      24       0       0
  precision        0.01    0.01    0.01    0.01    0.01    0.01    0.01    0.01

FCTH141
  mean                0       0       0       0       0       0       0       0
  std. dev.      0.0017  0.0017  0.0017  0.0017  0.0017  0.0017  0.0017  0.0017
  weight sum         43     148      76      61      64      24       0       0
  precision        0.01    0.01    0.01    0.01    0.01    0.01    0.01    0.01

FCTH142
  mean                0       0       0       0       0       0       0       0
  std. dev.      0.0017  0.0017  0.0017  0.0017  0.0017  0.0017  0.0017  0.0017
  weight sum         43     148      76      61      64      24       0       0
  precision        0.01    0.01    0.01    0.01    0.01    0.01    0.01    0.01

FCTH143
  mean                0       0       0       0       0       0       0       0
  std. dev.      0.0017  0.0017  0.0017  0.0017  0.0017  0.0017  0.0017  0.0017
  weight sum         43     148      76      61      64      24       0       0
  precision        0.01    0.01    0.01    0.01    0.01    0.01    0.01    0.01

FCTH144
  mean                0       0       0       0       0       0       0       0
  std. dev.      0.0017  0.0017  0.0017  0.0017  0.0017  0.0017  0.0017  0.0017
  weight sum         43     148      76      61      64      24       0       0
  precision        0.01    0.01    0.01    0.01    0.01    0.01    0.01    0.01

FCTH145
  mean                0       0       0       0       0       0       0       0
  std. dev.      0.0017  0.0017  0.0017  0.0017  0.0017  0.0017  0.0017  0.0017
  weight sum         43     148      76      61      64      24       0       0
  precision        0.01    0.01    0.01    0.01    0.01    0.01    0.01    0.01

FCTH146
  mean                0       0       0       0       0       0       0       0
  std. dev.      0.0017  0.0017  0.0017  0.0017  0.0017  0.0017  0.0017  0.0017
  weight sum         43     148      76      61      64      24       0       0
  precision        0.01    0.01    0.01    0.01    0.01    0.01    0.01    0.01

FCTH147
  mean                0       0       0       0       0       0       0       0
  std. dev.      0.0017  0.0017  0.0017  0.0017  0.0017  0.0017  0.0017  0.0017
  weight sum         43     148      76      61      64      24       0       0
  precision        0.01    0.01    0.01    0.01    0.01    0.01    0.01    0.01

FCTH148
  mean                0       0       0       0       0       0       0       0
  std. dev.      0.0017  0.0017  0.0017  0.0017  0.0017  0.0017  0.0017  0.0017
  weight sum         43     148      76      61      64      24       0       0
  precision        0.01    0.01    0.01    0.01    0.01    0.01    0.01    0.01

FCTH149
  mean                0       0       0       0       0       0       0       0
  std. dev.      0.0017  0.0017  0.0017  0.0017  0.0017  0.0017  0.0017  0.0017
  weight sum         43     148      76      61      64      24       0       0
  precision        0.01    0.01    0.01    0.01    0.01    0.01    0.01    0.01

FCTH150
  mean                0       0       0       0       0       0       0       0
  std. dev.      0.0017  0.0017  0.0017  0.0017  0.0017  0.0017  0.0017  0.0017
  weight sum         43     148      76      61      64      24       0       0
  precision        0.01    0.01    0.01    0.01    0.01    0.01    0.01    0.01

FCTH151
  mean                0       0       0       0       0       0       0       0
  std. dev.      0.0017  0.0017  0.0017  0.0017  0.0017  0.0017  0.0017  0.0017
  weight sum         43     148      76      61      64      24       0       0
  precision        0.01    0.01    0.01    0.01    0.01    0.01    0.01    0.01

FCTH152
  mean                0       0       0       0       0       0       0       0
  std. dev.      0.0017  0.0017  0.0017  0.0017  0.0017  0.0017  0.0017  0.0017
  weight sum         43     148      76      61      64      24       0       0
  precision        0.01    0.01    0.01    0.01    0.01    0.01    0.01    0.01

FCTH153
  mean                0       0       0       0       0       0       0       0
  std. dev.      0.0017  0.0017  0.0017  0.0017  0.0017  0.0017  0.0017  0.0017
  weight sum         43     148      76      61      64      24       0       0
  precision        0.01    0.01    0.01    0.01    0.01    0.01    0.01    0.01

FCTH154
  mean                0       0       0       0       0       0       0       0
  std. dev.      0.0017  0.0017  0.0017  0.0017  0.0017  0.0017  0.0017  0.0017
  weight sum         43     148      76      61      64      24       0       0
  precision        0.01    0.01    0.01    0.01    0.01    0.01    0.01    0.01

FCTH155
  mean                0       0       0       0       0       0       0       0
  std. dev.      0.0017  0.0017  0.0017  0.0017  0.0017  0.0017  0.0017  0.0017
  weight sum         43     148      76      61      64      24       0       0
  precision        0.01    0.01    0.01    0.01    0.01    0.01    0.01    0.01

FCTH156
  mean                0       0       0       0       0       0       0       0
  std. dev.      0.0017  0.0017  0.0017  0.0017  0.0017  0.0017  0.0017  0.0017
  weight sum         43     148      76      61      64      24       0       0
  precision        0.01    0.01    0.01    0.01    0.01    0.01    0.01    0.01

FCTH157
  mean                0       0       0       0       0       0       0       0
  std. dev.      0.0017  0.0017  0.0017  0.0017  0.0017  0.0017  0.0017  0.0017
  weight sum         43     148      76      61      64      24       0       0
  precision        0.01    0.01    0.01    0.01    0.01    0.01    0.01    0.01

FCTH158
  mean                0       0       0       0       0       0       0       0
  std. dev.      0.0017  0.0017  0.0017  0.0017  0.0017  0.0017  0.0017  0.0017
  weight sum         43     148      76      61      64      24       0       0
  precision        0.01    0.01    0.01    0.01    0.01    0.01    0.01    0.01

FCTH159
  mean                0       0       0       0       0       0       0       0
  std. dev.      0.0017  0.0017  0.0017  0.0017  0.0017  0.0017  0.0017  0.0017
  weight sum         43     148      76      61      64      24       0       0
  precision        0.01    0.01    0.01    0.01    0.01    0.01    0.01    0.01

FCTH160
  mean                0       0       0       0       0       0       0       0
  std. dev.      0.0017  0.0017  0.0017  0.0017  0.0017  0.0017  0.0017  0.0017
  weight sum         43     148      76      61      64      24       0       0
  precision        0.01    0.01    0.01    0.01    0.01    0.01    0.01    0.01

FCTH161
  mean                0       0       0       0       0       0       0       0
  std. dev.      0.0017  0.0017  0.0017  0.0017  0.0017  0.0017  0.0017  0.0017
  weight sum         43     148      76      61      64      24       0       0
  precision        0.01    0.01    0.01    0.01    0.01    0.01    0.01    0.01

FCTH162
  mean                0       0       0       0       0       0       0       0
  std. dev.      0.0017  0.0017  0.0017  0.0017  0.0017  0.0017  0.0017  0.0017
  weight sum         43     148      76      61      64      24       0       0
  precision        0.01    0.01    0.01    0.01    0.01    0.01    0.01    0.01

FCTH163
  mean                0       0       0       0       0       0       0       0
  std. dev.      0.0017  0.0017  0.0017  0.0017  0.0017  0.0017  0.0017  0.0017
  weight sum         43     148      76      61      64      24       0       0
  precision        0.01    0.01    0.01    0.01    0.01    0.01    0.01    0.01

FCTH164
  mean                0       0       0       0       0       0       0       0
  std. dev.      0.0017  0.0017  0.0017  0.0017  0.0017  0.0017  0.0017  0.0017
  weight sum         43     148      76      61      64      24       0       0
  precision        0.01    0.01    0.01    0.01    0.01    0.01    0.01    0.01

FCTH165
  mean                0       0       0       0       0       0       0       0
  std. dev.      0.0017  0.0017  0.0017  0.0017  0.0017  0.0017  0.0017  0.0017
  weight sum         43     148      76      61      64      24       0       0
  precision        0.01    0.01    0.01    0.01    0.01    0.01    0.01    0.01

FCTH166
  mean                0       0       0       0       0       0       0       0
  std. dev.      0.0017  0.0017  0.0017  0.0017  0.0017  0.0017  0.0017  0.0017
  weight sum         43     148      76      61      64      24       0       0
  precision        0.01    0.01    0.01    0.01    0.01    0.01    0.01    0.01

FCTH167
  mean                0       0       0       0       0       0       0       0
  std. dev.      0.0017  0.0017  0.0017  0.0017  0.0017  0.0017  0.0017  0.0017
  weight sum         43     148      76      61      64      24       0       0
  precision        0.01    0.01    0.01    0.01    0.01    0.01    0.01    0.01

FCTH168
  mean                0       0       0       0       0       0       0       0
  std. dev.      0.0017  0.0017  0.0017  0.0017  0.0017  0.0017  0.0017  0.0017
  weight sum         43     148      76      61      64      24       0       0
  precision        0.01    0.01    0.01    0.01    0.01    0.01    0.01    0.01

FCTH169
  mean                0       0       0       0       0       0       0       0
  std. dev.      0.0017  0.0017  0.0017  0.0017  0.0017  0.0017  0.0017  0.0017
  weight sum         43     148      76      61      64      24       0       0
  precision        0.01    0.01    0.01    0.01    0.01    0.01    0.01    0.01

FCTH170
  mean                0       0       0       0       0       0       0       0
  std. dev.      0.0017  0.0017  0.0017  0.0017  0.0017  0.0017  0.0017  0.0017
  weight sum         43     148      76      61      64      24       0       0
  precision        0.01    0.01    0.01    0.01    0.01    0.01    0.01    0.01

FCTH171
  mean                0       0       0       0       0       0       0       0
  std. dev.      0.0017  0.0017  0.0017  0.0017  0.0017  0.0017  0.0017  0.0017
  weight sum         43     148      76      61      64      24       0       0
  precision        0.01    0.01    0.01    0.01    0.01    0.01    0.01    0.01

FCTH172
  mean                0       0       0       0       0       0       0       0
  std. dev.      0.0017  0.0017  0.0017  0.0017  0.0017  0.0017  0.0017  0.0017
  weight sum         43     148      76      61      64      24       0       0
  precision        0.01    0.01    0.01    0.01    0.01    0.01    0.01    0.01

FCTH173
  mean                0       0       0       0       0       0       0       0
  std. dev.      0.0017  0.0017  0.0017  0.0017  0.0017  0.0017  0.0017  0.0017
  weight sum         43     148      76      61      64      24       0       0
  precision        0.01    0.01    0.01    0.01    0.01    0.01    0.01    0.01

FCTH174
  mean                0       0       0       0       0       0       0       0
  std. dev.      0.0017  0.0017  0.0017  0.0017  0.0017  0.0017  0.0017  0.0017
  weight sum         43     148      76      61      64      24       0       0
  precision        0.01    0.01    0.01    0.01    0.01    0.01    0.01    0.01

FCTH175
  mean                0       0       0       0       0       0       0       0
  std. dev.      0.0017  0.0017  0.0017  0.0017  0.0017  0.0017  0.0017  0.0017
  weight sum         43     148      76      61      64      24       0       0
  precision        0.01    0.01    0.01    0.01    0.01    0.01    0.01    0.01

FCTH176
  mean                0       0       0       0       0       0       0       0
  std. dev.      0.0017  0.0017  0.0017  0.0017  0.0017  0.0017  0.0017  0.0017
  weight sum         43     148      76      61      64      24       0       0
  precision        0.01    0.01    0.01    0.01    0.01    0.01    0.01    0.01

FCTH177
  mean                0       0       0       0       0       0       0       0
  std. dev.      0.0017  0.0017  0.0017  0.0017  0.0017  0.0017  0.0017  0.0017
  weight sum         43     148      76      61      64      24       0       0
  precision        0.01    0.01    0.01    0.01    0.01    0.01    0.01    0.01

FCTH178
  mean                0       0       0       0       0       0       0       0
  std. dev.      0.0017  0.0017  0.0017  0.0017  0.0017  0.0017  0.0017  0.0017
  weight sum         43     148      76      61      64      24       0       0
  precision        0.01    0.01    0.01    0.01    0.01    0.01    0.01    0.01

FCTH179
  mean                0       0       0       0       0       0       0       0
  std. dev.      0.0017  0.0017  0.0017  0.0017  0.0017  0.0017  0.0017  0.0017
  weight sum         43     148      76      61      64      24       0       0
  precision        0.01    0.01    0.01    0.01    0.01    0.01    0.01    0.01

FCTH180
  mean                0       0       0       0       0       0       0       0
  std. dev.      0.0017  0.0017  0.0017  0.0017  0.0017  0.0017  0.0017  0.0017
  weight sum         43     148      76      61      64      24       0       0
  precision        0.01    0.01    0.01    0.01    0.01    0.01    0.01    0.01

FCTH181
  mean                0       0       0       0       0       0       0       0
  std. dev.      0.0017  0.0017  0.0017  0.0017  0.0017  0.0017  0.0017  0.0017
  weight sum         43     148      76      61      64      24       0       0
  precision        0.01    0.01    0.01    0.01    0.01    0.01    0.01    0.01

FCTH182
  mean                0       0       0       0       0       0       0       0
  std. dev.      0.0017  0.0017  0.0017  0.0017  0.0017  0.0017  0.0017  0.0017
  weight sum         43     148      76      61      64      24       0       0
  precision        0.01    0.01    0.01    0.01    0.01    0.01    0.01    0.01

FCTH183
  mean                0       0       0       0       0       0       0       0
  std. dev.      0.0017  0.0017  0.0017  0.0017  0.0017  0.0017  0.0017  0.0017
  weight sum         43     148      76      61      64      24       0       0
  precision        0.01    0.01    0.01    0.01    0.01    0.01    0.01    0.01

FCTH184
  mean                0       0       0       0       0       0       0       0
  std. dev.      0.0017  0.0017  0.0017  0.0017  0.0017  0.0017  0.0017  0.0017
  weight sum         43     148      76      61      64      24       0       0
  precision        0.01    0.01    0.01    0.01    0.01    0.01    0.01    0.01

FCTH185
  mean                0       0       0       0       0       0       0       0
  std. dev.      0.0017  0.0017  0.0017  0.0017  0.0017  0.0017  0.0017  0.0017
  weight sum         43     148      76      61      64      24       0       0
  precision        0.01    0.01    0.01    0.01    0.01    0.01    0.01    0.01

FCTH186
  mean                0       0       0       0       0       0       0       0
  std. dev.      0.0017  0.0017  0.0017  0.0017  0.0017  0.0017  0.0017  0.0017
  weight sum         43     148      76      61      64      24       0       0
  precision        0.01    0.01    0.01    0.01    0.01    0.01    0.01    0.01

FCTH187
  mean                0       0       0       0       0       0       0       0
  std. dev.      0.0017  0.0017  0.0017  0.0017  0.0017  0.0017  0.0017  0.0017
  weight sum         43     148      76      61      64      24       0       0
  precision        0.01    0.01    0.01    0.01    0.01    0.01    0.01    0.01

FCTH188
  mean                0       0       0       0       0       0       0       0
  std. dev.      0.0017  0.0017  0.0017  0.0017  0.0017  0.0017  0.0017  0.0017
  weight sum         43     148      76      61      64      24       0       0
  precision        0.01    0.01    0.01    0.01    0.01    0.01    0.01    0.01

FCTH189
  mean                0       0       0       0       0       0       0       0
  std. dev.      0.0017  0.0017  0.0017  0.0017  0.0017  0.0017  0.0017  0.0017
  weight sum         43     148      76      61      64      24       0       0
  precision        0.01    0.01    0.01    0.01    0.01    0.01    0.01    0.01

FCTH190
  mean                0       0       0       0       0       0       0       0
  std. dev.      0.0017  0.0017  0.0017  0.0017  0.0017  0.0017  0.0017  0.0017
  weight sum         43     148      76      61      64      24       0       0
  precision        0.01    0.01    0.01    0.01    0.01    0.01    0.01    0.01

FCTH191
  mean                0       0       0       0       0       0       0       0
  std. dev.      0.0017  0.0017  0.0017  0.0017  0.0017  0.0017  0.0017  0.0017
  weight sum         43     148      76      61      64      24       0       0
  precision        0.01    0.01    0.01    0.01    0.01    0.01    0.01    0.01



Time taken to build model: 0.16 seconds

Time taken to test model on training data: 0.11 seconds

=== Error on training data ===

Correctly Classified Instances         305               73.3173 %
Incorrectly Classified Instances       111               26.6827 %
Kappa statistic                          0.6539
Mean absolute error                      0.0706
Root mean squared error                  0.2429
Relative absolute error                 36.0719 %
Root relative squared error             77.7405 %
Total Number of Instances              416     


=== Detailed Accuracy By Class ===

                 TP Rate  FP Rate  Precision  Recall   F-Measure  MCC      ROC Area  PRC Area  Class
                 0.256    0.043    0.407      0.256    0.314      0.263    0.832     0.422     K1
                 0.818    0.153    0.747      0.818    0.781      0.652    0.915     0.803     K2
                 0.842    0.079    0.703      0.842    0.766      0.713    0.947     0.798     K3
                 0.541    0.056    0.623      0.541    0.579      0.514    0.913     0.704     K4
                 0.813    0.020    0.881      0.813    0.846      0.820    0.991     0.956     K5
                 1.000    0.000    1.000      1.000    1.000      1.000    1.000     1.000     K6
                 ?        0.000    ?          ?        ?          ?        ?         ?         K7
                 ?        0.000    ?          ?        ?          ?        ?         ?         K8
Weighted Avg.    0.733    0.085    0.721      0.733    0.723      0.649    0.928     0.783     


=== Confusion Matrix ===

   a   b   c   d   e   f   g   h   <-- classified as
  11  29   2   1   0   0   0   0 |   a = K1
  13 121   2   7   5   0   0   0 |   b = K2
   0   6  64   6   0   0   0   0 |   c = K3
   1   2  23  33   2   0   0   0 |   d = K4
   2   4   0   6  52   0   0   0 |   e = K5
   0   0   0   0   0  24   0   0 |   f = K6
   0   0   0   0   0   0   0   0 |   g = K7
   0   0   0   0   0   0   0   0 |   h = K8

Time taken to perform cross-validation: 0.15 seconds


=== Stratified cross-validation ===

Correctly Classified Instances         286               68.75   %
Incorrectly Classified Instances       130               31.25   %
Kappa statistic                          0.596 
Mean absolute error                      0.0829
Root mean squared error                  0.2656
Relative absolute error                 42.3535 %
Root relative squared error             84.9995 %
Total Number of Instances              416     


=== Detailed Accuracy By Class ===

                 TP Rate  FP Rate  Precision  Recall   F-Measure  MCC      ROC Area  PRC Area  Class
                 0.209    0.062    0.281      0.209    0.240      0.169    0.726     0.237     K1
                 0.777    0.160    0.728      0.777    0.752      0.608    0.878     0.695     K2
                 0.763    0.082    0.674      0.763    0.716      0.650    0.913     0.692     K3
                 0.492    0.070    0.545      0.492    0.517      0.440    0.858     0.602     K4
                 0.813    0.031    0.825      0.813    0.819      0.786    0.963     0.877     K5
                 0.917    0.000    1.000      0.917    0.957      0.955    1.000     1.000     K6
                 ?        0.000    ?          ?        ?          ?        ?         ?         K7
                 ?        0.000    ?          ?        ?          ?        ?         ?         K8
Weighted Avg.    0.688    0.094    0.676      0.688    0.680      0.593    0.886     0.679     


=== Confusion Matrix ===

   a   b   c   d   e   f   g   h   <-- classified as
   9  29   2   1   2   0   0   0 |   a = K1
  19 115   3   7   4   0   0   0 |   b = K2
   0   7  58  11   0   0   0   0 |   c = K3
   1   4  23  30   3   0   0   0 |   d = K4
   3   3   0   6  52   0   0   0 |   e = K5
   0   0   0   0   2  22   0   0 |   f = K6
   0   0   0   0   0   0   0   0 |   g = K7
   0   0   0   0   0   0   0   0 |   h = K8

