
=== Classifier model (full training set) ===

Naive Bayes Classifier

                     Class
Attribute               K1      K2      K3      K4      K5      K6
                     (0.1)  (0.35)  (0.18)  (0.15)  (0.15)  (0.06)
===================================================================
Gabor Features0
  mean               7.7007  7.5423  6.5316  7.8835  8.5424  5.4034
  std. dev.          3.2966  3.9478  2.1647  3.3686  2.2776  1.6039
  weight sum             43     148      76      61      64      24
  precision          0.0457  0.0457  0.0457  0.0457  0.0457  0.0457

Gabor Features1
  mean               0.0603  0.0529  0.0891  0.0957  0.0798  0.0671
  std. dev.          0.0244  0.0276  0.0511  0.0588  0.0167   0.014
  weight sum             43     148      76      61      64      24
  precision           0.001   0.001   0.001   0.001   0.001   0.001

Gabor Features2
  mean               7.7033  7.5448  6.5338  7.8861  8.5453  5.4052
  std. dev.          3.2978  3.9491  2.1655  3.3698  2.2783  1.6045
  weight sum             43     148      76      61      64      24
  precision          0.0458  0.0458  0.0458  0.0458  0.0458  0.0458

Gabor Features3
  mean               0.0604  0.0529  0.0891  0.0957  0.0798  0.0671
  std. dev.          0.0244  0.0276  0.0511  0.0588  0.0168   0.014
  weight sum             43     148      76      61      64      24
  precision           0.001   0.001   0.001   0.001   0.001   0.001

Gabor Features4
  mean               7.7033  7.5448  6.5338  7.8861  8.5453  5.4052
  std. dev.          3.2978  3.9491  2.1655  3.3698  2.2783  1.6045
  weight sum             43     148      76      61      64      24
  precision          0.0458  0.0458  0.0458  0.0458  0.0458  0.0458

Gabor Features5
  mean               0.0604  0.0529  0.0891  0.0957  0.0798  0.0671
  std. dev.          0.0244  0.0276  0.0511  0.0588  0.0168   0.014
  weight sum             43     148      76      61      64      24
  precision           0.001   0.001   0.001   0.001   0.001   0.001

Gabor Features6
  mean               7.7007  7.5423  6.5316  7.8835  8.5424  5.4034
  std. dev.          3.2966  3.9478  2.1647  3.3686  2.2776  1.6039
  weight sum             43     148      76      61      64      24
  precision          0.0457  0.0457  0.0457  0.0457  0.0457  0.0457

Gabor Features7
  mean               0.0603  0.0529  0.0891  0.0957  0.0798  0.0671
  std. dev.          0.0244  0.0276  0.0511  0.0588  0.0167   0.014
  weight sum             43     148      76      61      64      24
  precision           0.001   0.001   0.001   0.001   0.001   0.001

Gabor Features8
  mean               7.7033  7.5448  6.5338  7.8861  8.5453  5.4052
  std. dev.          3.2978  3.9491  2.1655  3.3698  2.2783  1.6045
  weight sum             43     148      76      61      64      24
  precision          0.0458  0.0458  0.0458  0.0458  0.0458  0.0458

Gabor Features9
  mean               0.0604  0.0529  0.0891  0.0957  0.0798  0.0671
  std. dev.          0.0244  0.0276  0.0511  0.0588  0.0168   0.014
  weight sum             43     148      76      61      64      24
  precision           0.001   0.001   0.001   0.001   0.001   0.001

Gabor Features10
  mean               7.7033  7.5448  6.5338  7.8861  8.5453  5.4052
  std. dev.          3.2978  3.9491  2.1655  3.3698  2.2783  1.6045
  weight sum             43     148      76      61      64      24
  precision          0.0458  0.0458  0.0458  0.0458  0.0458  0.0458

Gabor Features11
  mean               0.0604  0.0529  0.0891  0.0957  0.0798  0.0671
  std. dev.          0.0244  0.0276  0.0511  0.0588  0.0168   0.014
  weight sum             43     148      76      61      64      24
  precision           0.001   0.001   0.001   0.001   0.001   0.001

Gabor Features12
  mean               7.9583  7.7946  6.7501  8.1472  8.8282  5.5841
  std. dev.          3.4069  4.0798  2.2371  3.4813  2.3537  1.6576
  weight sum             43     148      76      61      64      24
  precision          0.0473  0.0473  0.0473  0.0473  0.0473  0.0473

Gabor Features13
  mean               0.0624  0.0547  0.0921  0.0989  0.0825  0.0693
  std. dev.          0.0252  0.0285  0.0528  0.0607  0.0173  0.0145
  weight sum             43     148      76      61      64      24
  precision          0.0011  0.0011  0.0011  0.0011  0.0011  0.0011

Gabor Features14
  mean                7.961  7.7972  6.7523  8.1499  8.8312   5.586
  std. dev.          3.4081  4.0812  2.2379  3.4825  2.3545  1.6582
  weight sum             43     148      76      61      64      24
  precision          0.0473  0.0473  0.0473  0.0473  0.0473  0.0473

Gabor Features15
  mean               0.0624  0.0547  0.0921   0.099  0.0825  0.0692
  std. dev.          0.0252  0.0284  0.0527  0.0608  0.0174  0.0144
  weight sum             43     148      76      61      64      24
  precision           0.001   0.001   0.001   0.001   0.001   0.001

Gabor Features16
  mean                7.961  7.7972  6.7523  8.1499  8.8312   5.586
  std. dev.          3.4081  4.0812  2.2379  3.4825  2.3545  1.6582
  weight sum             43     148      76      61      64      24
  precision          0.0473  0.0473  0.0473  0.0473  0.0473  0.0473

Gabor Features17
  mean               0.0624  0.0547  0.0921   0.099  0.0825  0.0692
  std. dev.          0.0252  0.0284  0.0527  0.0608  0.0174  0.0144
  weight sum             43     148      76      61      64      24
  precision           0.001   0.001   0.001   0.001   0.001   0.001

Gabor Features18
  mean               7.9583  7.7946  6.7501  8.1472  8.8282  5.5841
  std. dev.          3.4069  4.0798  2.2371  3.4813  2.3537  1.6576
  weight sum             43     148      76      61      64      24
  precision          0.0473  0.0473  0.0473  0.0473  0.0473  0.0473

Gabor Features19
  mean               0.0624  0.0547  0.0921  0.0989  0.0825  0.0693
  std. dev.          0.0252  0.0285  0.0528  0.0607  0.0173  0.0145
  weight sum             43     148      76      61      64      24
  precision          0.0011  0.0011  0.0011  0.0011  0.0011  0.0011

Gabor Features20
  mean                7.961  7.7972  6.7523  8.1499  8.8312   5.586
  std. dev.          3.4081  4.0812  2.2379  3.4825  2.3545  1.6582
  weight sum             43     148      76      61      64      24
  precision          0.0473  0.0473  0.0473  0.0473  0.0473  0.0473

Gabor Features21
  mean               0.0624  0.0547  0.0921   0.099  0.0825  0.0692
  std. dev.          0.0252  0.0284  0.0527  0.0608  0.0174  0.0144
  weight sum             43     148      76      61      64      24
  precision           0.001   0.001   0.001   0.001   0.001   0.001

Gabor Features22
  mean                7.961  7.7972  6.7523  8.1499  8.8312   5.586
  std. dev.          3.4081  4.0812  2.2379  3.4825  2.3545  1.6582
  weight sum             43     148      76      61      64      24
  precision          0.0473  0.0473  0.0473  0.0473  0.0473  0.0473

Gabor Features23
  mean               0.0624  0.0547  0.0921   0.099  0.0825  0.0692
  std. dev.          0.0252  0.0284  0.0527  0.0608  0.0174  0.0144
  weight sum             43     148      76      61      64      24
  precision           0.001   0.001   0.001   0.001   0.001   0.001

Gabor Features24
  mean                7.951  7.7874  6.7438  8.1397    8.82  5.5789
  std. dev.          3.4038   4.076  2.2351  3.4781  2.3516  1.6561
  weight sum             43     148      76      61      64      24
  precision          0.0472  0.0472  0.0472  0.0472  0.0472  0.0472

Gabor Features25
  mean               0.0623  0.0546   0.092  0.0988  0.0824  0.0693
  std. dev.          0.0252  0.0285  0.0527  0.0607  0.0173  0.0145
  weight sum             43     148      76      61      64      24
  precision           0.001   0.001   0.001   0.001   0.001   0.001

Gabor Features26
  mean               7.9536    7.79  6.7461  8.1424   8.823  5.5808
  std. dev.          3.4049  4.0774  2.2358  3.4793  2.3524  1.6566
  weight sum             43     148      76      61      64      24
  precision          0.0472  0.0472  0.0472  0.0472  0.0472  0.0472

Gabor Features27
  mean               0.0623  0.0547   0.092  0.0989  0.0824  0.0693
  std. dev.          0.0252  0.0285  0.0527  0.0607  0.0173  0.0145
  weight sum             43     148      76      61      64      24
  precision           0.001   0.001   0.001   0.001   0.001   0.001

Gabor Features28
  mean               7.9536    7.79  6.7461  8.1424   8.823  5.5808
  std. dev.          3.4049  4.0774  2.2358  3.4793  2.3524  1.6566
  weight sum             43     148      76      61      64      24
  precision          0.0472  0.0472  0.0472  0.0472  0.0472  0.0472

Gabor Features29
  mean               0.0623  0.0547   0.092  0.0989  0.0824  0.0693
  std. dev.          0.0252  0.0285  0.0527  0.0607  0.0173  0.0145
  weight sum             43     148      76      61      64      24
  precision           0.001   0.001   0.001   0.001   0.001   0.001

Gabor Features30
  mean                7.951  7.7874  6.7438  8.1397    8.82  5.5789
  std. dev.          3.4038   4.076  2.2351  3.4781  2.3516  1.6561
  weight sum             43     148      76      61      64      24
  precision          0.0472  0.0472  0.0472  0.0472  0.0472  0.0472

Gabor Features31
  mean               0.0623  0.0546   0.092  0.0988  0.0824  0.0693
  std. dev.          0.0252  0.0285  0.0527  0.0607  0.0173  0.0145
  weight sum             43     148      76      61      64      24
  precision           0.001   0.001   0.001   0.001   0.001   0.001

Gabor Features32
  mean               7.9536    7.79  6.7461  8.1424   8.823  5.5808
  std. dev.          3.4049  4.0774  2.2358  3.4793  2.3524  1.6566
  weight sum             43     148      76      61      64      24
  precision          0.0472  0.0472  0.0472  0.0472  0.0472  0.0472

Gabor Features33
  mean               0.0623  0.0547   0.092  0.0989  0.0824  0.0693
  std. dev.          0.0252  0.0285  0.0527  0.0607  0.0173  0.0145
  weight sum             43     148      76      61      64      24
  precision           0.001   0.001   0.001   0.001   0.001   0.001

Gabor Features34
  mean               7.9536    7.79  6.7461  8.1424   8.823  5.5808
  std. dev.          3.4049  4.0774  2.2358  3.4793  2.3524  1.6566
  weight sum             43     148      76      61      64      24
  precision          0.0472  0.0472  0.0472  0.0472  0.0472  0.0472

Gabor Features35
  mean               0.0623  0.0547   0.092  0.0989  0.0824  0.0693
  std. dev.          0.0252  0.0285  0.0527  0.0607  0.0173  0.0145
  weight sum             43     148      76      61      64      24
  precision           0.001   0.001   0.001   0.001   0.001   0.001

Gabor Features36
  mean               7.9301  7.7669  6.7261  8.1183  8.7969  5.5643
  std. dev.          3.3948  4.0654  2.2292   3.469  2.3454  1.6517
  weight sum             43     148      76      61      64      24
  precision          0.0471  0.0471  0.0471  0.0471  0.0471  0.0471

Gabor Features37
  mean               0.0621  0.0545  0.0918  0.0986  0.0822  0.0691
  std. dev.          0.0251  0.0284  0.0526  0.0605  0.0172  0.0144
  weight sum             43     148      76      61      64      24
  precision           0.001   0.001   0.001   0.001   0.001   0.001

Gabor Features38
  mean               7.9328  7.7696  6.7284   8.121  8.7999  5.5662
  std. dev.           3.396  4.0667    2.23  3.4702  2.3462  1.6523
  weight sum             43     148      76      61      64      24
  precision          0.0471  0.0471  0.0471  0.0471  0.0471  0.0471

Gabor Features39
  mean               0.0622  0.0545  0.0918  0.0986  0.0822  0.0691
  std. dev.          0.0251  0.0284  0.0526  0.0605  0.0172  0.0144
  weight sum             43     148      76      61      64      24
  precision           0.001   0.001   0.001   0.001   0.001   0.001

Gabor Features40
  mean               7.9328  7.7696  6.7284   8.121  8.7999  5.5662
  std. dev.           3.396  4.0667    2.23  3.4702  2.3462  1.6523
  weight sum             43     148      76      61      64      24
  precision          0.0471  0.0471  0.0471  0.0471  0.0471  0.0471

Gabor Features41
  mean               0.0622  0.0545  0.0918  0.0986  0.0822  0.0691
  std. dev.          0.0251  0.0284  0.0526  0.0605  0.0172  0.0144
  weight sum             43     148      76      61      64      24
  precision           0.001   0.001   0.001   0.001   0.001   0.001

Gabor Features42
  mean               7.9301  7.7669  6.7261  8.1183  8.7969  5.5643
  std. dev.          3.3948  4.0654  2.2292   3.469  2.3454  1.6517
  weight sum             43     148      76      61      64      24
  precision          0.0471  0.0471  0.0471  0.0471  0.0471  0.0471

Gabor Features43
  mean               0.0621  0.0545  0.0918  0.0986  0.0822  0.0691
  std. dev.          0.0251  0.0284  0.0526  0.0605  0.0172  0.0144
  weight sum             43     148      76      61      64      24
  precision           0.001   0.001   0.001   0.001   0.001   0.001

Gabor Features44
  mean               7.9328  7.7696  6.7284   8.121  8.7999  5.5662
  std. dev.           3.396  4.0667    2.23  3.4702  2.3462  1.6523
  weight sum             43     148      76      61      64      24
  precision          0.0471  0.0471  0.0471  0.0471  0.0471  0.0471

Gabor Features45
  mean               0.0622  0.0545  0.0918  0.0986  0.0822  0.0691
  std. dev.          0.0251  0.0284  0.0526  0.0605  0.0172  0.0144
  weight sum             43     148      76      61      64      24
  precision           0.001   0.001   0.001   0.001   0.001   0.001

Gabor Features46
  mean               7.9328  7.7696  6.7284   8.121  8.7999  5.5662
  std. dev.           3.396  4.0667    2.23  3.4702  2.3462  1.6523
  weight sum             43     148      76      61      64      24
  precision          0.0471  0.0471  0.0471  0.0471  0.0471  0.0471

Gabor Features47
  mean               0.0622  0.0545  0.0918  0.0986  0.0822  0.0691
  std. dev.          0.0251  0.0284  0.0526  0.0605  0.0172  0.0144
  weight sum             43     148      76      61      64      24
  precision           0.001   0.001   0.001   0.001   0.001   0.001

Gabor Features48
  mean               7.8708  7.7089  6.6759  8.0576  8.7311  5.5227
  std. dev.          3.3695   4.035  2.2126  3.4431  2.3279  1.6394
  weight sum             43     148      76      61      64      24
  precision          0.0468  0.0468  0.0468  0.0468  0.0468  0.0468

Gabor Features49
  mean               0.0617  0.0541  0.0911  0.0978  0.0816  0.0686
  std. dev.          0.0249  0.0282  0.0522  0.0601  0.0171  0.0143
  weight sum             43     148      76      61      64      24
  precision           0.001   0.001   0.001   0.001   0.001   0.001

Gabor Features50
  mean               7.8735  7.7115  6.6781  8.0603  8.7341  5.5246
  std. dev.          3.3706  4.0363  2.2133  3.4442  2.3287  1.6399
  weight sum             43     148      76      61      64      24
  precision          0.0468  0.0468  0.0468  0.0468  0.0468  0.0468

Gabor Features51
  mean               0.0617  0.0541  0.0911  0.0979  0.0816  0.0686
  std. dev.          0.0249  0.0282  0.0522  0.0601  0.0171  0.0143
  weight sum             43     148      76      61      64      24
  precision           0.001   0.001   0.001   0.001   0.001   0.001

Gabor Features52
  mean               7.8735  7.7115  6.6781  8.0603  8.7341  5.5246
  std. dev.          3.3706  4.0363  2.2133  3.4442  2.3287  1.6399
  weight sum             43     148      76      61      64      24
  precision          0.0468  0.0468  0.0468  0.0468  0.0468  0.0468

Gabor Features53
  mean               0.0617  0.0541  0.0911  0.0979  0.0816  0.0686
  std. dev.          0.0249  0.0282  0.0522  0.0601  0.0171  0.0143
  weight sum             43     148      76      61      64      24
  precision           0.001   0.001   0.001   0.001   0.001   0.001

Gabor Features54
  mean               7.8708  7.7089  6.6759  8.0576  8.7311  5.5227
  std. dev.          3.3695   4.035  2.2126  3.4431  2.3279  1.6394
  weight sum             43     148      76      61      64      24
  precision          0.0468  0.0468  0.0468  0.0468  0.0468  0.0468

Gabor Features55
  mean               0.0617  0.0541  0.0911  0.0978  0.0816  0.0686
  std. dev.          0.0249  0.0282  0.0522  0.0601  0.0171  0.0143
  weight sum             43     148      76      61      64      24
  precision           0.001   0.001   0.001   0.001   0.001   0.001

Gabor Features56
  mean               7.8735  7.7115  6.6781  8.0603  8.7341  5.5246
  std. dev.          3.3706  4.0363  2.2133  3.4442  2.3287  1.6399
  weight sum             43     148      76      61      64      24
  precision          0.0468  0.0468  0.0468  0.0468  0.0468  0.0468

Gabor Features57
  mean               0.0617  0.0541  0.0911  0.0979  0.0816  0.0686
  std. dev.          0.0249  0.0282  0.0522  0.0601  0.0171  0.0143
  weight sum             43     148      76      61      64      24
  precision           0.001   0.001   0.001   0.001   0.001   0.001

Gabor Features58
  mean               7.8735  7.7115  6.6781  8.0603  8.7341  5.5246
  std. dev.          3.3706  4.0363  2.2133  3.4442  2.3287  1.6399
  weight sum             43     148      76      61      64      24
  precision          0.0468  0.0468  0.0468  0.0468  0.0468  0.0468

Gabor Features59
  mean               0.0617  0.0541  0.0911  0.0979  0.0816  0.0686
  std. dev.          0.0249  0.0282  0.0522  0.0601  0.0171  0.0143
  weight sum             43     148      76      61      64      24
  precision           0.001   0.001   0.001   0.001   0.001   0.001



Time taken to build model: 0.2 seconds

Time taken to test model on training data: 0.06 seconds

=== Error on training data ===

Correctly Classified Instances         166               39.9038 %
Incorrectly Classified Instances       250               60.0962 %
Kappa statistic                          0.266 
Mean absolute error                      0.2008
Root mean squared error                  0.4426
Relative absolute error                 77.0593 %
Root relative squared error            122.6956 %
Total Number of Instances              416     


=== Detailed Accuracy By Class ===

                 TP Rate  FP Rate  Precision  Recall   F-Measure  MCC      ROC Area  PRC Area  Class
                 0.116    0.019    0.417      0.116    0.182      0.177    0.623     0.204     K1
                 0.507    0.104    0.728      0.507    0.598      0.446    0.803     0.691     K2
                 0.132    0.035    0.455      0.132    0.204      0.166    0.586     0.258     K3
                 0.246    0.065    0.395      0.246    0.303      0.222    0.562     0.314     K4
                 0.719    0.284    0.315      0.719    0.438      0.329    0.788     0.375     K5
                 0.625    0.204    0.158      0.625    0.252      0.234    0.854     0.355     K6
Weighted Avg.    0.399    0.111    0.501      0.399    0.395      0.304    0.710     0.438     


=== Confusion Matrix ===

  a  b  c  d  e  f   <-- classified as
  5 15  0  1 18  4 |  a = K1
  7 75  1  8 35 22 |  b = K2
  0  4 10 10 21 31 |  c = K3
  0  6  7 15 18 15 |  d = K4
  0  2  4  4 46  8 |  e = K5
  0  1  0  0  8 15 |  f = K6

Time taken to perform cross-validation: 0.08 seconds


=== Stratified cross-validation ===

Correctly Classified Instances         160               38.4615 %
Incorrectly Classified Instances       256               61.5385 %
Kappa statistic                          0.2515
Mean absolute error                      0.2062
Root mean squared error                  0.4483
Relative absolute error                 79.1287 %
Root relative squared error            124.2469 %
Total Number of Instances              416     


=== Detailed Accuracy By Class ===

                 TP Rate  FP Rate  Precision  Recall   F-Measure  MCC      ROC Area  PRC Area  Class
                 0.093    0.027    0.286      0.093    0.140      0.112    0.548     0.162     K1
                 0.493    0.093    0.745      0.493    0.593      0.451    0.785     0.632     K2
                 0.105    0.038    0.381      0.105    0.165      0.118    0.559     0.230     K3
                 0.230    0.062    0.389      0.230    0.289      0.211    0.534     0.273     K4
                 0.719    0.293    0.309      0.719    0.432      0.321    0.767     0.316     K5
                 0.625    0.212    0.153      0.625    0.246      0.227    0.835     0.311     K6
Weighted Avg.    0.385    0.109    0.477      0.385    0.379      0.287    0.683     0.390     


=== Confusion Matrix ===

  a  b  c  d  e  f   <-- classified as
  4 15  0  1 18  5 |  a = K1
  9 73  1  6 37 22 |  b = K2
  1  2  8 11 22 32 |  c = K3
  0  5  8 14 18 16 |  d = K4
  0  2  4  4 46  8 |  e = K5
  0  1  0  0  8 15 |  f = K6

