
=== Classifier model (full training set) ===

Naive Bayes Classifier

                           Class
Attribute                     K1       K2       K3       K4       K5       K6       K7       K8
                           (0.1)   (0.35)   (0.18)   (0.15)   (0.15)   (0.06)      (0)      (0)
================================================================================================
RGB Color Histogram0
  mean                    142.093 136.6824    243.5  238.377  90.5938 172.4583        0        0
  std. dev.              105.1227 102.4184  28.8383  31.0833  83.6157   93.463   0.0017   0.0017
  weight sum                   43      148       76       61       64       24        0        0
  precision                  0.01     0.01     0.01     0.01     0.01     0.01     0.01     0.01

RGB Color Histogram1
  mean                     6.4651   6.7095   1.9868   3.4426  35.8281   89.125        0        0
  std. dev.                8.3118   12.081   4.1406   6.0314  66.3934  85.2879   0.0017   0.0017
  weight sum                   43      148       76       61       64       24        0        0
  precision                  0.01     0.01     0.01     0.01     0.01     0.01     0.01     0.01

RGB Color Histogram2
  mean                          0        0        0        0   9.9375  27.5833        0        0
  std. dev.                0.0017   0.0017   0.0017   0.0017  24.6956  45.6426   0.0017   0.0017
  weight sum                   43      148       76       61       64       24        0        0
  precision                  0.01     0.01     0.01     0.01     0.01     0.01     0.01     0.01

RGB Color Histogram3
  mean                          0        0        0        0   0.7813        0        0        0
  std. dev.                0.0017   0.0017   0.0017   0.0017   3.1098   0.0017   0.0017   0.0017
  weight sum                   43      148       76       61       64       24        0        0
  precision                  0.01     0.01     0.01     0.01     0.01     0.01     0.01     0.01

RGB Color Histogram4
  mean                     2.3721   0.1216   0.2895   0.7213   8.2031  22.5417        0        0
  std. dev.                8.1098   0.5054   0.8708   1.4387  10.8126   14.623   0.0017   0.0017
  weight sum                   43      148       76       61       64       24        0        0
  precision                  0.01     0.01     0.01     0.01     0.01     0.01     0.01     0.01

RGB Color Histogram5
  mean                     3.9535   1.9797   2.9079   2.9672  18.4063  71.8333        0        0
  std. dev.                8.2602   6.5538   3.1755   3.7063   42.544  72.5837   0.0017   0.0017
  weight sum                   43      148       76       61       64       24        0        0
  precision                  0.01     0.01     0.01     0.01     0.01     0.01     0.01     0.01

RGB Color Histogram6
  mean                     0.2558   0.0135        0   0.0328   41.875    170.5        0        0
  std. dev.                1.6579   0.1638   0.0017    0.254    51.79  80.0599   0.0017   0.0017
  weight sum                   43      148       76       61       64       24        0        0
  precision                  0.01     0.01     0.01     0.01     0.01     0.01     0.01     0.01

RGB Color Histogram7
  mean                          0        0        0        0     29.5   3.3333        0        0
  std. dev.                0.0017   0.0017   0.0017   0.0017  58.2194   5.8642   0.0017   0.0017
  weight sum                   43      148       76       61       64       24        0        0
  precision                  0.01     0.01     0.01     0.01     0.01     0.01     0.01     0.01

RGB Color Histogram8
  mean                          0        0        0        0        0        0        0        0
  std. dev.                0.0017   0.0017   0.0017   0.0017   0.0017   0.0017   0.0017   0.0017
  weight sum                   43      148       76       61       64       24        0        0
  precision                  0.01     0.01     0.01     0.01     0.01     0.01     0.01     0.01

RGB Color Histogram9
  mean                          0        0   0.0132   0.0328        0        0        0        0
  std. dev.                0.0017   0.0017    0.114    0.254   0.0017   0.0017   0.0017   0.0017
  weight sum                   43      148       76       61       64       24        0        0
  precision                  0.01     0.01     0.01     0.01     0.01     0.01     0.01     0.01

RGB Color Histogram10
  mean                          0        0   0.0658    0.082   0.0625        0        0        0
  std. dev.                0.0017   0.0017   0.2963   0.3753   0.2421   0.0017   0.0017   0.0017
  weight sum                   43      148       76       61       64       24        0        0
  precision                  0.01     0.01     0.01     0.01     0.01     0.01     0.01     0.01

RGB Color Histogram11
  mean                          0        0        0        0  11.1875   2.3333        0        0
  std. dev.                0.0017   0.0017   0.0017   0.0017  27.7398   3.6132   0.0017   0.0017
  weight sum                   43      148       76       61       64       24        0        0
  precision                  0.01     0.01     0.01     0.01     0.01     0.01     0.01     0.01

RGB Color Histogram12
  mean                          0        0        0        0        0        0        0        0
  std. dev.                0.0017   0.0017   0.0017   0.0017   0.0017   0.0017   0.0017   0.0017
  weight sum                   43      148       76       61       64       24        0        0
  precision                  0.01     0.01     0.01     0.01     0.01     0.01     0.01     0.01

RGB Color Histogram13
  mean                          0        0        0        0        0        0        0        0
  std. dev.                0.0017   0.0017   0.0017   0.0017   0.0017   0.0017   0.0017   0.0017
  weight sum                   43      148       76       61       64       24        0        0
  precision                  0.01     0.01     0.01     0.01     0.01     0.01     0.01     0.01

RGB Color Histogram14
  mean                          0        0        0        0        0        0        0        0
  std. dev.                0.0017   0.0017   0.0017   0.0017   0.0017   0.0017   0.0017   0.0017
  weight sum                   43      148       76       61       64       24        0        0
  precision                  0.01     0.01     0.01     0.01     0.01     0.01     0.01     0.01

RGB Color Histogram15
  mean                          0        0   0.0658        0        0        0        0        0
  std. dev.                0.0017   0.0017   0.4083   0.0017   0.0017   0.0017   0.0017   0.0017
  weight sum                   43      148       76       61       64       24        0        0
  precision                  0.01     0.01     0.01     0.01     0.01     0.01     0.01     0.01

RGB Color Histogram16
  mean                   109.3721 147.6486  98.4474  59.5574  46.1406   8.9583        0        0
  std. dev.               79.8266  90.8212   72.555  52.4772  66.9736   8.8199   0.0017   0.0017
  weight sum                   43      148       76       61       64       24        0        0
  precision                  0.01     0.01     0.01     0.01     0.01     0.01     0.01     0.01

RGB Color Histogram17
  mean                    11.6279  12.8514   7.6579   5.7869    15.75    3.625        0        0
  std. dev.               10.9778  20.7938   6.5686  10.1998  25.8614   6.1496   0.0017   0.0017
  weight sum                   43      148       76       61       64       24        0        0
  precision                  0.01     0.01     0.01     0.01     0.01     0.01     0.01     0.01

RGB Color Histogram18
  mean                          0        0        0        0   0.4375        0        0        0
  std. dev.                0.0017   0.0017   0.0017   0.0017   2.1056   0.0017   0.0017   0.0017
  weight sum                   43      148       76       61       64       24        0        0
  precision                  0.01     0.01     0.01     0.01     0.01     0.01     0.01     0.01

RGB Color Histogram19
  mean                          0        0        0        0        0        0        0        0
  std. dev.                0.0017   0.0017   0.0017   0.0017   0.0017   0.0017   0.0017   0.0017
  weight sum                   43      148       76       61       64       24        0        0
  precision                  0.01     0.01     0.01     0.01     0.01     0.01     0.01     0.01

RGB Color Histogram20
  mean                    22.9535   6.9122   8.9474  14.3607  16.2031  41.1667        0        0
  std. dev.               50.1017  16.1525  24.9298  37.3942  15.4173  52.4044   0.0017   0.0017
  weight sum                   43      148       76       61       64       24        0        0
  precision                  0.01     0.01     0.01     0.01     0.01     0.01     0.01     0.01

RGB Color Histogram21
  mean                   155.4884  143.973  78.2368  68.7705 167.4063 130.7083        0        0
  std. dev.               88.8242  87.1458  73.5548  79.5915  93.8204   73.609   0.0017   0.0017
  weight sum                   43      148       76       61       64       24        0        0
  precision                  0.01     0.01     0.01     0.01     0.01     0.01     0.01     0.01

RGB Color Histogram22
  mean                    14.2558  11.6959   9.4605  16.1803  11.8594  30.3333        0        0
  std. dev.               41.0853  26.5815  24.6878  36.0371  16.5245   40.627   0.0017   0.0017
  weight sum                   43      148       76       61       64       24        0        0
  precision                  0.01     0.01     0.01     0.01     0.01     0.01     0.01     0.01

RGB Color Histogram23
  mean                          0        0        0        0   3.6875   0.0833        0        0
  std. dev.                0.0017   0.0017   0.0017   0.0017   9.3288   0.2764   0.0017   0.0017
  weight sum                   43      148       76       61       64       24        0        0
  precision                  0.01     0.01     0.01     0.01     0.01     0.01     0.01     0.01

RGB Color Histogram24
  mean                          0        0        0   0.0984        0     5.25        0        0
  std. dev.                0.0017   0.0017   0.0017   0.7619   0.0017   7.8647   0.0017   0.0017
  weight sum                   43      148       76       61       64       24        0        0
  precision                  0.01     0.01     0.01     0.01     0.01     0.01     0.01     0.01

RGB Color Histogram25
  mean                     0.0465   0.0203   0.9342   0.9016   8.8281  32.7083        0        0
  std. dev.                0.3014   0.2458    2.682   2.4542  14.7591  32.3103   0.0017   0.0017
  weight sum                   43      148       76       61       64       24        0        0
  precision                  0.01     0.01     0.01     0.01     0.01     0.01     0.01     0.01

RGB Color Histogram26
  mean                     0.3488   0.1892  22.3421  14.8361   6.7188  46.6667        0        0
  std. dev.                1.2919   0.7105  33.4442  28.7569  13.8072  74.7003   0.0017   0.0017
  weight sum                   43      148       76       61       64       24        0        0
  precision                  0.01     0.01     0.01     0.01     0.01     0.01     0.01     0.01

RGB Color Histogram27
  mean                     0.0698   0.0135   0.0526   0.3279   8.5313        3        0        0
  std. dev.                0.4521   0.1638   0.2233   1.5441   27.666   3.1754   0.0017   0.0017
  weight sum                   43      148       76       61       64       24        0        0
  precision                  0.01     0.01     0.01     0.01     0.01     0.01     0.01     0.01

RGB Color Histogram28
  mean                          0        0        0        0        0        0        0        0
  std. dev.                0.0017   0.0017   0.0017   0.0017   0.0017   0.0017   0.0017   0.0017
  weight sum                   43      148       76       61       64       24        0        0
  precision                  0.01     0.01     0.01     0.01     0.01     0.01     0.01     0.01

RGB Color Histogram29
  mean                          0        0        0        0        0        0        0        0
  std. dev.                0.0017   0.0017   0.0017   0.0017   0.0017   0.0017   0.0017   0.0017
  weight sum                   43      148       76       61       64       24        0        0
  precision                  0.01     0.01     0.01     0.01     0.01     0.01     0.01     0.01

RGB Color Histogram30
  mean                          0        0        0   0.1311        0        0        0        0
  std. dev.                0.0017   0.0017   0.0017   0.4951   0.0017   0.0017   0.0017   0.0017
  weight sum                   43      148       76       61       64       24        0        0
  precision                  0.01     0.01     0.01     0.01     0.01     0.01     0.01     0.01

RGB Color Histogram31
  mean                          0        0   0.5921    0.459        0        0        0        0
  std. dev.                0.0017   0.0017   1.9479   2.1005   0.0017   0.0017   0.0017   0.0017
  weight sum                   43      148       76       61       64       24        0        0
  precision                  0.01     0.01     0.01     0.01     0.01     0.01     0.01     0.01

RGB Color Histogram32
  mean                    31.6047   25.973  14.3421  21.7049       15   0.3333        0        0
  std. dev.               65.0396  63.6872   31.434  44.3988  23.9674   0.8498   0.0017   0.0017
  weight sum                   43      148       76       61       64       24        0        0
  precision                  0.01     0.01     0.01     0.01     0.01     0.01     0.01     0.01

RGB Color Histogram33
  mean                     0.3953   0.8716   1.6053   1.2951   2.6094   0.1667        0        0
  std. dev.                0.8929   2.6567   6.9643   4.6354   5.5835   0.5528   0.0017   0.0017
  weight sum                   43      148       76       61       64       24        0        0
  precision                  0.01     0.01     0.01     0.01     0.01     0.01     0.01     0.01

RGB Color Histogram34
  mean                          0        0        0        0        0        0        0        0
  std. dev.                0.0017   0.0017   0.0017   0.0017   0.0017   0.0017   0.0017   0.0017
  weight sum                   43      148       76       61       64       24        0        0
  precision                  0.01     0.01     0.01     0.01     0.01     0.01     0.01     0.01

RGB Color Histogram35
  mean                          0        0        0        0        0        0        0        0
  std. dev.                0.0017   0.0017   0.0017   0.0017   0.0017   0.0017   0.0017   0.0017
  weight sum                   43      148       76       61       64       24        0        0
  precision                  0.01     0.01     0.01     0.01     0.01     0.01     0.01     0.01

RGB Color Histogram36
  mean                    14.2093  11.5676  19.8421  16.7049  14.6563   1.5833        0        0
  std. dev.               29.2301  35.1835  62.1907  43.1867  21.4113   2.7525   0.0017   0.0017
  weight sum                   43      148       76       61       64       24        0        0
  precision                  0.01     0.01     0.01     0.01     0.01     0.01     0.01     0.01

RGB Color Histogram37
  mean                    42.6977  33.9257  16.7368  21.4098  45.0625  11.2083        0        0
  std. dev.               63.6369  60.2016  15.0948   30.704  58.6983  15.9452   0.0017   0.0017
  weight sum                   43      148       76       61       64       24        0        0
  precision                  0.01     0.01     0.01     0.01     0.01     0.01     0.01     0.01

RGB Color Histogram38
  mean                    11.5581  11.1622   7.5921    3.918   6.3594   1.1667        0        0
  std. dev.               11.9189  18.5443   6.9399   6.2837  14.2701   2.0344   0.0017   0.0017
  weight sum                   43      148       76       61       64       24        0        0
  precision                  0.01     0.01     0.01     0.01     0.01     0.01     0.01     0.01

RGB Color Histogram39
  mean                          0        0        0        0    0.625        0        0        0
  std. dev.                0.0017   0.0017   0.0017   0.0017   1.7093   0.0017   0.0017   0.0017
  weight sum                   43      148       76       61       64       24        0        0
  precision                  0.01     0.01     0.01     0.01     0.01     0.01     0.01     0.01

RGB Color Histogram40
  mean                          0        0   0.3816   1.7213        0   3.8333        0        0
  std. dev.                0.0017   0.0017   2.8653   5.9261   0.0017    6.414   0.0017   0.0017
  weight sum                   43      148       76       61       64       24        0        0
  precision                  0.01     0.01     0.01     0.01     0.01     0.01     0.01     0.01

RGB Color Histogram41
  mean                      0.814   1.1554   2.2632   6.3115  21.7813  52.7083        0        0
  std. dev.                3.5781   5.0801   8.0449  20.4455  30.0086  66.1617   0.0017   0.0017
  weight sum                   43      148       76       61       64       24        0        0
  precision                  0.01     0.01     0.01     0.01     0.01     0.01     0.01     0.01

RGB Color Histogram42
  mean                    36.7907  30.1486 100.5921       76  88.8438 119.2083        0        0
  std. dev.               42.2708  46.8092  85.2182  79.3459  83.7474  89.7928   0.0017   0.0017
  weight sum                   43      148       76       61       64       24        0        0
  precision                  0.01     0.01     0.01     0.01     0.01     0.01     0.01     0.01

RGB Color Histogram43
  mean                     2.5814   5.9257  12.3947   12.918  29.6875   19.625        0        0
  std. dev.                3.7555  15.5525  25.8386  26.4899   66.191  29.9191   0.0017   0.0017
  weight sum                   43      148       76       61       64       24        0        0
  precision                  0.01     0.01     0.01     0.01     0.01     0.01     0.01     0.01

RGB Color Histogram44
  mean                          0        0        0   0.0656        0        0        0        0
  std. dev.                0.0017   0.0017   0.0017   0.5079   0.0017   0.0017   0.0017   0.0017
  weight sum                   43      148       76       61       64       24        0        0
  precision                  0.01     0.01     0.01     0.01     0.01     0.01     0.01     0.01

RGB Color Histogram45
  mean                          0        0        0   0.0656        0   3.6667        0        0
  std. dev.                0.0017   0.0017   0.0017   0.3995   0.0017   6.3683   0.0017   0.0017
  weight sum                   43      148       76       61       64       24        0        0
  precision                  0.01     0.01     0.01     0.01     0.01     0.01     0.01     0.01

RGB Color Histogram46
  mean                          0        0   0.3026   2.0656   0.6875    9.375        0        0
  std. dev.                0.0017   0.0017     0.96   7.3012   1.2103   8.3706   0.0017   0.0017
  weight sum                   43      148       76       61       64       24        0        0
  precision                  0.01     0.01     0.01     0.01     0.01     0.01     0.01     0.01

RGB Color Histogram47
  mean                          0   0.0676  12.3684   11.623  16.0469   7.4167        0        0
  std. dev.                0.0017   0.4745  31.9822  25.0561  32.7087    6.383   0.0017   0.0017
  weight sum                   43      148       76       61       64       24        0        0
  precision                  0.01     0.01     0.01     0.01     0.01     0.01     0.01     0.01

RGB Color Histogram48
  mean                          0   1.8378   1.1974   4.4426    7.875        0        0        0
  std. dev.                0.0017  20.5709   6.4909       17  15.9721   0.0017   0.0017   0.0017
  weight sum                   43      148       76       61       64       24        0        0
  precision                  0.01     0.01     0.01     0.01     0.01     0.01     0.01     0.01

RGB Color Histogram49
  mean                          0        0   1.0789   0.1803   1.6406        0        0        0
  std. dev.                0.0017   0.0017   9.2292   0.8779   3.0535   0.0017   0.0017   0.0017
  weight sum                   43      148       76       61       64       24        0        0
  precision                  0.01     0.01     0.01     0.01     0.01     0.01     0.01     0.01

RGB Color Histogram50
  mean                          0        0        0        0        0        0        0        0
  std. dev.                0.0017   0.0017   0.0017   0.0017   0.0017   0.0017   0.0017   0.0017
  weight sum                   43      148       76       61       64       24        0        0
  precision                  0.01     0.01     0.01     0.01     0.01     0.01     0.01     0.01

RGB Color Histogram51
  mean                          0        0        0        0        0        0        0        0
  std. dev.                0.0017   0.0017   0.0017   0.0017   0.0017   0.0017   0.0017   0.0017
  weight sum                   43      148       76       61       64       24        0        0
  precision                  0.01     0.01     0.01     0.01     0.01     0.01     0.01     0.01

RGB Color Histogram52
  mean                          0   8.3716        0   2.6393   7.4219        0        0        0
  std. dev.                0.0017  38.6097   0.0017  10.4286  12.5521   0.0017   0.0017   0.0017
  weight sum                   43      148       76       61       64       24        0        0
  precision                  0.01     0.01     0.01     0.01     0.01     0.01     0.01     0.01

RGB Color Histogram53
  mean                     0.6512  10.6824     0.75   2.8033  19.6875   0.1667        0        0
  std. dev.                  4.22  42.7821   3.1461   9.9767  37.6177   0.3727   0.0017   0.0017
  weight sum                   43      148       76       61       64       24        0        0
  precision                  0.01     0.01     0.01     0.01     0.01     0.01     0.01     0.01

RGB Color Histogram54
  mean                     0.0233   0.0676   0.5263   0.2295   2.8594        0        0        0
  std. dev.                0.1507   0.3613    1.666   0.7104   9.0569   0.0017   0.0017   0.0017
  weight sum                   43      148       76       61       64       24        0        0
  precision                  0.01     0.01     0.01     0.01     0.01     0.01     0.01     0.01

RGB Color Histogram55
  mean                          0        0        0        0   0.0781        0        0        0
  std. dev.                0.0017   0.0017   0.0017   0.0017   0.3668   0.0017   0.0017   0.0017
  weight sum                   43      148       76       61       64       24        0        0
  precision                  0.01     0.01     0.01     0.01     0.01     0.01     0.01     0.01

RGB Color Histogram56
  mean                          0        0   0.0132  16.3607        0        0        0        0
  std. dev.                0.0017   0.0017    0.114  56.3258   0.0017   0.0017   0.0017   0.0017
  weight sum                   43      148       76       61       64       24        0        0
  precision                  0.01     0.01     0.01     0.01     0.01     0.01     0.01     0.01

RGB Color Histogram57
  mean                     3.5349   0.6486   0.5263   3.4426   3.3125   1.0833        0        0
  std. dev.               22.4503   3.2401   3.4886  13.1143  10.7178   1.8008   0.0017   0.0017
  weight sum                   43      148       76       61       64       24        0        0
  precision                  0.01     0.01     0.01     0.01     0.01     0.01     0.01     0.01

RGB Color Histogram58
  mean                     6.7209      8.5   6.8684   9.0984  17.8906     9.25        0        0
  std. dev.               10.7646  22.0229   13.704  21.5336   33.259  11.3109   0.0017   0.0017
  weight sum                   43      148       76       61       64       24        0        0
  precision                  0.01     0.01     0.01     0.01     0.01     0.01     0.01     0.01

RGB Color Histogram59
  mean                     5.4651   6.9189   3.2763   2.6557   2.3125   0.5833        0        0
  std. dev.                9.0947  15.0605   4.7892   5.4619   7.1477   1.0375   0.0017   0.0017
  weight sum                   43      148       76       61       64       24        0        0
  precision                  0.01     0.01     0.01     0.01     0.01     0.01     0.01     0.01

RGB Color Histogram60
  mean                          0        0        0   1.8525        0        0        0        0
  std. dev.                0.0017   0.0017   0.0017  12.6359   0.0017   0.0017   0.0017   0.0017
  weight sum                   43      148       76       61       64       24        0        0
  precision                  0.01     0.01     0.01     0.01     0.01     0.01     0.01     0.01

RGB Color Histogram61
  mean                          0        0        0   0.3934        0     6.25        0        0
  std. dev.                0.0017   0.0017   0.0017   1.7582   0.0017  12.6037   0.0017   0.0017
  weight sum                   43      148       76       61       64       24        0        0
  precision                  0.01     0.01     0.01     0.01     0.01     0.01     0.01     0.01

RGB Color Histogram62
  mean                     0.8837     0.75   0.7368   3.5902   4.1406  29.2917        0        0
  std. dev.                3.4046   4.2963   3.9449  17.3502   6.1894   21.499   0.0017   0.0017
  weight sum                   43      148       76       61       64       24        0        0
  precision                  0.01     0.01     0.01     0.01     0.01     0.01     0.01     0.01

RGB Color Histogram63
  mean                     51.186  59.8041  34.3947  65.1967  83.0156    48.25        0        0
  std. dev.               75.8975  91.2213  57.2727  91.7462  90.6459  50.2861   0.0017   0.0017
  weight sum                   43      148       76       61       64       24        0        0
  precision                  0.01     0.01     0.01     0.01     0.01     0.01     0.01     0.01



Time taken to build model: 0.14 seconds

Time taken to test model on training data: 0.06 seconds

=== Error on training data ===

Correctly Classified Instances         231               55.5288 %
Incorrectly Classified Instances       185               44.4712 %
Kappa statistic                          0.4756
Mean absolute error                      0.1108
Root mean squared error                  0.3322
Relative absolute error                 56.619  %
Root relative squared error            106.3211 %
Total Number of Instances              416     


=== Detailed Accuracy By Class ===

                 TP Rate  FP Rate  Precision  Recall   F-Measure  MCC      ROC Area  PRC Area  Class
                 1.000    0.370    0.238      1.000    0.384      0.387    0.851     0.315     K1
                 0.230    0.030    0.810      0.230    0.358      0.318    0.908     0.807     K2
                 0.724    0.091    0.640      0.724    0.679      0.604    0.912     0.640     K3
                 0.246    0.006    0.882      0.246    0.385      0.429    0.909     0.661     K4
                 0.938    0.011    0.938      0.938    0.938      0.926    0.993     0.941     K5
                 1.000    0.005    0.923      1.000    0.960      0.958    0.999     0.960     K6
                 ?        0.000    ?          ?        ?          ?        ?         ?         K7
                 ?        0.000    ?          ?        ?          ?        ?         ?         K8
Weighted Avg.    0.555    0.068    0.756      0.555    0.547      0.524    0.921     0.734     


=== Confusion Matrix ===

   a   b   c   d   e   f   g   h   <-- classified as
  43   0   0   0   0   0   0   0 |   a = K1
 111  34   0   0   3   0   0   0 |   b = K2
  13   6  55   2   0   0   0   0 |   c = K3
  14   2  27  15   1   2   0   0 |   d = K4
   0   0   4   0  60   0   0   0 |   e = K5
   0   0   0   0   0  24   0   0 |   f = K6
   0   0   0   0   0   0   0   0 |   g = K7
   0   0   0   0   0   0   0   0 |   h = K8

Time taken to perform cross-validation: 0.07 seconds


=== Stratified cross-validation ===

Correctly Classified Instances         214               51.4423 %
Incorrectly Classified Instances       202               48.5577 %
Kappa statistic                          0.4205
Mean absolute error                      0.118 
Root mean squared error                  0.3284
Relative absolute error                 60.2911 %
Root relative squared error            105.0861 %
Total Number of Instances              416     


=== Detailed Accuracy By Class ===

                 TP Rate  FP Rate  Precision  Recall   F-Measure  MCC      ROC Area  PRC Area  Class
                 0.767    0.332    0.210      0.767    0.330      0.273    0.768     0.254     K1
                 0.284    0.056    0.737      0.284    0.410      0.317    0.877     0.757     K2
                 0.618    0.118    0.540      0.618    0.577      0.476    0.831     0.530     K3
                 0.164    0.039    0.417      0.164    0.235      0.189    0.815     0.418     K4
                 0.906    0.020    0.892      0.906    0.899      0.881    0.984     0.894     K5
                 1.000    0.005    0.923      1.000    0.960      0.958    1.000     1.000     K6
                 ?        0.000    ?          ?        ?          ?        ?         ?         K7
                 ?        0.000    ?          ?        ?          ?        ?         ?         K8
Weighted Avg.    0.514    0.085    0.634      0.514    0.513      0.446    0.872     0.649     


=== Confusion Matrix ===

  a  b  c  d  e  f  g  h   <-- classified as
 33  6  1  2  1  0  0  0 |  a = K1
 96 42  4  2  4  0  0  0 |  b = K2
 15  3 47 10  1  0  0  0 |  c = K3
 13  4 31 10  1  2  0  0 |  d = K4
  0  2  4  0 58  0  0  0 |  e = K5
  0  0  0  0  0 24  0  0 |  f = K6
  0  0  0  0  0  0  0  0 |  g = K7
  0  0  0  0  0  0  0  0 |  h = K8

