
=== Classifier model (full training set) ===

Naive Bayes Classifier

                 Class
Attribute           K1      K2      K3      K4      K5      K6
                 (0.1)  (0.35)  (0.18)  (0.15)  (0.15)  (0.06)
===============================================================
FCTH0
  mean           1.9535  2.1351  0.5921  1.5738  2.3438    1.25
  std. dev.      2.6055  2.8156  1.5992   2.512  2.3993  1.1637
  weight sum         43     148      76      61      64      24
  precision           1       1       1       1       1       1

FCTH1
  mean           6.9767  6.9797  6.5789  6.7377       7       7
  std. dev.      0.1667  0.1667  0.9356  0.6504  0.1667  0.1667
  weight sum         43     148      76      61      64      24
  precision           1       1       1       1       1       1

FCTH2
  mean           6.0698  6.0068  6.0395  5.9344  3.7031   5.375
  std. dev.      1.4531  1.9013  1.6339  1.5772  2.3696  1.6282
  weight sum         43     148      76      61      64      24
  precision           1       1       1       1       1       1

FCTH3
  mean                0       0       0       0       0       0
  std. dev.      0.0017  0.0017  0.0017  0.0017  0.0017  0.0017
  weight sum         43     148      76      61      64      24
  precision        0.01    0.01    0.01    0.01    0.01    0.01

FCTH4
  mean                0       0       0       0       0       0
  std. dev.      0.0017  0.0017  0.0017  0.0017  0.0017  0.0017
  weight sum         43     148      76      61      64      24
  precision        0.01    0.01    0.01    0.01    0.01    0.01

FCTH5
  mean                0       0       0       0       0       0
  std. dev.      0.0017  0.0017  0.0017  0.0017  0.0017  0.0017
  weight sum         43     148      76      61      64      24
  precision        0.01    0.01    0.01    0.01    0.01    0.01

FCTH6
  mean                0       0       0       0       0       0
  std. dev.      0.0017  0.0017  0.0017  0.0017  0.0017  0.0017
  weight sum         43     148      76      61      64      24
  precision        0.01    0.01    0.01    0.01    0.01    0.01

FCTH7
  mean                0       0       0       0       0       0
  std. dev.      0.0017  0.0017  0.0017  0.0017  0.0017  0.0017
  weight sum         43     148      76      61      64      24
  precision        0.01    0.01    0.01    0.01    0.01    0.01

FCTH8
  mean                0       0       0       0       0       0
  std. dev.      0.0017  0.0017  0.0017  0.0017  0.0017  0.0017
  weight sum         43     148      76      61      64      24
  precision        0.01    0.01    0.01    0.01    0.01    0.01

FCTH9
  mean                0       0       0       0       0       0
  std. dev.      0.0017  0.0017  0.0017  0.0017  0.0017  0.0017
  weight sum         43     148      76      61      64      24
  precision        0.01    0.01    0.01    0.01    0.01    0.01

FCTH10
  mean                0       0       0       0       0       0
  std. dev.      0.0017  0.0017  0.0017  0.0017  0.0017  0.0017
  weight sum         43     148      76      61      64      24
  precision        0.01    0.01    0.01    0.01    0.01    0.01

FCTH11
  mean                0       0       0       0       0       0
  std. dev.      0.0017  0.0017  0.0017  0.0017  0.0017  0.0017
  weight sum         43     148      76      61      64      24
  precision        0.01    0.01    0.01    0.01    0.01    0.01

FCTH12
  mean                0       0       0       0       0       0
  std. dev.      0.0017  0.0017  0.0017  0.0017  0.0017  0.0017
  weight sum         43     148      76      61      64      24
  precision        0.01    0.01    0.01    0.01    0.01    0.01

FCTH13
  mean                0       0       0       0       0       0
  std. dev.      0.0017  0.0017  0.0017  0.0017  0.0017  0.0017
  weight sum         43     148      76      61      64      24
  precision        0.01    0.01    0.01    0.01    0.01    0.01

FCTH14
  mean                0       0       0       0       0       0
  std. dev.      0.0017  0.0017  0.0017  0.0017  0.0017  0.0017
  weight sum         43     148      76      61      64      24
  precision        0.01    0.01    0.01    0.01    0.01    0.01

FCTH15
  mean                0       0       0       0       0       0
  std. dev.      0.0017  0.0017  0.0017  0.0017  0.0017  0.0017
  weight sum         43     148      76      61      64      24
  precision        0.01    0.01    0.01    0.01    0.01    0.01

FCTH16
  mean                0       0       0       0       0       0
  std. dev.      0.0017  0.0017  0.0017  0.0017  0.0017  0.0017
  weight sum         43     148      76      61      64      24
  precision        0.01    0.01    0.01    0.01    0.01    0.01

FCTH17
  mean                0       0       0       0       0       0
  std. dev.      0.0017  0.0017  0.0017  0.0017  0.0017  0.0017
  weight sum         43     148      76      61      64      24
  precision        0.01    0.01    0.01    0.01    0.01    0.01

FCTH18
  mean                0       0       0       0       0       0
  std. dev.      0.0017  0.0017  0.0017  0.0017  0.0017  0.0017
  weight sum         43     148      76      61      64      24
  precision        0.01    0.01    0.01    0.01    0.01    0.01

FCTH19
  mean                0       0       0       0       0       0
  std. dev.      0.0017  0.0017  0.0017  0.0017  0.0017  0.0017
  weight sum         43     148      76      61      64      24
  precision        0.01    0.01    0.01    0.01    0.01    0.01

FCTH20
  mean                0       0       0       0       0       0
  std. dev.      0.0017  0.0017  0.0017  0.0017  0.0017  0.0017
  weight sum         43     148      76      61      64      24
  precision        0.01    0.01    0.01    0.01    0.01    0.01

FCTH21
  mean                0       0       0       0       0       0
  std. dev.      0.0017  0.0017  0.0017  0.0017  0.0017  0.0017
  weight sum         43     148      76      61      64      24
  precision        0.01    0.01    0.01    0.01    0.01    0.01

FCTH22
  mean                0       0       0       0       0       0
  std. dev.      0.0017  0.0017  0.0017  0.0017  0.0017  0.0017
  weight sum         43     148      76      61      64      24
  precision        0.01    0.01    0.01    0.01    0.01    0.01

FCTH23
  mean                0       0       0       0       0       0
  std. dev.      0.0017  0.0017  0.0017  0.0017  0.0017  0.0017
  weight sum         43     148      76      61      64      24
  precision        0.01    0.01    0.01    0.01    0.01    0.01

FCTH24
  mean           0.1395  0.3176  0.1579  0.4262     0.5  0.0833
  std. dev.      0.3465  0.5817  0.6294  0.9136  0.8839  0.2764
  weight sum         43     148      76      61      64      24
  precision           1       1       1       1       1       1

FCTH25
  mean           2.1395  1.6554  4.1579   3.623  3.4063   4.125
  std. dev.       1.153  1.2232  1.2675  1.2696  0.5788   0.927
  weight sum         43     148      76      61      64      24
  precision           1       1       1       1       1       1

FCTH26
  mean            0.093  0.0473  2.2105  1.5082  0.4375   0.375
  std. dev.      0.2905  0.2123  0.9363  0.8985  0.6092   0.696
  weight sum         43     148      76      61      64      24
  precision           1       1       1       1       1       1

FCTH27
  mean                0       0       0       0       0       0
  std. dev.      0.0017  0.0017  0.0017  0.0017  0.0017  0.0017
  weight sum         43     148      76      61      64      24
  precision        0.01    0.01    0.01    0.01    0.01    0.01

FCTH28
  mean                0       0       0       0       0       0
  std. dev.      0.0017  0.0017  0.0017  0.0017  0.0017  0.0017
  weight sum         43     148      76      61      64      24
  precision        0.01    0.01    0.01    0.01    0.01    0.01

FCTH29
  mean                0       0       0       0       0       0
  std. dev.      0.0017  0.0017  0.0017  0.0017  0.0017  0.0017
  weight sum         43     148      76      61      64      24
  precision        0.01    0.01    0.01    0.01    0.01    0.01

FCTH30
  mean                0       0       0       0       0       0
  std. dev.      0.0017  0.0017  0.0017  0.0017  0.0017  0.0017
  weight sum         43     148      76      61      64      24
  precision        0.01    0.01    0.01    0.01    0.01    0.01

FCTH31
  mean                0       0       0       0       0       0
  std. dev.      0.0017  0.0017  0.0017  0.0017  0.0017  0.0017
  weight sum         43     148      76      61      64      24
  precision        0.01    0.01    0.01    0.01    0.01    0.01

FCTH32
  mean                0       0       0       0       0       0
  std. dev.      0.0017  0.0017  0.0017  0.0017  0.0017  0.0017
  weight sum         43     148      76      61      64      24
  precision        0.01    0.01    0.01    0.01    0.01    0.01

FCTH33
  mean                0       0       0       0       0       0
  std. dev.      0.0017  0.0017  0.0017  0.0017  0.0017  0.0017
  weight sum         43     148      76      61      64      24
  precision        0.01    0.01    0.01    0.01    0.01    0.01

FCTH34
  mean                0       0       0       0       0       0
  std. dev.      0.0017  0.0017  0.0017  0.0017  0.0017  0.0017
  weight sum         43     148      76      61      64      24
  precision        0.01    0.01    0.01    0.01    0.01    0.01

FCTH35
  mean                0       0       0       0       0       0
  std. dev.      0.0017  0.0017  0.0017  0.0017  0.0017  0.0017
  weight sum         43     148      76      61      64      24
  precision        0.01    0.01    0.01    0.01    0.01    0.01

FCTH36
  mean                0       0       0       0       0       0
  std. dev.      0.0017  0.0017  0.0017  0.0017  0.0017  0.0017
  weight sum         43     148      76      61      64      24
  precision        0.01    0.01    0.01    0.01    0.01    0.01

FCTH37
  mean                0       0       0       0       0       0
  std. dev.      0.0017  0.0017  0.0017  0.0017  0.0017  0.0017
  weight sum         43     148      76      61      64      24
  precision        0.01    0.01    0.01    0.01    0.01    0.01

FCTH38
  mean                0       0       0       0       0       0
  std. dev.      0.0017  0.0017  0.0017  0.0017  0.0017  0.0017
  weight sum         43     148      76      61      64      24
  precision        0.01    0.01    0.01    0.01    0.01    0.01

FCTH39
  mean                0       0       0       0       0       0
  std. dev.      0.0017  0.0017  0.0017  0.0017  0.0017  0.0017
  weight sum         43     148      76      61      64      24
  precision        0.01    0.01    0.01    0.01    0.01    0.01

FCTH40
  mean                0       0       0       0       0       0
  std. dev.      0.0017  0.0017  0.0017  0.0017  0.0017  0.0017
  weight sum         43     148      76      61      64      24
  precision        0.01    0.01    0.01    0.01    0.01    0.01

FCTH41
  mean                0       0       0       0       0       0
  std. dev.      0.0017  0.0017  0.0017  0.0017  0.0017  0.0017
  weight sum         43     148      76      61      64      24
  precision        0.01    0.01    0.01    0.01    0.01    0.01

FCTH42
  mean                0       0       0       0       0       0
  std. dev.      0.0017  0.0017  0.0017  0.0017  0.0017  0.0017
  weight sum         43     148      76      61      64      24
  precision        0.01    0.01    0.01    0.01    0.01    0.01

FCTH43
  mean                0       0       0       0       0       0
  std. dev.      0.0017  0.0017  0.0017  0.0017  0.0017  0.0017
  weight sum         43     148      76      61      64      24
  precision        0.01    0.01    0.01    0.01    0.01    0.01

FCTH44
  mean                0       0       0       0       0       0
  std. dev.      0.0017  0.0017  0.0017  0.0017  0.0017  0.0017
  weight sum         43     148      76      61      64      24
  precision        0.01    0.01    0.01    0.01    0.01    0.01

FCTH45
  mean                0       0       0       0       0       0
  std. dev.      0.0017  0.0017  0.0017  0.0017  0.0017  0.0017
  weight sum         43     148      76      61      64      24
  precision        0.01    0.01    0.01    0.01    0.01    0.01

FCTH46
  mean                0       0       0       0       0       0
  std. dev.      0.0017  0.0017  0.0017  0.0017  0.0017  0.0017
  weight sum         43     148      76      61      64      24
  precision        0.01    0.01    0.01    0.01    0.01    0.01

FCTH47
  mean                0       0       0       0       0       0
  std. dev.      0.0017  0.0017  0.0017  0.0017  0.0017  0.0017
  weight sum         43     148      76      61      64      24
  precision        0.01    0.01    0.01    0.01    0.01    0.01

FCTH48
  mean           0.0775  0.0901  0.0877  0.3825  0.2865       0
  std. dev.       0.351  0.3769  0.3722  0.8743  0.6288  0.2778
  weight sum         43     148      76      61      64      24
  precision      1.6667  1.6667  1.6667  1.6667  1.6667  1.6667

FCTH49
  mean           1.2093  0.5203    3.75  3.6885  2.7813  4.4167
  std. dev.      1.1525  0.8579  1.6868  1.9209  1.2926   1.441
  weight sum         43     148      76      61      64      24
  precision           1       1       1       1       1       1

FCTH50
  mean                0  0.0068  1.3684  1.0164   0.125  0.2083
  std. dev.      0.1667  0.1667  0.9575  0.7786  0.3307  0.4061
  weight sum         43     148      76      61      64      24
  precision           1       1       1       1       1       1

FCTH51
  mean                0       0       0       0       0       0
  std. dev.      0.0017  0.0017  0.0017  0.0017  0.0017  0.0017
  weight sum         43     148      76      61      64      24
  precision        0.01    0.01    0.01    0.01    0.01    0.01

FCTH52
  mean                0       0       0       0       0       0
  std. dev.      0.0017  0.0017  0.0017  0.0017  0.0017  0.0017
  weight sum         43     148      76      61      64      24
  precision        0.01    0.01    0.01    0.01    0.01    0.01

FCTH53
  mean                0       0       0       0       0       0
  std. dev.      0.0017  0.0017  0.0017  0.0017  0.0017  0.0017
  weight sum         43     148      76      61      64      24
  precision        0.01    0.01    0.01    0.01    0.01    0.01

FCTH54
  mean                0       0       0       0       0       0
  std. dev.      0.0017  0.0017  0.0017  0.0017  0.0017  0.0017
  weight sum         43     148      76      61      64      24
  precision        0.01    0.01    0.01    0.01    0.01    0.01

FCTH55
  mean                0       0       0       0       0       0
  std. dev.      0.0017  0.0017  0.0017  0.0017  0.0017  0.0017
  weight sum         43     148      76      61      64      24
  precision        0.01    0.01    0.01    0.01    0.01    0.01

FCTH56
  mean                0       0       0       0       0       0
  std. dev.      0.0017  0.0017  0.0017  0.0017  0.0017  0.0017
  weight sum         43     148      76      61      64      24
  precision        0.01    0.01    0.01    0.01    0.01    0.01

FCTH57
  mean                0       0       0       0       0       0
  std. dev.      0.0017  0.0017  0.0017  0.0017  0.0017  0.0017
  weight sum         43     148      76      61      64      24
  precision        0.01    0.01    0.01    0.01    0.01    0.01

FCTH58
  mean                0       0       0       0       0       0
  std. dev.      0.0017  0.0017  0.0017  0.0017  0.0017  0.0017
  weight sum         43     148      76      61      64      24
  precision        0.01    0.01    0.01    0.01    0.01    0.01

FCTH59
  mean                0       0       0       0       0       0
  std. dev.      0.0017  0.0017  0.0017  0.0017  0.0017  0.0017
  weight sum         43     148      76      61      64      24
  precision        0.01    0.01    0.01    0.01    0.01    0.01

FCTH60
  mean                0       0       0       0       0       0
  std. dev.      0.0017  0.0017  0.0017  0.0017  0.0017  0.0017
  weight sum         43     148      76      61      64      24
  precision        0.01    0.01    0.01    0.01    0.01    0.01

FCTH61
  mean                0       0       0       0       0       0
  std. dev.      0.0017  0.0017  0.0017  0.0017  0.0017  0.0017
  weight sum         43     148      76      61      64      24
  precision        0.01    0.01    0.01    0.01    0.01    0.01

FCTH62
  mean                0       0       0       0       0       0
  std. dev.      0.0017  0.0017  0.0017  0.0017  0.0017  0.0017
  weight sum         43     148      76      61      64      24
  precision        0.01    0.01    0.01    0.01    0.01    0.01

FCTH63
  mean                0       0       0       0       0       0
  std. dev.      0.0017  0.0017  0.0017  0.0017  0.0017  0.0017
  weight sum         43     148      76      61      64      24
  precision        0.01    0.01    0.01    0.01    0.01    0.01

FCTH64
  mean                0       0       0       0       0       0
  std. dev.      0.0017  0.0017  0.0017  0.0017  0.0017  0.0017
  weight sum         43     148      76      61      64      24
  precision        0.01    0.01    0.01    0.01    0.01    0.01

FCTH65
  mean                0       0       0       0       0       0
  std. dev.      0.0017  0.0017  0.0017  0.0017  0.0017  0.0017
  weight sum         43     148      76      61      64      24
  precision        0.01    0.01    0.01    0.01    0.01    0.01

FCTH66
  mean                0       0       0       0       0       0
  std. dev.      0.0017  0.0017  0.0017  0.0017  0.0017  0.0017
  weight sum         43     148      76      61      64      24
  precision        0.01    0.01    0.01    0.01    0.01    0.01

FCTH67
  mean                0       0       0       0       0       0
  std. dev.      0.0017  0.0017  0.0017  0.0017  0.0017  0.0017
  weight sum         43     148      76      61      64      24
  precision        0.01    0.01    0.01    0.01    0.01    0.01

FCTH68
  mean                0       0       0       0       0       0
  std. dev.      0.0017  0.0017  0.0017  0.0017  0.0017  0.0017
  weight sum         43     148      76      61      64      24
  precision        0.01    0.01    0.01    0.01    0.01    0.01

FCTH69
  mean                0       0       0       0       0       0
  std. dev.      0.0017  0.0017  0.0017  0.0017  0.0017  0.0017
  weight sum         43     148      76      61      64      24
  precision        0.01    0.01    0.01    0.01    0.01    0.01

FCTH70
  mean                0       0       0       0       0       0
  std. dev.      0.0017  0.0017  0.0017  0.0017  0.0017  0.0017
  weight sum         43     148      76      61      64      24
  precision        0.01    0.01    0.01    0.01    0.01    0.01

FCTH71
  mean                0       0       0       0       0       0
  std. dev.      0.0017  0.0017  0.0017  0.0017  0.0017  0.0017
  weight sum         43     148      76      61      64      24
  precision        0.01    0.01    0.01    0.01    0.01    0.01

FCTH72
  mean                0       0  0.0395  0.1311  0.0781       0
  std. dev.      0.1667  0.1667  0.2534  0.3376  0.2684  0.1667
  weight sum         43     148      76      61      64      24
  precision           1       1       1       1       1       1

FCTH73
  mean           0.3953  0.1081  2.6447  2.3934  1.6563  2.4167
  std. dev.      0.6153  0.3316  1.6678  1.8042  1.0785  1.0375
  weight sum         43     148      76      61      64      24
  precision           1       1       1       1       1       1

FCTH74
  mean                0       0    0.75  0.4426  0.0313       0
  std. dev.      0.1667  0.1667  0.6713  0.5874   0.174  0.1667
  weight sum         43     148      76      61      64      24
  precision           1       1       1       1       1       1

FCTH75
  mean                0       0       0       0       0       0
  std. dev.      0.0017  0.0017  0.0017  0.0017  0.0017  0.0017
  weight sum         43     148      76      61      64      24
  precision        0.01    0.01    0.01    0.01    0.01    0.01

FCTH76
  mean                0       0       0       0       0       0
  std. dev.      0.0017  0.0017  0.0017  0.0017  0.0017  0.0017
  weight sum         43     148      76      61      64      24
  precision        0.01    0.01    0.01    0.01    0.01    0.01

FCTH77
  mean                0       0       0       0       0       0
  std. dev.      0.0017  0.0017  0.0017  0.0017  0.0017  0.0017
  weight sum         43     148      76      61      64      24
  precision        0.01    0.01    0.01    0.01    0.01    0.01

FCTH78
  mean                0       0       0       0       0       0
  std. dev.      0.0017  0.0017  0.0017  0.0017  0.0017  0.0017
  weight sum         43     148      76      61      64      24
  precision        0.01    0.01    0.01    0.01    0.01    0.01

FCTH79
  mean                0       0       0       0       0       0
  std. dev.      0.0017  0.0017  0.0017  0.0017  0.0017  0.0017
  weight sum         43     148      76      61      64      24
  precision        0.01    0.01    0.01    0.01    0.01    0.01

FCTH80
  mean                0       0       0       0       0       0
  std. dev.      0.0017  0.0017  0.0017  0.0017  0.0017  0.0017
  weight sum         43     148      76      61      64      24
  precision        0.01    0.01    0.01    0.01    0.01    0.01

FCTH81
  mean                0       0       0       0       0       0
  std. dev.      0.0017  0.0017  0.0017  0.0017  0.0017  0.0017
  weight sum         43     148      76      61      64      24
  precision        0.01    0.01    0.01    0.01    0.01    0.01

FCTH82
  mean                0       0       0       0       0       0
  std. dev.      0.0017  0.0017  0.0017  0.0017  0.0017  0.0017
  weight sum         43     148      76      61      64      24
  precision        0.01    0.01    0.01    0.01    0.01    0.01

FCTH83
  mean                0       0       0       0       0       0
  std. dev.      0.0017  0.0017  0.0017  0.0017  0.0017  0.0017
  weight sum         43     148      76      61      64      24
  precision        0.01    0.01    0.01    0.01    0.01    0.01

FCTH84
  mean                0       0       0       0       0       0
  std. dev.      0.0017  0.0017  0.0017  0.0017  0.0017  0.0017
  weight sum         43     148      76      61      64      24
  precision        0.01    0.01    0.01    0.01    0.01    0.01

FCTH85
  mean                0       0       0       0       0       0
  std. dev.      0.0017  0.0017  0.0017  0.0017  0.0017  0.0017
  weight sum         43     148      76      61      64      24
  precision        0.01    0.01    0.01    0.01    0.01    0.01

FCTH86
  mean                0       0       0       0       0       0
  std. dev.      0.0017  0.0017  0.0017  0.0017  0.0017  0.0017
  weight sum         43     148      76      61      64      24
  precision        0.01    0.01    0.01    0.01    0.01    0.01

FCTH87
  mean                0       0       0       0       0       0
  std. dev.      0.0017  0.0017  0.0017  0.0017  0.0017  0.0017
  weight sum         43     148      76      61      64      24
  precision        0.01    0.01    0.01    0.01    0.01    0.01

FCTH88
  mean                0       0       0       0       0       0
  std. dev.      0.0017  0.0017  0.0017  0.0017  0.0017  0.0017
  weight sum         43     148      76      61      64      24
  precision        0.01    0.01    0.01    0.01    0.01    0.01

FCTH89
  mean                0       0       0       0       0       0
  std. dev.      0.0017  0.0017  0.0017  0.0017  0.0017  0.0017
  weight sum         43     148      76      61      64      24
  precision        0.01    0.01    0.01    0.01    0.01    0.01

FCTH90
  mean                0       0       0       0       0       0
  std. dev.      0.0017  0.0017  0.0017  0.0017  0.0017  0.0017
  weight sum         43     148      76      61      64      24
  precision        0.01    0.01    0.01    0.01    0.01    0.01

FCTH91
  mean                0       0       0       0       0       0
  std. dev.      0.0017  0.0017  0.0017  0.0017  0.0017  0.0017
  weight sum         43     148      76      61      64      24
  precision        0.01    0.01    0.01    0.01    0.01    0.01

FCTH92
  mean                0       0       0       0       0       0
  std. dev.      0.0017  0.0017  0.0017  0.0017  0.0017  0.0017
  weight sum         43     148      76      61      64      24
  precision        0.01    0.01    0.01    0.01    0.01    0.01

FCTH93
  mean                0       0       0       0       0       0
  std. dev.      0.0017  0.0017  0.0017  0.0017  0.0017  0.0017
  weight sum         43     148      76      61      64      24
  precision        0.01    0.01    0.01    0.01    0.01    0.01

FCTH94
  mean                0       0       0       0       0       0
  std. dev.      0.0017  0.0017  0.0017  0.0017  0.0017  0.0017
  weight sum         43     148      76      61      64      24
  precision        0.01    0.01    0.01    0.01    0.01    0.01

FCTH95
  mean                0       0       0       0       0       0
  std. dev.      0.0017  0.0017  0.0017  0.0017  0.0017  0.0017
  weight sum         43     148      76      61      64      24
  precision        0.01    0.01    0.01    0.01    0.01    0.01

FCTH96
  mean                0       0       0  0.0164  0.0313       0
  std. dev.      0.1667  0.1667  0.1667  0.1667   0.174  0.1667
  weight sum         43     148      76      61      64      24
  precision           1       1       1       1       1       1

FCTH97
  mean                0       0  0.4474  0.5082   0.625  0.7917
  std. dev.      0.1667  0.1667  0.7326  0.7601  0.7603  0.4061
  weight sum         43     148      76      61      64      24
  precision           1       1       1       1       1       1

FCTH98
  mean                0       0  0.3684  0.2787       0       0
  std. dev.      0.1667  0.1667  0.5342  0.4835  0.1667  0.1667
  weight sum         43     148      76      61      64      24
  precision           1       1       1       1       1       1

FCTH99
  mean                0       0       0       0       0       0
  std. dev.      0.0017  0.0017  0.0017  0.0017  0.0017  0.0017
  weight sum         43     148      76      61      64      24
  precision        0.01    0.01    0.01    0.01    0.01    0.01

FCTH100
  mean                0       0       0       0       0       0
  std. dev.      0.0017  0.0017  0.0017  0.0017  0.0017  0.0017
  weight sum         43     148      76      61      64      24
  precision        0.01    0.01    0.01    0.01    0.01    0.01

FCTH101
  mean                0       0       0       0       0       0
  std. dev.      0.0017  0.0017  0.0017  0.0017  0.0017  0.0017
  weight sum         43     148      76      61      64      24
  precision        0.01    0.01    0.01    0.01    0.01    0.01

FCTH102
  mean                0       0       0       0       0       0
  std. dev.      0.0017  0.0017  0.0017  0.0017  0.0017  0.0017
  weight sum         43     148      76      61      64      24
  precision        0.01    0.01    0.01    0.01    0.01    0.01

FCTH103
  mean                0       0       0       0       0       0
  std. dev.      0.0017  0.0017  0.0017  0.0017  0.0017  0.0017
  weight sum         43     148      76      61      64      24
  precision        0.01    0.01    0.01    0.01    0.01    0.01

FCTH104
  mean                0       0       0       0       0       0
  std. dev.      0.0017  0.0017  0.0017  0.0017  0.0017  0.0017
  weight sum         43     148      76      61      64      24
  precision        0.01    0.01    0.01    0.01    0.01    0.01

FCTH105
  mean                0       0       0       0       0       0
  std. dev.      0.0017  0.0017  0.0017  0.0017  0.0017  0.0017
  weight sum         43     148      76      61      64      24
  precision        0.01    0.01    0.01    0.01    0.01    0.01

FCTH106
  mean                0       0       0       0       0       0
  std. dev.      0.0017  0.0017  0.0017  0.0017  0.0017  0.0017
  weight sum         43     148      76      61      64      24
  precision        0.01    0.01    0.01    0.01    0.01    0.01

FCTH107
  mean                0       0       0       0       0       0
  std. dev.      0.0017  0.0017  0.0017  0.0017  0.0017  0.0017
  weight sum         43     148      76      61      64      24
  precision        0.01    0.01    0.01    0.01    0.01    0.01

FCTH108
  mean                0       0       0       0       0       0
  std. dev.      0.0017  0.0017  0.0017  0.0017  0.0017  0.0017
  weight sum         43     148      76      61      64      24
  precision        0.01    0.01    0.01    0.01    0.01    0.01

FCTH109
  mean                0       0       0       0       0       0
  std. dev.      0.0017  0.0017  0.0017  0.0017  0.0017  0.0017
  weight sum         43     148      76      61      64      24
  precision        0.01    0.01    0.01    0.01    0.01    0.01

FCTH110
  mean                0       0       0       0       0       0
  std. dev.      0.0017  0.0017  0.0017  0.0017  0.0017  0.0017
  weight sum         43     148      76      61      64      24
  precision        0.01    0.01    0.01    0.01    0.01    0.01

FCTH111
  mean                0       0       0       0       0       0
  std. dev.      0.0017  0.0017  0.0017  0.0017  0.0017  0.0017
  weight sum         43     148      76      61      64      24
  precision        0.01    0.01    0.01    0.01    0.01    0.01

FCTH112
  mean                0       0       0       0       0       0
  std. dev.      0.0017  0.0017  0.0017  0.0017  0.0017  0.0017
  weight sum         43     148      76      61      64      24
  precision        0.01    0.01    0.01    0.01    0.01    0.01

FCTH113
  mean                0       0       0       0       0       0
  std. dev.      0.0017  0.0017  0.0017  0.0017  0.0017  0.0017
  weight sum         43     148      76      61      64      24
  precision        0.01    0.01    0.01    0.01    0.01    0.01

FCTH114
  mean                0       0       0       0       0       0
  std. dev.      0.0017  0.0017  0.0017  0.0017  0.0017  0.0017
  weight sum         43     148      76      61      64      24
  precision        0.01    0.01    0.01    0.01    0.01    0.01

FCTH115
  mean                0       0       0       0       0       0
  std. dev.      0.0017  0.0017  0.0017  0.0017  0.0017  0.0017
  weight sum         43     148      76      61      64      24
  precision        0.01    0.01    0.01    0.01    0.01    0.01

FCTH116
  mean                0       0       0       0       0       0
  std. dev.      0.0017  0.0017  0.0017  0.0017  0.0017  0.0017
  weight sum         43     148      76      61      64      24
  precision        0.01    0.01    0.01    0.01    0.01    0.01

FCTH117
  mean                0       0       0       0       0       0
  std. dev.      0.0017  0.0017  0.0017  0.0017  0.0017  0.0017
  weight sum         43     148      76      61      64      24
  precision        0.01    0.01    0.01    0.01    0.01    0.01

FCTH118
  mean                0       0       0       0       0       0
  std. dev.      0.0017  0.0017  0.0017  0.0017  0.0017  0.0017
  weight sum         43     148      76      61      64      24
  precision        0.01    0.01    0.01    0.01    0.01    0.01

FCTH119
  mean                0       0       0       0       0       0
  std. dev.      0.0017  0.0017  0.0017  0.0017  0.0017  0.0017
  weight sum         43     148      76      61      64      24
  precision        0.01    0.01    0.01    0.01    0.01    0.01

FCTH120
  mean                0       0  0.0132       0  0.0313       0
  std. dev.      0.1667  0.1667  0.1667  0.1667   0.174  0.1667
  weight sum         43     148      76      61      64      24
  precision           1       1       1       1       1       1

FCTH121
  mean                0  0.0068    0.75  0.7377  0.6563  0.9583
  std. dev.      0.1667  0.1667  1.1136  1.0227  0.8333   0.611
  weight sum         43     148      76      61      64      24
  precision           1       1       1       1       1       1

FCTH122
  mean                0       0  0.3816  0.2951       0       0
  std. dev.      0.1667  0.1667  0.5121  0.5231  0.1667  0.1667
  weight sum         43     148      76      61      64      24
  precision           1       1       1       1       1       1

FCTH123
  mean                0       0       0       0       0       0
  std. dev.      0.0017  0.0017  0.0017  0.0017  0.0017  0.0017
  weight sum         43     148      76      61      64      24
  precision        0.01    0.01    0.01    0.01    0.01    0.01

FCTH124
  mean                0       0       0       0       0       0
  std. dev.      0.0017  0.0017  0.0017  0.0017  0.0017  0.0017
  weight sum         43     148      76      61      64      24
  precision        0.01    0.01    0.01    0.01    0.01    0.01

FCTH125
  mean                0       0       0       0       0       0
  std. dev.      0.0017  0.0017  0.0017  0.0017  0.0017  0.0017
  weight sum         43     148      76      61      64      24
  precision        0.01    0.01    0.01    0.01    0.01    0.01

FCTH126
  mean                0       0       0       0       0       0
  std. dev.      0.0017  0.0017  0.0017  0.0017  0.0017  0.0017
  weight sum         43     148      76      61      64      24
  precision        0.01    0.01    0.01    0.01    0.01    0.01

FCTH127
  mean                0       0       0       0       0       0
  std. dev.      0.0017  0.0017  0.0017  0.0017  0.0017  0.0017
  weight sum         43     148      76      61      64      24
  precision        0.01    0.01    0.01    0.01    0.01    0.01

FCTH128
  mean                0       0       0       0       0       0
  std. dev.      0.0017  0.0017  0.0017  0.0017  0.0017  0.0017
  weight sum         43     148      76      61      64      24
  precision        0.01    0.01    0.01    0.01    0.01    0.01

FCTH129
  mean                0       0       0       0       0       0
  std. dev.      0.0017  0.0017  0.0017  0.0017  0.0017  0.0017
  weight sum         43     148      76      61      64      24
  precision        0.01    0.01    0.01    0.01    0.01    0.01

FCTH130
  mean                0       0       0       0       0       0
  std. dev.      0.0017  0.0017  0.0017  0.0017  0.0017  0.0017
  weight sum         43     148      76      61      64      24
  precision        0.01    0.01    0.01    0.01    0.01    0.01

FCTH131
  mean                0       0       0       0       0       0
  std. dev.      0.0017  0.0017  0.0017  0.0017  0.0017  0.0017
  weight sum         43     148      76      61      64      24
  precision        0.01    0.01    0.01    0.01    0.01    0.01

FCTH132
  mean                0       0       0       0       0       0
  std. dev.      0.0017  0.0017  0.0017  0.0017  0.0017  0.0017
  weight sum         43     148      76      61      64      24
  precision        0.01    0.01    0.01    0.01    0.01    0.01

FCTH133
  mean                0       0       0       0       0       0
  std. dev.      0.0017  0.0017  0.0017  0.0017  0.0017  0.0017
  weight sum         43     148      76      61      64      24
  precision        0.01    0.01    0.01    0.01    0.01    0.01

FCTH134
  mean                0       0       0       0       0       0
  std. dev.      0.0017  0.0017  0.0017  0.0017  0.0017  0.0017
  weight sum         43     148      76      61      64      24
  precision        0.01    0.01    0.01    0.01    0.01    0.01

FCTH135
  mean                0       0       0       0       0       0
  std. dev.      0.0017  0.0017  0.0017  0.0017  0.0017  0.0017
  weight sum         43     148      76      61      64      24
  precision        0.01    0.01    0.01    0.01    0.01    0.01

FCTH136
  mean                0       0       0       0       0       0
  std. dev.      0.0017  0.0017  0.0017  0.0017  0.0017  0.0017
  weight sum         43     148      76      61      64      24
  precision        0.01    0.01    0.01    0.01    0.01    0.01

FCTH137
  mean                0       0       0       0       0       0
  std. dev.      0.0017  0.0017  0.0017  0.0017  0.0017  0.0017
  weight sum         43     148      76      61      64      24
  precision        0.01    0.01    0.01    0.01    0.01    0.01

FCTH138
  mean                0       0       0       0       0       0
  std. dev.      0.0017  0.0017  0.0017  0.0017  0.0017  0.0017
  weight sum         43     148      76      61      64      24
  precision        0.01    0.01    0.01    0.01    0.01    0.01

FCTH139
  mean                0       0       0       0       0       0
  std. dev.      0.0017  0.0017  0.0017  0.0017  0.0017  0.0017
  weight sum         43     148      76      61      64      24
  precision        0.01    0.01    0.01    0.01    0.01    0.01

FCTH140
  mean                0       0       0       0       0       0
  std. dev.      0.0017  0.0017  0.0017  0.0017  0.0017  0.0017
  weight sum         43     148      76      61      64      24
  precision        0.01    0.01    0.01    0.01    0.01    0.01

FCTH141
  mean                0       0       0       0       0       0
  std. dev.      0.0017  0.0017  0.0017  0.0017  0.0017  0.0017
  weight sum         43     148      76      61      64      24
  precision        0.01    0.01    0.01    0.01    0.01    0.01

FCTH142
  mean                0       0       0       0       0       0
  std. dev.      0.0017  0.0017  0.0017  0.0017  0.0017  0.0017
  weight sum         43     148      76      61      64      24
  precision        0.01    0.01    0.01    0.01    0.01    0.01

FCTH143
  mean                0       0       0       0       0       0
  std. dev.      0.0017  0.0017  0.0017  0.0017  0.0017  0.0017
  weight sum         43     148      76      61      64      24
  precision        0.01    0.01    0.01    0.01    0.01    0.01

FCTH144
  mean                0       0       0       0       0       0
  std. dev.      0.0017  0.0017  0.0017  0.0017  0.0017  0.0017
  weight sum         43     148      76      61      64      24
  precision        0.01    0.01    0.01    0.01    0.01    0.01

FCTH145
  mean                0       0  0.3553  0.4426  0.5313   0.625
  std. dev.      0.1667  0.1667  0.7201  0.8782  0.7282  0.4841
  weight sum         43     148      76      61      64      24
  precision           1       1       1       1       1       1

FCTH146
  mean                0       0  0.2368  0.1639       0       0
  std. dev.      0.1667  0.1667  0.4251  0.3702  0.1667  0.1667
  weight sum         43     148      76      61      64      24
  precision           1       1       1       1       1       1

FCTH147
  mean                0       0       0       0       0       0
  std. dev.      0.0017  0.0017  0.0017  0.0017  0.0017  0.0017
  weight sum         43     148      76      61      64      24
  precision        0.01    0.01    0.01    0.01    0.01    0.01

FCTH148
  mean                0       0       0       0       0       0
  std. dev.      0.0017  0.0017  0.0017  0.0017  0.0017  0.0017
  weight sum         43     148      76      61      64      24
  precision        0.01    0.01    0.01    0.01    0.01    0.01

FCTH149
  mean                0       0       0       0       0       0
  std. dev.      0.0017  0.0017  0.0017  0.0017  0.0017  0.0017
  weight sum         43     148      76      61      64      24
  precision        0.01    0.01    0.01    0.01    0.01    0.01

FCTH150
  mean                0       0       0       0       0       0
  std. dev.      0.0017  0.0017  0.0017  0.0017  0.0017  0.0017
  weight sum         43     148      76      61      64      24
  precision        0.01    0.01    0.01    0.01    0.01    0.01

FCTH151
  mean                0       0       0       0       0       0
  std. dev.      0.0017  0.0017  0.0017  0.0017  0.0017  0.0017
  weight sum         43     148      76      61      64      24
  precision        0.01    0.01    0.01    0.01    0.01    0.01

FCTH152
  mean                0       0       0       0       0       0
  std. dev.      0.0017  0.0017  0.0017  0.0017  0.0017  0.0017
  weight sum         43     148      76      61      64      24
  precision        0.01    0.01    0.01    0.01    0.01    0.01

FCTH153
  mean                0       0       0       0       0       0
  std. dev.      0.0017  0.0017  0.0017  0.0017  0.0017  0.0017
  weight sum         43     148      76      61      64      24
  precision        0.01    0.01    0.01    0.01    0.01    0.01

FCTH154
  mean                0       0       0       0       0       0
  std. dev.      0.0017  0.0017  0.0017  0.0017  0.0017  0.0017
  weight sum         43     148      76      61      64      24
  precision        0.01    0.01    0.01    0.01    0.01    0.01

FCTH155
  mean                0       0       0       0       0       0
  std. dev.      0.0017  0.0017  0.0017  0.0017  0.0017  0.0017
  weight sum         43     148      76      61      64      24
  precision        0.01    0.01    0.01    0.01    0.01    0.01

FCTH156
  mean                0       0       0       0       0       0
  std. dev.      0.0017  0.0017  0.0017  0.0017  0.0017  0.0017
  weight sum         43     148      76      61      64      24
  precision        0.01    0.01    0.01    0.01    0.01    0.01

FCTH157
  mean                0       0       0       0       0       0
  std. dev.      0.0017  0.0017  0.0017  0.0017  0.0017  0.0017
  weight sum         43     148      76      61      64      24
  precision        0.01    0.01    0.01    0.01    0.01    0.01

FCTH158
  mean                0       0       0       0       0       0
  std. dev.      0.0017  0.0017  0.0017  0.0017  0.0017  0.0017
  weight sum         43     148      76      61      64      24
  precision        0.01    0.01    0.01    0.01    0.01    0.01

FCTH159
  mean                0       0       0       0       0       0
  std. dev.      0.0017  0.0017  0.0017  0.0017  0.0017  0.0017
  weight sum         43     148      76      61      64      24
  precision        0.01    0.01    0.01    0.01    0.01    0.01

FCTH160
  mean                0       0       0       0       0       0
  std. dev.      0.0017  0.0017  0.0017  0.0017  0.0017  0.0017
  weight sum         43     148      76      61      64      24
  precision        0.01    0.01    0.01    0.01    0.01    0.01

FCTH161
  mean                0       0       0       0       0       0
  std. dev.      0.0017  0.0017  0.0017  0.0017  0.0017  0.0017
  weight sum         43     148      76      61      64      24
  precision        0.01    0.01    0.01    0.01    0.01    0.01

FCTH162
  mean                0       0       0       0       0       0
  std. dev.      0.0017  0.0017  0.0017  0.0017  0.0017  0.0017
  weight sum         43     148      76      61      64      24
  precision        0.01    0.01    0.01    0.01    0.01    0.01

FCTH163
  mean                0       0       0       0       0       0
  std. dev.      0.0017  0.0017  0.0017  0.0017  0.0017  0.0017
  weight sum         43     148      76      61      64      24
  precision        0.01    0.01    0.01    0.01    0.01    0.01

FCTH164
  mean                0       0       0       0       0       0
  std. dev.      0.0017  0.0017  0.0017  0.0017  0.0017  0.0017
  weight sum         43     148      76      61      64      24
  precision        0.01    0.01    0.01    0.01    0.01    0.01

FCTH165
  mean                0       0       0       0       0       0
  std. dev.      0.0017  0.0017  0.0017  0.0017  0.0017  0.0017
  weight sum         43     148      76      61      64      24
  precision        0.01    0.01    0.01    0.01    0.01    0.01

FCTH166
  mean                0       0       0       0       0       0
  std. dev.      0.0017  0.0017  0.0017  0.0017  0.0017  0.0017
  weight sum         43     148      76      61      64      24
  precision        0.01    0.01    0.01    0.01    0.01    0.01

FCTH167
  mean                0       0       0       0       0       0
  std. dev.      0.0017  0.0017  0.0017  0.0017  0.0017  0.0017
  weight sum         43     148      76      61      64      24
  precision        0.01    0.01    0.01    0.01    0.01    0.01

FCTH168
  mean                0       0       0       0       0       0
  std. dev.      0.0017  0.0017  0.0017  0.0017  0.0017  0.0017
  weight sum         43     148      76      61      64      24
  precision        0.01    0.01    0.01    0.01    0.01    0.01

FCTH169
  mean                0  0.0068  1.0658  1.1148  0.7188   0.625
  std. dev.      0.1667  0.1667   1.633  1.6306  0.9917  0.4841
  weight sum         43     148      76      61      64      24
  precision           1       1       1       1       1       1

FCTH170
  mean                0       0  0.4342  0.3689       0       0
  std. dev.        0.25    0.25  0.6803  0.7007    0.25    0.25
  weight sum         43     148      76      61      64      24
  precision         1.5     1.5     1.5     1.5     1.5     1.5

FCTH171
  mean                0       0       0       0       0       0
  std. dev.      0.0017  0.0017  0.0017  0.0017  0.0017  0.0017
  weight sum         43     148      76      61      64      24
  precision        0.01    0.01    0.01    0.01    0.01    0.01

FCTH172
  mean                0       0       0       0       0       0
  std. dev.      0.0017  0.0017  0.0017  0.0017  0.0017  0.0017
  weight sum         43     148      76      61      64      24
  precision        0.01    0.01    0.01    0.01    0.01    0.01

FCTH173
  mean                0       0       0       0       0       0
  std. dev.      0.0017  0.0017  0.0017  0.0017  0.0017  0.0017
  weight sum         43     148      76      61      64      24
  precision        0.01    0.01    0.01    0.01    0.01    0.01

FCTH174
  mean                0       0       0       0       0       0
  std. dev.      0.0017  0.0017  0.0017  0.0017  0.0017  0.0017
  weight sum         43     148      76      61      64      24
  precision        0.01    0.01    0.01    0.01    0.01    0.01

FCTH175
  mean                0       0       0       0       0       0
  std. dev.      0.0017  0.0017  0.0017  0.0017  0.0017  0.0017
  weight sum         43     148      76      61      64      24
  precision        0.01    0.01    0.01    0.01    0.01    0.01

FCTH176
  mean                0       0       0       0       0       0
  std. dev.      0.0017  0.0017  0.0017  0.0017  0.0017  0.0017
  weight sum         43     148      76      61      64      24
  precision        0.01    0.01    0.01    0.01    0.01    0.01

FCTH177
  mean                0       0       0       0       0       0
  std. dev.      0.0017  0.0017  0.0017  0.0017  0.0017  0.0017
  weight sum         43     148      76      61      64      24
  precision        0.01    0.01    0.01    0.01    0.01    0.01

FCTH178
  mean                0       0       0       0       0       0
  std. dev.      0.0017  0.0017  0.0017  0.0017  0.0017  0.0017
  weight sum         43     148      76      61      64      24
  precision        0.01    0.01    0.01    0.01    0.01    0.01

FCTH179
  mean                0       0       0       0       0       0
  std. dev.      0.0017  0.0017  0.0017  0.0017  0.0017  0.0017
  weight sum         43     148      76      61      64      24
  precision        0.01    0.01    0.01    0.01    0.01    0.01

FCTH180
  mean                0       0       0       0       0       0
  std. dev.      0.0017  0.0017  0.0017  0.0017  0.0017  0.0017
  weight sum         43     148      76      61      64      24
  precision        0.01    0.01    0.01    0.01    0.01    0.01

FCTH181
  mean                0       0       0       0       0       0
  std. dev.      0.0017  0.0017  0.0017  0.0017  0.0017  0.0017
  weight sum         43     148      76      61      64      24
  precision        0.01    0.01    0.01    0.01    0.01    0.01

FCTH182
  mean                0       0       0       0       0       0
  std. dev.      0.0017  0.0017  0.0017  0.0017  0.0017  0.0017
  weight sum         43     148      76      61      64      24
  precision        0.01    0.01    0.01    0.01    0.01    0.01

FCTH183
  mean                0       0       0       0       0       0
  std. dev.      0.0017  0.0017  0.0017  0.0017  0.0017  0.0017
  weight sum         43     148      76      61      64      24
  precision        0.01    0.01    0.01    0.01    0.01    0.01

FCTH184
  mean                0       0       0       0       0       0
  std. dev.      0.0017  0.0017  0.0017  0.0017  0.0017  0.0017
  weight sum         43     148      76      61      64      24
  precision        0.01    0.01    0.01    0.01    0.01    0.01

FCTH185
  mean                0       0       0       0       0       0
  std. dev.      0.0017  0.0017  0.0017  0.0017  0.0017  0.0017
  weight sum         43     148      76      61      64      24
  precision        0.01    0.01    0.01    0.01    0.01    0.01

FCTH186
  mean                0       0       0       0       0       0
  std. dev.      0.0017  0.0017  0.0017  0.0017  0.0017  0.0017
  weight sum         43     148      76      61      64      24
  precision        0.01    0.01    0.01    0.01    0.01    0.01

FCTH187
  mean                0       0       0       0       0       0
  std. dev.      0.0017  0.0017  0.0017  0.0017  0.0017  0.0017
  weight sum         43     148      76      61      64      24
  precision        0.01    0.01    0.01    0.01    0.01    0.01

FCTH188
  mean                0       0       0       0       0       0
  std. dev.      0.0017  0.0017  0.0017  0.0017  0.0017  0.0017
  weight sum         43     148      76      61      64      24
  precision        0.01    0.01    0.01    0.01    0.01    0.01

FCTH189
  mean                0       0       0       0       0       0
  std. dev.      0.0017  0.0017  0.0017  0.0017  0.0017  0.0017
  weight sum         43     148      76      61      64      24
  precision        0.01    0.01    0.01    0.01    0.01    0.01

FCTH190
  mean                0       0       0       0       0       0
  std. dev.      0.0017  0.0017  0.0017  0.0017  0.0017  0.0017
  weight sum         43     148      76      61      64      24
  precision        0.01    0.01    0.01    0.01    0.01    0.01

FCTH191
  mean                0       0       0       0       0       0
  std. dev.      0.0017  0.0017  0.0017  0.0017  0.0017  0.0017
  weight sum         43     148      76      61      64      24
  precision        0.01    0.01    0.01    0.01    0.01    0.01



Time taken to build model: 0.22 seconds

Time taken to test model on training data: 0.1 seconds

=== Error on training data ===

Correctly Classified Instances           0                0      %
Incorrectly Classified Instances         1                0.2404 %
Kappa statistic                          0     
Mean absolute error                      0.333 
Root mean squared error                  0.5768
Relative absolute error              50839.0903 %
Root relative squared error           3120.8236 %
UnClassified Instances                 415               99.7596 %
Total Number of Instances              416     


=== Detailed Accuracy By Class ===

                 TP Rate  FP Rate  Precision  Recall   F-Measure  MCC      ROC Area  PRC Area  Class
                 ?        0.000    ?          ?        ?          ?        0.500     0.103     K1
                 ?        0.000    ?          ?        ?          ?        0.500     0.356     K2
                 0.000    ?        ?          0.000    ?          ?        0.501     0.183     K3
                 ?        1.000    0.000      ?        ?          ?        0.500     0.147     K4
                 ?        0.000    ?          ?        ?          ?        0.553     0.169     K5
                 ?        0.000    ?          ?        ?          ?        0.546     0.063     K6
Weighted Avg.    0.000    ?        ?          0.000    ?          ?        0.501     0.183     


=== Confusion Matrix ===

 a b c d e f   <-- classified as
 0 0 0 0 0 0 | a = K1
 0 0 0 0 0 0 | b = K2
 0 0 0 1 0 0 | c = K3
 0 0 0 0 0 0 | d = K4
 0 0 0 0 0 0 | e = K5
 0 0 0 0 0 0 | f = K6

Time taken to perform cross-validation: 0.16 seconds


=== Stratified cross-validation ===

Correctly Classified Instances           0                0      %
Incorrectly Classified Instances         2                0.4808 %
Kappa statistic                         -0.3333
Mean absolute error                      0.3333
Root mean squared error                  0.5774
Relative absolute error              24894.4882 %
Root relative squared error           2163.7907 %
UnClassified Instances                 414               99.5192 %
Total Number of Instances              416     


=== Detailed Accuracy By Class ===

                 TP Rate  FP Rate  Precision  Recall   F-Measure  MCC      ROC Area  PRC Area  Class
                 ?        0.000    ?          ?        ?          ?        0.500     0.103     K1
                 ?        0.000    ?          ?        ?          ?        0.500     0.356     K2
                 0.000    0.000    ?          0.000    ?          ?        0.496     0.182     K3
                 0.000    1.000    0.000      0.000    0.000      -1.000   0.492     0.145     K4
                 ?        0.500    0.000      ?        ?          ?        0.550     0.168     K5
                 ?        0.000    ?          ?        ?          ?        0.546     0.063     K6
Weighted Avg.    0.000    0.500    ?          0.000    ?          ?        0.494     0.163     


=== Confusion Matrix ===

 a b c d e f   <-- classified as
 0 0 0 0 0 0 | a = K1
 0 0 0 0 0 0 | b = K2
 0 0 0 1 0 0 | c = K3
 0 0 0 0 1 0 | d = K4
 0 0 0 0 0 0 | e = K5
 0 0 0 0 0 0 | f = K6

