
=== Classifier model (full training set) ===

Naive Bayes Classifier

                                       Class
Attribute                                 K1       K2       K3       K4       K5       K6       K7       K8
                                       (0.1)   (0.35)   (0.18)   (0.15)   (0.15)   (0.06)      (0)      (0)
============================================================================================================
Histogram of JPEG Coefficients0
  mean                                69.1395  58.4122  96.4342 114.6885   0.2188     0.25        0        0
  std. dev.                           71.4063  62.6563  83.1075  79.0322   1.2179   0.6614   0.0017   0.0017
  weight sum                               43      148       76       61       64       24        0        0
  precision                              0.01     0.01     0.01     0.01     0.01     0.01     0.01     0.01

Histogram of JPEG Coefficients1
  mean                               217.8372 220.4459 145.0921 176.2459  87.6875 118.9583        0        0
  std. dev.                           36.2099  47.6722   95.085  93.4984  48.7564  40.0442   0.0017   0.0017
  weight sum                               43      148       76       61       64       24        0        0
  precision                              0.01     0.01     0.01     0.01     0.01     0.01     0.01     0.01

Histogram of JPEG Coefficients2
  mean                               224.3488 189.6892 176.3553 202.5574  161.625      212        0        0
  std. dev.                           34.1201  49.9238  89.9099  76.5852  82.6188  31.7136   0.0017   0.0017
  weight sum                               43      148       76       61       64       24        0        0
  precision                              0.01     0.01     0.01     0.01     0.01     0.01     0.01     0.01

Histogram of JPEG Coefficients3
  mean                               140.7209 119.3311 137.1316 153.0492 155.6094  218.375        0        0
  std. dev.                            30.586   41.157  61.1859  59.5534  70.6571  37.1896   0.0017   0.0017
  weight sum                               43      148       76       61       64       24        0        0
  precision                              0.01     0.01     0.01     0.01     0.01     0.01     0.01     0.01

Histogram of JPEG Coefficients4
  mean                                78.1395  59.8378  92.8553 108.7377 129.1719 185.1667        0        0
  std. dev.                           28.1859  30.2588  53.6104   52.803  71.9624  36.8789   0.0017   0.0017
  weight sum                               43      148       76       61       64       24        0        0
  precision                              0.01     0.01     0.01     0.01     0.01     0.01     0.01     0.01

Histogram of JPEG Coefficients5
  mean                                41.6512  39.1081  62.0658  73.0328  88.8125  137.375        0        0
  std. dev.                           18.3745  23.6646  42.2459   35.083  52.8544  41.6471   0.0017   0.0017
  weight sum                               43      148       76       61       64       24        0        0
  precision                              0.01     0.01     0.01     0.01     0.01     0.01     0.01     0.01

Histogram of JPEG Coefficients6
  mean                                37.2791  38.3581  44.8816  60.5246  83.9844 125.3333        0        0
  std. dev.                           20.2201  24.3388  37.5016   44.382  52.2065  56.7169   0.0017   0.0017
  weight sum                               43      148       76       61       64       24        0        0
  precision                              0.01     0.01     0.01     0.01     0.01     0.01     0.01     0.01

Histogram of JPEG Coefficients7
  mean                                 47.814  53.8446  33.1316  47.7377       75 120.9167        0        0
  std. dev.                           24.2997  35.2253   23.689  27.2011  62.9511  60.1899   0.0017   0.0017
  weight sum                               43      148       76       61       64       24        0        0
  precision                              0.01     0.01     0.01     0.01     0.01     0.01     0.01     0.01

Histogram of JPEG Coefficients8
  mean                               146.2326 180.6081  69.6316  63.7541    59.25   85.625        0        0
  std. dev.                            53.721  44.9903  44.5362  33.5592  34.5457  20.6354   0.0017   0.0017
  weight sum                               43      148       76       61       64       24        0        0
  precision                              0.01     0.01     0.01     0.01     0.01     0.01     0.01     0.01

Histogram of JPEG Coefficients9
  mean                               200.1628 165.3041 178.5658 154.7213 182.2188  213.125        0        0
  std. dev.                           48.5055  45.1986  93.7612  78.1237  61.2039  39.9534   0.0017   0.0017
  weight sum                               43      148       76       61       64       24        0        0
  precision                              0.01     0.01     0.01     0.01     0.01     0.01     0.01     0.01

Histogram of JPEG Coefficients10
  mean                               144.1395 105.4324 166.8158 143.7541 203.3125   200.75        0        0
  std. dev.                            47.167   48.636  78.3746  52.6637   48.461   37.143   0.0017   0.0017
  weight sum                               43      148       76       61       64       24        0        0
  precision                              0.01     0.01     0.01     0.01     0.01     0.01     0.01     0.01

Histogram of JPEG Coefficients11
  mean                                51.3256  34.6149 103.8289 103.6557 150.4531 179.4167        0        0
  std. dev.                           24.9853  23.6073  49.9651  48.2395  58.3508  50.2468   0.0017   0.0017
  weight sum                               43      148       76       61       64       24        0        0
  precision                              0.01     0.01     0.01     0.01     0.01     0.01     0.01     0.01

Histogram of JPEG Coefficients12
  mean                                17.5581  13.3446  65.7895  70.5082 109.7969 134.2917        0        0
  std. dev.                            10.599  12.2368  39.8515  40.0809  49.0657  35.2922   0.0017   0.0017
  weight sum                               43      148       76       61       64       24        0        0
  precision                              0.01     0.01     0.01     0.01     0.01     0.01     0.01     0.01

Histogram of JPEG Coefficients13
  mean                                 5.6279   8.5541  43.8421  38.6066  87.4219  98.4167        0        0
  std. dev.                            3.8821   6.5267  41.4967   26.614  54.9843  42.5195   0.0017   0.0017
  weight sum                               43      148       76       61       64       24        0        0
  precision                              0.01     0.01     0.01     0.01     0.01     0.01     0.01     0.01

Histogram of JPEG Coefficients14
  mean                                 6.5814  10.2162  17.6316  27.3115    54.25     89.5        0        0
  std. dev.                            3.4047   6.7719  14.5745  21.8606  35.7574  50.0841   0.0017   0.0017
  weight sum                               43      148       76       61       64       24        0        0
  precision                              0.01     0.01     0.01     0.01     0.01     0.01     0.01     0.01

Histogram of JPEG Coefficients15
  mean                                     19  29.2635  18.3026  23.9672  59.8281    103.5        0        0
  std. dev.                           10.9799  16.3465  15.4375  15.1083  56.2702  66.6508   0.0017   0.0017
  weight sum                               43      148       76       61       64       24        0        0
  precision                              0.01     0.01     0.01     0.01     0.01     0.01     0.01     0.01

Histogram of JPEG Coefficients16
  mean                                    169  196.473 106.5132  93.1639 123.9688 124.0417        0        0
  std. dev.                           58.9505  53.7071  59.2678  42.9987  60.8836   46.901   0.0017   0.0017
  weight sum                               43      148       76       61       64       24        0        0
  precision                              0.01     0.01     0.01     0.01     0.01     0.01     0.01     0.01

Histogram of JPEG Coefficients17
  mean                               140.6047 111.0676 165.1316 126.0328 178.9844 174.5417        0        0
  std. dev.                           47.8968  40.4486  73.1074  52.4682   67.002  45.1165   0.0017   0.0017
  weight sum                               43      148       76       61       64       24        0        0
  precision                              0.01     0.01     0.01     0.01     0.01     0.01     0.01     0.01

Histogram of JPEG Coefficients18
  mean                                85.6047  51.5946    134.5  91.9508 191.6406 153.0417        0        0
  std. dev.                            40.133  31.5262  66.1805  39.4314   62.094  32.3696   0.0017   0.0017
  weight sum                               43      148       76       61       64       24        0        0
  precision                              0.01     0.01     0.01     0.01     0.01     0.01     0.01     0.01

Histogram of JPEG Coefficients19
  mean                                27.5349  14.7838  77.6316  61.5738 167.1094 120.2917        0        0
  std. dev.                           19.4211  11.8519  37.5457  34.2768  53.5138  29.9465   0.0017   0.0017
  weight sum                               43      148       76       61       64       24        0        0
  precision                              0.01     0.01     0.01     0.01     0.01     0.01     0.01     0.01

Histogram of JPEG Coefficients20
  mean                                 6.7209   7.9189  49.9342  45.2459  94.1875   84.375        0        0
  std. dev.                            5.5209   6.4478  40.7897  34.6976  39.0412  31.7947   0.0017   0.0017
  weight sum                               43      148       76       61       64       24        0        0
  precision                              0.01     0.01     0.01     0.01     0.01     0.01     0.01     0.01

Histogram of JPEG Coefficients21
  mean                                 4.4419   7.2838  22.0395  28.2295  63.5938    66.25        0        0
  std. dev.                            2.0151   5.2014  17.8004  29.5526  35.2313  41.9506   0.0017   0.0017
  weight sum                               43      148       76       61       64       24        0        0
  precision                              0.01     0.01     0.01     0.01     0.01     0.01     0.01     0.01

Histogram of JPEG Coefficients22
  mean                                10.7209  14.2838  16.1184  20.3115  53.9219  54.2917        0        0
  std. dev.                            5.4659   8.7093  13.1078  14.5225  57.6144  39.8021   0.0017   0.0017
  weight sum                               43      148       76       61       64       24        0        0
  precision                              0.01     0.01     0.01     0.01     0.01     0.01     0.01     0.01

Histogram of JPEG Coefficients23
  mean                                17.1395  25.1284  14.1842  24.5082  40.7031   74.875        0        0
  std. dev.                            8.5931  14.5446  17.2243  34.2979  35.6273  57.5292   0.0017   0.0017
  weight sum                               43      148       76       61       64       24        0        0
  precision                              0.01     0.01     0.01     0.01     0.01     0.01     0.01     0.01

Histogram of JPEG Coefficients24
  mean                               125.2093 156.9527  82.4605  65.7869 107.1406  109.375        0        0
  std. dev.                           47.9736  45.9105  36.9977  31.6244  52.9731  45.6151   0.0017   0.0017
  weight sum                               43      148       76       61       64       24        0        0
  precision                              0.01     0.01     0.01     0.01     0.01     0.01     0.01     0.01

Histogram of JPEG Coefficients25
  mean                                71.0233  53.2703 100.5395  83.8033 132.9063  125.125        0        0
  std. dev.                           34.8568  26.9896  49.0074  39.9454  51.1785  26.4973   0.0017   0.0017
  weight sum                               43      148       76       61       64       24        0        0
  precision                              0.01     0.01     0.01     0.01     0.01     0.01     0.01     0.01

Histogram of JPEG Coefficients26
  mean                                28.7907  17.0743  75.9868  64.6557 134.7344 108.5833        0        0
  std. dev.                           18.8082  13.0778  41.6051  38.8793  56.4422  23.9024   0.0017   0.0017
  weight sum                               43      148       76       61       64       24        0        0
  precision                              0.01     0.01     0.01     0.01     0.01     0.01     0.01     0.01

Histogram of JPEG Coefficients27
  mean                                12.1395   7.7703  61.3289  36.3443 130.0625  84.5417        0        0
  std. dev.                           10.2539   5.7892  44.2113  18.8956    62.96  29.6395   0.0017   0.0017
  weight sum                               43      148       76       61       64       24        0        0
  precision                              0.01     0.01     0.01     0.01     0.01     0.01     0.01     0.01

Histogram of JPEG Coefficients28
  mean                                  2.186   3.7095  28.0658   26.541  83.3906     50.5        0        0
  std. dev.                            1.6176   2.8409  21.8676  21.6943  49.5863  21.3288   0.0017   0.0017
  weight sum                               43      148       76       61       64       24        0        0
  precision                              0.01     0.01     0.01     0.01     0.01     0.01     0.01     0.01

Histogram of JPEG Coefficients29
  mean                                 2.7442    4.723  17.9868   21.377  53.0313  48.0417        0        0
  std. dev.                              1.74   3.7611  27.8886  32.6397  46.1556  39.9974   0.0017   0.0017
  weight sum                               43      148       76       61       64       24        0        0
  precision                              0.01     0.01     0.01     0.01     0.01     0.01     0.01     0.01

Histogram of JPEG Coefficients30
  mean                                 4.8372   8.2297   9.5395  12.7705     34.5     39.5        0        0
  std. dev.                            2.9249   5.0686  10.1183   9.8537   36.744  20.7605   0.0017   0.0017
  weight sum                               43      148       76       61       64       24        0        0
  precision                              0.01     0.01     0.01     0.01     0.01     0.01     0.01     0.01

Histogram of JPEG Coefficients31
  mean                                13.7442  21.9459  12.6053  17.7049  34.3594     48.5        0        0
  std. dev.                            6.8577  12.1287  10.5295  14.9955  34.3504  29.5085   0.0017   0.0017
  weight sum                               43      148       76       61       64       24        0        0
  precision                              0.01     0.01     0.01     0.01     0.01     0.01     0.01     0.01

Histogram of JPEG Coefficients32
  mean                                68.6512  92.7568  45.2763   45.377 107.1875  84.9583        0        0
  std. dev.                           29.7664  32.8863  29.8402  27.0889  68.0482  48.7865   0.0017   0.0017
  weight sum                               43      148       76       61       64       24        0        0
  precision                              0.01     0.01     0.01     0.01     0.01     0.01     0.01     0.01

Histogram of JPEG Coefficients33
  mean                                26.3721  20.0541  46.8289  50.0656  93.4531 102.9167        0        0
  std. dev.                           15.6874  13.5845   34.311  28.8869  47.1911  24.8377   0.0017   0.0017
  weight sum                               43      148       76       61       64       24        0        0
  precision                              0.01     0.01     0.01     0.01     0.01     0.01     0.01     0.01

Histogram of JPEG Coefficients34
  mean                                 5.1628   3.6216    38.25  29.5738  85.4063   61.875        0        0
  std. dev.                            6.2911   4.0091  30.0531  17.5494  51.3729  22.5819   0.0017   0.0017
  weight sum                               43      148       76       61       64       24        0        0
  precision                              0.01     0.01     0.01     0.01     0.01     0.01     0.01     0.01

Histogram of JPEG Coefficients35
  mean                                 1.7209   2.7432  31.9079   18.541  82.4375  49.9167        0        0
  std. dev.                            1.4358   2.5578  47.4874  14.4988  50.1301  17.7996   0.0017   0.0017
  weight sum                               43      148       76       61       64       24        0        0
  precision                              0.01     0.01     0.01     0.01     0.01     0.01     0.01     0.01

Histogram of JPEG Coefficients36
  mean                                 2.2326   3.4122  21.2632  12.4918  64.3906    30.25        0        0
  std. dev.                            1.8151   3.0689  29.5102   9.5465  52.5204  17.6216   0.0017   0.0017
  weight sum                               43      148       76       61       64       24        0        0
  precision                              0.01     0.01     0.01     0.01     0.01     0.01     0.01     0.01

Histogram of JPEG Coefficients37
  mean                                 4.2558   6.9527  17.6579   9.5082  34.7656  36.3333        0        0
  std. dev.                            2.6422   4.4696  20.6752   8.7302  46.7499  19.8529   0.0017   0.0017
  weight sum                               43      148       76       61       64       24        0        0
  precision                              0.01     0.01     0.01     0.01     0.01     0.01     0.01     0.01

Histogram of JPEG Coefficients38
  mean                                 5.3721   8.8108  13.8947  16.1475  26.9063  47.9167        0        0
  std. dev.                            3.1477   5.6105  17.6841  25.1512  32.1713  39.9666   0.0017   0.0017
  weight sum                               43      148       76       61       64       24        0        0
  precision                              0.01     0.01     0.01     0.01     0.01     0.01     0.01     0.01

Histogram of JPEG Coefficients39
  mean                                14.7209  22.7905  17.1974  26.5574  23.1875  50.7917        0        0
  std. dev.                            6.5639  12.2056  23.0052  41.6214  29.1868  30.1302   0.0017   0.0017
  weight sum                               43      148       76       61       64       24        0        0
  precision                              0.01     0.01     0.01     0.01     0.01     0.01     0.01     0.01

Histogram of JPEG Coefficients40
  mean                                37.9535  52.5811  27.2895  27.3443  86.5625  68.5833        0        0
  std. dev.                           19.6563    19.62  21.4935  16.1924  68.4043  48.2648   0.0017   0.0017
  weight sum                               43      148       76       61       64       24        0        0
  precision                              0.01     0.01     0.01     0.01     0.01     0.01     0.01     0.01

Histogram of JPEG Coefficients41
  mean                                 6.0698   5.5676  23.8026   29.459  68.0469     54.5        0        0
  std. dev.                            6.0594   5.8785  18.8631  17.7594  33.9188  12.4432   0.0017   0.0017
  weight sum                               43      148       76       61       64       24        0        0
  precision                              0.01     0.01     0.01     0.01     0.01     0.01     0.01     0.01

Histogram of JPEG Coefficients42
  mean                                 1.7442   3.0608  19.8553   18.377  50.4531  44.5417        0        0
  std. dev.                            1.1226   2.5047  24.6932  14.4406  27.9927  23.6924   0.0017   0.0017
  weight sum                               43      148       76       61       64       24        0        0
  precision                              0.01     0.01     0.01     0.01     0.01     0.01     0.01     0.01

Histogram of JPEG Coefficients43
  mean                                 1.3256   2.6757     9.75   11.541  44.5781  30.7083        0        0
  std. dev.                             1.028   2.5999  13.0869   9.3486  35.6637  23.6898   0.0017   0.0017
  weight sum                               43      148       76       61       64       24        0        0
  precision                              0.01     0.01     0.01     0.01     0.01     0.01     0.01     0.01

Histogram of JPEG Coefficients44
  mean                                 2.2326   4.0541   6.8947  10.6393  37.6719       18        0        0
  std. dev.                            1.6259   2.7307   6.7035  17.3025  38.0481   9.7211   0.0017   0.0017
  weight sum                               43      148       76       61       64       24        0        0
  precision                              0.01     0.01     0.01     0.01     0.01     0.01     0.01     0.01

Histogram of JPEG Coefficients45
  mean                                 4.4884   6.6014   8.3684   8.8033  32.0938  27.9167        0        0
  std. dev.                            3.0907   4.5659   9.1836   9.0677  50.3769  15.2204   0.0017   0.0017
  weight sum                               43      148       76       61       64       24        0        0
  precision                              0.01     0.01     0.01     0.01     0.01     0.01     0.01     0.01

Histogram of JPEG Coefficients46
  mean                                15.2326  21.5135    14.25  15.2951  27.7188   28.125        0        0
  std. dev.                            9.0344  12.0301  16.6292  16.2313  39.6443  22.6887   0.0017   0.0017
  weight sum                               43      148       76       61       64       24        0        0
  precision                              0.01     0.01     0.01     0.01     0.01     0.01     0.01     0.01

Histogram of JPEG Coefficients47
  mean                                14.5116  24.5743  20.8816  19.1148  24.8906   36.875        0        0
  std. dev.                            7.5894  13.6174  21.7479   20.318   26.905  23.3154   0.0017   0.0017
  weight sum                               43      148       76       61       64       24        0        0
  precision                              0.01     0.01     0.01     0.01     0.01     0.01     0.01     0.01

Histogram of JPEG Coefficients48
  mean                                14.0465  22.0878  23.8158  23.2295    59.25   45.875        0        0
  std. dev.                           10.2184  12.6517  31.9744  18.3387  44.3019  32.7342   0.0017   0.0017
  weight sum                               43      148       76       61       64       24        0        0
  precision                              0.01     0.01     0.01     0.01     0.01     0.01     0.01     0.01

Histogram of JPEG Coefficients49
  mean                                 2.8605   4.4865  18.9605       22  45.9375   55.375        0        0
  std. dev.                            2.0863   3.5441  20.6483  16.6881   37.517  39.1012   0.0017   0.0017
  weight sum                               43      148       76       61       64       24        0        0
  precision                              0.01     0.01     0.01     0.01     0.01     0.01     0.01     0.01

Histogram of JPEG Coefficients50
  mean                                 2.6279   4.6959  15.9342   16.459  29.5781       29        0        0
  std. dev.                            2.0576   3.5539  26.8496  14.6853  23.5437  14.9025   0.0017   0.0017
  weight sum                               43      148       76       61       64       24        0        0
  precision                              0.01     0.01     0.01     0.01     0.01     0.01     0.01     0.01

Histogram of JPEG Coefficients51
  mean                                 3.1628    5.223  11.5658  10.6557     24.5  29.9583        0        0
  std. dev.                            2.2197    3.897  12.3771   8.3585  21.4381  15.5228   0.0017   0.0017
  weight sum                               43      148       76       61       64       24        0        0
  precision                              0.01     0.01     0.01     0.01     0.01     0.01     0.01     0.01

Histogram of JPEG Coefficients52
  mean                                 4.2326   6.2297  11.1447       20  19.5313   27.375        0        0
  std. dev.                            2.4574   3.7813  16.3181  24.2818  32.9673  23.9545   0.0017   0.0017
  weight sum                               43      148       76       61       64       24        0        0
  precision                              0.01     0.01     0.01     0.01     0.01     0.01     0.01     0.01

Histogram of JPEG Coefficients53
  mean                                11.4186  15.3243  12.8421  13.4918  25.4688  30.2917        0        0
  std. dev.                            6.5066   9.0861  20.7384  11.4743  38.4574  19.9843   0.0017   0.0017
  weight sum                               43      148       76       61       64       24        0        0
  precision                              0.01     0.01     0.01     0.01     0.01     0.01     0.01     0.01

Histogram of JPEG Coefficients54
  mean                                11.1163  17.0135  24.6842  30.1803  29.9063  39.4583        0        0
  std. dev.                            6.2625   8.9026  26.1218  38.7008  48.6264  28.9352   0.0017   0.0017
  weight sum                               43      148       76       61       64       24        0        0
  precision                              0.01     0.01     0.01     0.01     0.01     0.01     0.01     0.01

Histogram of JPEG Coefficients55
  mean                                18.2093  32.6824  39.9737  30.7049  35.9219  43.2083        0        0
  std. dev.                            7.1286  16.3041  39.9977  24.3959  45.0841    22.84   0.0017   0.0017
  weight sum                               43      148       76       61       64       24        0        0
  precision                              0.01     0.01     0.01     0.01     0.01     0.01     0.01     0.01

Histogram of JPEG Coefficients56
  mean                                28.6977  41.9257  21.3421  17.6557  44.2656  58.2917        0        0
  std. dev.                            17.884  24.9161  27.6346   12.824  28.0364  43.7745   0.0017   0.0017
  weight sum                               43      148       76       61       64       24        0        0
  precision                              0.01     0.01     0.01     0.01     0.01     0.01     0.01     0.01

Histogram of JPEG Coefficients57
  mean                                 5.3488   8.6892  16.6316  15.1803  34.1094  58.2917        0        0
  std. dev.                             2.852   5.5591  17.2282  14.9013  34.4321  35.9473   0.0017   0.0017
  weight sum                               43      148       76       61       64       24        0        0
  precision                              0.01     0.01     0.01     0.01     0.01     0.01     0.01     0.01

Histogram of JPEG Coefficients58
  mean                                 7.1628  10.3243  11.8816  20.6066  32.9219  55.0417        0        0
  std. dev.                            4.3344   5.4515  13.7974  18.1291  31.5205  26.0248   0.0017   0.0017
  weight sum                               43      148       76       61       64       24        0        0
  precision                              0.01     0.01     0.01     0.01     0.01     0.01     0.01     0.01

Histogram of JPEG Coefficients59
  mean                                 7.3488  10.8243  12.6316  16.4754  20.9531  47.4167        0        0
  std. dev.                            3.9466    6.879  12.0545  16.0966  17.1841  33.3253   0.0017   0.0017
  weight sum                               43      148       76       61       64       24        0        0
  precision                              0.01     0.01     0.01     0.01     0.01     0.01     0.01     0.01

Histogram of JPEG Coefficients60
  mean                                 9.1163  13.8716  14.2895  21.6066  23.2656    42.25        0        0
  std. dev.                            4.6516   7.9672  11.6741  31.7961  31.5472  25.0171   0.0017   0.0017
  weight sum                               43      148       76       61       64       24        0        0
  precision                              0.01     0.01     0.01     0.01     0.01     0.01     0.01     0.01

Histogram of JPEG Coefficients61
  mean                                 8.7442   13.277  18.4605  17.2459  22.4844   31.625        0        0
  std. dev.                            4.4934   7.6546  29.9022  16.5991  28.2964  26.7064   0.0017   0.0017
  weight sum                               43      148       76       61       64       24        0        0
  precision                              0.01     0.01     0.01     0.01     0.01     0.01     0.01     0.01

Histogram of JPEG Coefficients62
  mean                                13.5581  22.5878  32.5132  35.5574    29.75  37.7917        0        0
  std. dev.                            7.5091  12.4287  34.7428  45.4697  28.5285  22.6862   0.0017   0.0017
  weight sum                               43      148       76       61       64       24        0        0
  precision                              0.01     0.01     0.01     0.01     0.01     0.01     0.01     0.01

Histogram of JPEG Coefficients63
  mean                                 26.186  44.3108  64.1842  57.7049   44.125  48.7917        0        0
  std. dev.                           12.0758  21.3541  61.3104  57.3089  40.5183  30.7706   0.0017   0.0017
  weight sum                               43      148       76       61       64       24        0        0
  precision                              0.01     0.01     0.01     0.01     0.01     0.01     0.01     0.01

Histogram of JPEG Coefficients64
  mean                                145.907 129.9865  78.8289 117.4098   25.375   15.875        0        0
  std. dev.                           83.5594  91.4522  64.9908  83.6988  56.8907  18.9963   0.0017   0.0017
  weight sum                               43      148       76       61       64       24        0        0
  precision                              0.01     0.01     0.01     0.01     0.01     0.01     0.01     0.01

Histogram of JPEG Coefficients65
  mean                               233.6744 215.7905 188.6316 213.9344  174.375   173.25        0        0
  std. dev.                           39.1364  41.0552  98.4946  76.7087  41.6291    47.53   0.0017   0.0017
  weight sum                               43      148       76       61       64       24        0        0
  precision                              0.01     0.01     0.01     0.01     0.01     0.01     0.01     0.01

Histogram of JPEG Coefficients66
  mean                                114.814  84.3986 151.3158 182.8197 208.2969 241.5417        0        0
  std. dev.                           31.0006  34.6472  61.8124  58.7572  42.5454  17.3253   0.0017   0.0017
  weight sum                               43      148       76       61       64       24        0        0
  precision                              0.01     0.01     0.01     0.01     0.01     0.01     0.01     0.01

Histogram of JPEG Coefficients67
  mean                                75.5116  67.9865  95.7632 121.5738 115.5625 176.6667        0        0
  std. dev.                            18.584  26.2001  55.0016  46.0158  42.9356  39.0978   0.0017   0.0017
  weight sum                               43      148       76       61       64       24        0        0
  precision                              0.01     0.01     0.01     0.01     0.01     0.01     0.01     0.01

Histogram of JPEG Coefficients68
  mean                                88.3488  73.1486  33.9342  59.2787  53.5313  95.2083        0        0
  std. dev.                           21.1109  24.1497  26.4865  34.7262  33.0113  59.6091   0.0017   0.0017
  weight sum                               43      148       76       61       64       24        0        0
  precision                              0.01     0.01     0.01     0.01     0.01     0.01     0.01     0.01

Histogram of JPEG Coefficients69
  mean                               111.1628 107.1824  31.1316  50.8361  29.2031  51.7917        0        0
  std. dev.                           31.4686  35.3804  28.1557  36.5806  23.4222  49.0408   0.0017   0.0017
  weight sum                               43      148       76       61       64       24        0        0
  precision                              0.01     0.01     0.01     0.01     0.01     0.01     0.01     0.01

Histogram of JPEG Coefficients70
  mean                               101.2791 100.2297  30.0395  52.5574  35.1875  38.7917        0        0
  std. dev.                           23.8701  32.3261  20.2591  40.7795    25.61  22.9347   0.0017   0.0017
  weight sum                               43      148       76       61       64       24        0        0
  precision                              0.01     0.01     0.01     0.01     0.01     0.01     0.01     0.01

Histogram of JPEG Coefficients71
  mean                               175.4186 195.4324  42.1316   69.541  47.3281   49.125        0        0
  std. dev.                           50.2599  54.9675  25.8056  46.6791  33.2923  22.5856   0.0017   0.0017
  weight sum                               43      148       76       61       64       24        0        0
  precision                              0.01     0.01     0.01     0.01     0.01     0.01     0.01     0.01

Histogram of JPEG Coefficients72
  mean                               120.2326 147.5203 102.4079  99.5574 118.8125 132.6667        0        0
  std. dev.                            59.483   72.815  59.8641  53.6661  44.7859  40.2768   0.0017   0.0017
  weight sum                               43      148       76       61       64       24        0        0
  precision                              0.01     0.01     0.01     0.01     0.01     0.01     0.01     0.01

Histogram of JPEG Coefficients73
  mean                                58.7674  36.7297 144.8947 132.0656 221.8281 209.0417        0        0
  std. dev.                            39.884    33.48  67.0808  58.0279  29.3894  40.9222   0.0017   0.0017
  weight sum                               43      148       76       61       64       24        0        0
  precision                              0.01     0.01     0.01     0.01     0.01     0.01     0.01     0.01

Histogram of JPEG Coefficients74
  mean                                 5.7442   2.9122  96.6711 102.0656 207.4375 205.2917        0        0
  std. dev.                            5.9459   3.0156  46.9928  47.9542  48.0777  32.7318   0.0017   0.0017
  weight sum                               43      148       76       61       64       24        0        0
  precision                              0.01     0.01     0.01     0.01     0.01     0.01     0.01     0.01

Histogram of JPEG Coefficients75
  mean                                 6.6977      6.5  30.7763  42.9344  75.3125 130.3333        0        0
  std. dev.                            3.4878   3.6623  41.8294  42.0924  47.4206  70.2784   0.0017   0.0017
  weight sum                               43      148       76       61       64       24        0        0
  precision                              0.01     0.01     0.01     0.01     0.01     0.01     0.01     0.01

Histogram of JPEG Coefficients76
  mean                                18.4419  15.3784  15.2368   21.918  27.2813  59.0833        0        0
  std. dev.                            8.2075   7.3184  30.4116  37.8969  19.8033  46.7109   0.0017   0.0017
  weight sum                               43      148       76       61       64       24        0        0
  precision                              0.01     0.01     0.01     0.01     0.01     0.01     0.01     0.01

Histogram of JPEG Coefficients77
  mean                                30.3721   30.777  12.7237   14.459  13.8906  33.7083        0        0
  std. dev.                           10.2753  13.0321  20.0477  12.7248  12.0948  32.8918   0.0017   0.0017
  weight sum                               43      148       76       61       64       24        0        0
  precision                              0.01     0.01     0.01     0.01     0.01     0.01     0.01     0.01

Histogram of JPEG Coefficients78
  mean                                32.9767  34.0068  19.5789  29.6066   26.125    22.25        0        0
  std. dev.                           10.5091  13.3495  14.0874  21.5264  23.7398   9.1845   0.0017   0.0017
  weight sum                               43      148       76       61       64       24        0        0
  precision                              0.01     0.01     0.01     0.01     0.01     0.01     0.01     0.01

Histogram of JPEG Coefficients79
  mean                                76.5581  94.0878  45.6842       57  38.6406  43.4583        0        0
  std. dev.                           25.4104  29.2533  44.7549  39.4387  28.3639  17.2988   0.0017   0.0017
  weight sum                               43      148       76       61       64       24        0        0
  precision                              0.01     0.01     0.01     0.01     0.01     0.01     0.01     0.01

Histogram of JPEG Coefficients80
  mean                                40.7907  43.1486  89.7368  77.2623 150.2031 173.4583        0        0
  std. dev.                           26.4668  31.8076  47.4606  34.1184   44.214  33.7713   0.0017   0.0017
  weight sum                               43      148       76       61       64       24        0        0
  precision                              0.01     0.01     0.01     0.01     0.01     0.01     0.01     0.01

Histogram of JPEG Coefficients81
  mean                                 3.8372   1.7297  84.7763  91.6066 189.7031 182.1667        0        0
  std. dev.                            3.3196   2.1264  46.6215  49.8053  62.0654  44.1018   0.0017   0.0017
  weight sum                               43      148       76       61       64       24        0        0
  precision                              0.01     0.01     0.01     0.01     0.01     0.01     0.01     0.01

Histogram of JPEG Coefficients82
  mean                                 0.6512   0.6622  53.6447  53.7869 122.4219 128.0417        0        0
  std. dev.                            0.9617   0.9046  57.5296  50.6625  40.3623  51.8552   0.0017   0.0017
  weight sum                               43      148       76       61       64       24        0        0
  precision                              0.01     0.01     0.01     0.01     0.01     0.01     0.01     0.01

Histogram of JPEG Coefficients83
  mean                                 3.7674   4.1892  11.1447  17.5902  46.4063  73.9167        0        0
  std. dev.                            2.8353   2.8005  29.3014  27.4432  43.4546  45.2897   0.0017   0.0017
  weight sum                               43      148       76       61       64       24        0        0
  precision                              0.01     0.01     0.01     0.01     0.01     0.01     0.01     0.01

Histogram of JPEG Coefficients84
  mean                                 8.1395   9.9122    10.75   16.377   18.125  50.8333        0        0
  std. dev.                            3.2392   5.2452  21.7293  28.1525  13.9715  42.9337   0.0017   0.0017
  weight sum                               43      148       76       61       64       24        0        0
  precision                              0.01     0.01     0.01     0.01     0.01     0.01     0.01     0.01

Histogram of JPEG Coefficients85
  mean                                13.5814   17.027  11.2632  15.9016   9.6875   16.875        0        0
  std. dev.                            5.5205   8.2903  17.2972  19.5873    7.939  16.2258   0.0017   0.0017
  weight sum                               43      148       76       61       64       24        0        0
  precision                              0.01     0.01     0.01     0.01     0.01     0.01     0.01     0.01

Histogram of JPEG Coefficients86
  mean                                20.4884  24.4257  21.1974  23.2951  20.5938  18.0833        0        0
  std. dev.                            7.7711  10.7553  17.1963   16.968  16.2757   8.7698   0.0017   0.0017
  weight sum                               43      148       76       61       64       24        0        0
  precision                              0.01     0.01     0.01     0.01     0.01     0.01     0.01     0.01

Histogram of JPEG Coefficients87
  mean                                60.2326  74.0743  43.5526  49.1639  32.9219  36.2917        0        0
  std. dev.                           23.9523  26.0856  34.1033  39.0893  22.6145  14.3163   0.0017   0.0017
  weight sum                               43      148       76       61       64       24        0        0
  precision                              0.01     0.01     0.01     0.01     0.01     0.01     0.01     0.01

Histogram of JPEG Coefficients88
  mean                                22.2326  28.1824  57.2763  54.1967   96.375 131.5833        0        0
  std. dev.                            12.499  14.1717  44.5742  39.4087     41.9  42.6604   0.0017   0.0017
  weight sum                               43      148       76       61       64       24        0        0
  precision                              0.01     0.01     0.01     0.01     0.01     0.01     0.01     0.01

Histogram of JPEG Coefficients89
  mean                                 4.7209   3.6081  34.4605  36.0164  64.8438  99.5417        0        0
  std. dev.                            2.1602     2.75  43.2369  41.3876  37.5854  44.6094   0.0017   0.0017
  weight sum                               43      148       76       61       64       24        0        0
  precision                              0.01     0.01     0.01     0.01     0.01     0.01     0.01     0.01

Histogram of JPEG Coefficients90
  mean                                 2.6279   3.1351  10.3026  17.7541  36.0938  66.7083        0        0
  std. dev.                            1.9172   2.7179  18.5947  25.0453  28.0327  35.7928   0.0017   0.0017
  weight sum                               43      148       76       61       64       24        0        0
  precision                              0.01     0.01     0.01     0.01     0.01     0.01     0.01     0.01

Histogram of JPEG Coefficients91
  mean                                 6.4651   7.9932  12.9868   10.459  24.3281    51.75        0        0
  std. dev.                             3.848    4.601  33.9436  18.6728  25.8639  40.3766   0.0017   0.0017
  weight sum                               43      148       76       61       64       24        0        0
  precision                              0.01     0.01     0.01     0.01     0.01     0.01     0.01     0.01

Histogram of JPEG Coefficients92
  mean                                11.8837  14.1959   7.4737   9.0984  13.5469  38.9583        0        0
  std. dev.                            5.7353   8.3994  13.6608  11.8193  12.5871  30.3143   0.0017   0.0017
  weight sum                               43      148       76       61       64       24        0        0
  precision                              0.01     0.01     0.01     0.01     0.01     0.01     0.01     0.01

Histogram of JPEG Coefficients93
  mean                                10.6512  13.6284     12.5  10.9836   6.8906  13.6667        0        0
  std. dev.                            4.4975   6.2604  28.3556    9.087   6.2378   8.7544   0.0017   0.0017
  weight sum                               43      148       76       61       64       24        0        0
  precision                              0.01     0.01     0.01     0.01     0.01     0.01     0.01     0.01

Histogram of JPEG Coefficients94
  mean                                15.3721  20.3446  25.3553  19.8525       20  15.9583        0        0
  std. dev.                            5.8668  10.1067  38.2611  16.7232  18.6036   8.0492   0.0017   0.0017
  weight sum                               43      148       76       61       64       24        0        0
  precision                              0.01     0.01     0.01     0.01     0.01     0.01     0.01     0.01

Histogram of JPEG Coefficients95
  mean                                 45.907  61.8649  38.1184  46.8525  28.9531  34.0833        0        0
  std. dev.                           17.0809  25.4979  28.3498  34.9383  21.5924  19.8975   0.0017   0.0017
  weight sum                               43      148       76       61       64       24        0        0
  precision                              0.01     0.01     0.01     0.01     0.01     0.01     0.01     0.01

Histogram of JPEG Coefficients96
  mean                                24.6977  32.4054  15.4868  16.0656   38.375  72.5417        0        0
  std. dev.                           10.7736   14.234  22.1041   15.376   20.238  42.8738   0.0017   0.0017
  weight sum                               43      148       76       61       64       24        0        0
  precision                              0.01     0.01     0.01     0.01     0.01     0.01     0.01     0.01

Histogram of JPEG Coefficients97
  mean                                 15.907  10.8986   6.7368  12.9344  24.2344    56.75        0        0
  std. dev.                            7.3415   7.0469   10.885   22.966  18.9033  34.3162   0.0017   0.0017
  weight sum                               43      148       76       61       64       24        0        0
  precision                              0.01     0.01     0.01     0.01     0.01     0.01     0.01     0.01

Histogram of JPEG Coefficients98
  mean                                 2.7442   2.7162  12.0526  11.2295  13.8125  41.6667        0        0
  std. dev.                            1.7927   2.2452  33.4644  15.9172  12.6773  26.1895   0.0017   0.0017
  weight sum                               43      148       76       61       64       24        0        0
  precision                              0.01     0.01     0.01     0.01     0.01     0.01     0.01     0.01

Histogram of JPEG Coefficients99
  mean                                 3.0233   3.4595  13.6447  10.8525   10.375  37.9167        0        0
  std. dev.                            1.9228   2.6822  32.1836  22.2857   8.3113  30.9057   0.0017   0.0017
  weight sum                               43      148       76       61       64       24        0        0
  precision                              0.01     0.01     0.01     0.01     0.01     0.01     0.01     0.01

Histogram of JPEG Coefficients100
  mean                                  5.814   7.9865  14.7763  11.3279  10.3594  13.4167        0        0
  std. dev.                             2.626   4.7874  34.1358  18.9128    9.974   8.3761   0.0017   0.0017
  weight sum                               43      148       76       61       64       24        0        0
  precision                              0.01     0.01     0.01     0.01     0.01     0.01     0.01     0.01

Histogram of JPEG Coefficients101
  mean                                 6.8605   9.4122  13.5921  11.0656   7.5938    9.125        0        0
  std. dev.                            4.1292   5.8216  30.6479  11.9793   7.4555   5.9604   0.0017   0.0017
  weight sum                               43      148       76       61       64       24        0        0
  precision                              0.01     0.01     0.01     0.01     0.01     0.01     0.01     0.01

Histogram of JPEG Coefficients102
  mean                                16.0465  20.3986  20.1579  21.0492  15.3594    14.25        0        0
  std. dev.                            7.8056  10.5149  22.8445  15.6963   11.009   5.0847   0.0017   0.0017
  weight sum                               43      148       76       61       64       24        0        0
  precision                              0.01     0.01     0.01     0.01     0.01     0.01     0.01     0.01

Histogram of JPEG Coefficients103
  mean                                50.0233  69.2162  38.4211  43.8852  33.3281   30.875        0        0
  std. dev.                           19.5799  28.7373  26.9328  27.6311  26.1546  16.4223   0.0017   0.0017
  weight sum                               43      148       76       61       64       24        0        0
  precision                              0.01     0.01     0.01     0.01     0.01     0.01     0.01     0.01

Histogram of JPEG Coefficients104
  mean                                47.5814  55.7973     9.75  17.3607  23.4531   58.125        0        0
  std. dev.                           24.4894  23.8044  19.8455  24.5063  16.1361  41.2677   0.0017   0.0017
  weight sum                               43      148       76       61       64       24        0        0
  precision                              0.01     0.01     0.01     0.01     0.01     0.01     0.01     0.01

Histogram of JPEG Coefficients105
  mean                                13.2093  10.4797   5.8553        9  13.2344  42.2917        0        0
  std. dev.                            5.7245   5.4444  10.7565  11.0231  11.0521  26.9049   0.0017   0.0017
  weight sum                               43      148       76       61       64       24        0        0
  precision                              0.01     0.01     0.01     0.01     0.01     0.01     0.01     0.01

Histogram of JPEG Coefficients106
  mean                                 3.6279   4.3041     7.25  10.2459  12.6875  20.3333        0        0
  std. dev.                            2.4874   3.1401  12.0406  15.3085  14.6787  12.0646   0.0017   0.0017
  weight sum                               43      148       76       61       64       24        0        0
  precision                              0.01     0.01     0.01     0.01     0.01     0.01     0.01     0.01

Histogram of JPEG Coefficients107
  mean                                 5.3721   7.2162   8.6711   6.7213   6.3125   12.625        0        0
  std. dev.                            4.2918    4.798  25.7173   6.5889   6.9099  11.1311   0.0017   0.0017
  weight sum                               43      148       76       61       64       24        0        0
  precision                              0.01     0.01     0.01     0.01     0.01     0.01     0.01     0.01

Histogram of JPEG Coefficients108
  mean                                 4.0698   4.7162  11.9474   9.9508   9.2813   6.9583        0        0
  std. dev.                             2.415   3.3248  26.5919  11.3143   11.487   5.9964   0.0017   0.0017
  weight sum                               43      148       76       61       64       24        0        0
  precision                              0.01     0.01     0.01     0.01     0.01     0.01     0.01     0.01

Histogram of JPEG Coefficients109
  mean                                  8.814  11.0946  12.9342  16.5082  11.2656   9.5833        0        0
  std. dev.                            5.1365   6.2139  13.5174  15.4109   6.0911   5.4154   0.0017   0.0017
  weight sum                               43      148       76       61       64       24        0        0
  precision                              0.01     0.01     0.01     0.01     0.01     0.01     0.01     0.01

Histogram of JPEG Coefficients110
  mean                                12.6744  16.3581  26.3158  26.8033   22.125  16.8333        0        0
  std. dev.                            5.1927   9.1474   31.764   19.421   16.374  10.4947   0.0017   0.0017
  weight sum                               43      148       76       61       64       24        0        0
  precision                              0.01     0.01     0.01     0.01     0.01     0.01     0.01     0.01

Histogram of JPEG Coefficients111
  mean                                35.4186  47.0743  46.0921   47.082  35.1094  37.8333        0        0
  std. dev.                           14.4725  19.0841  35.5432  27.3006  28.4529  11.9432   0.0017   0.0017
  weight sum                               43      148       76       61       64       24        0        0
  precision                              0.01     0.01     0.01     0.01     0.01     0.01     0.01     0.01

Histogram of JPEG Coefficients112
  mean                                 45.186  54.2162  16.1842  14.9836  25.4688  44.7917        0        0
  std. dev.                           29.8034  26.3474  33.5091  13.7882  18.5481  36.4817   0.0017   0.0017
  weight sum                               43      148       76       61       64       24        0        0
  precision                              0.01     0.01     0.01     0.01     0.01     0.01     0.01     0.01

Histogram of JPEG Coefficients113
  mean                                13.7907  12.8311  12.1053  12.8197  12.3594  31.9167        0        0
  std. dev.                            6.0638   6.9451  18.0384  10.7406   9.9269  18.4637   0.0017   0.0017
  weight sum                               43      148       76       61       64       24        0        0
  precision                              0.01     0.01     0.01     0.01     0.01     0.01     0.01     0.01

Histogram of JPEG Coefficients114
  mean                                 6.7442    7.973  12.6842   13.623  14.0938    17.75        0        0
  std. dev.                            4.8947   5.1161   30.483  12.7333  19.7054   9.4571   0.0017   0.0017
  weight sum                               43      148       76       61       64       24        0        0
  precision                              0.01     0.01     0.01     0.01     0.01     0.01     0.01     0.01

Histogram of JPEG Coefficients115
  mean                                 8.6279   9.3784  13.1842  17.0492   9.0313   9.1667        0        0
  std. dev.                            6.2544   5.4095  13.7981  25.4606   9.6436   5.1289   0.0017   0.0017
  weight sum                               43      148       76       61       64       24        0        0
  precision                              0.01     0.01     0.01     0.01     0.01     0.01     0.01     0.01

Histogram of JPEG Coefficients116
  mean                                 7.6977   9.7973  13.9737  20.6721  14.9688  12.5833        0        0
  std. dev.                            3.9915   6.4347  14.6826  21.0586  11.4728   9.2957   0.0017   0.0017
  weight sum                               43      148       76       61       64       24        0        0
  precision                              0.01     0.01     0.01     0.01     0.01     0.01     0.01     0.01

Histogram of JPEG Coefficients117
  mean                                10.2558   12.473  23.2368  24.4918  18.4375  20.7917        0        0
  std. dev.                            6.8407   7.2312  18.8127  23.4413  14.0656   9.5742   0.0017   0.0017
  weight sum                               43      148       76       61       64       24        0        0
  precision                              0.01     0.01     0.01     0.01     0.01     0.01     0.01     0.01

Histogram of JPEG Coefficients118
  mean                                15.5116   18.527  41.6316  43.1475     31.5   30.375        0        0
  std. dev.                            8.0185  10.9929  37.6028   43.494   21.072  12.2127   0.0017   0.0017
  weight sum                               43      148       76       61       64       24        0        0
  precision                              0.01     0.01     0.01     0.01     0.01     0.01     0.01     0.01

Histogram of JPEG Coefficients119
  mean                                 33.093  45.1689  63.1842  57.0656  47.0938  47.4167        0        0
  std. dev.                           14.3848  21.9857  40.2596  31.3953    30.03  16.7205   0.0017   0.0017
  weight sum                               43      148       76       61       64       24        0        0
  precision                              0.01     0.01     0.01     0.01     0.01     0.01     0.01     0.01

Histogram of JPEG Coefficients120
  mean                                66.2093  77.6959  18.9342  28.0984   29.875  37.0417        0        0
  std. dev.                           42.9557  34.5404  21.7905  24.9732  24.9797  20.8216   0.0017   0.0017
  weight sum                               43      148       76       61       64       24        0        0
  precision                              0.01     0.01     0.01     0.01     0.01     0.01     0.01     0.01

Histogram of JPEG Coefficients121
  mean                                15.5814  21.4459  19.0132  24.2295    21.25  27.0417        0        0
  std. dev.                             7.512  10.5365   15.167  17.8981  15.6635  13.1987   0.0017   0.0017
  weight sum                               43      148       76       61       64       24        0        0
  precision                              0.01     0.01     0.01     0.01     0.01     0.01     0.01     0.01

Histogram of JPEG Coefficients122
  mean                                14.3721   17.027  20.1053  24.6393  21.5313    18.25        0        0
  std. dev.                            7.6128   8.1414   13.754  17.0698  15.0468  16.8603   0.0017   0.0017
  weight sum                               43      148       76       61       64       24        0        0
  precision                              0.01     0.01     0.01     0.01     0.01     0.01     0.01     0.01

Histogram of JPEG Coefficients123
  mean                                 13.093  17.6757  24.2237  29.2459  20.0469       29        0        0
  std. dev.                            6.6501   9.4062  22.3133  19.8615  14.7685  13.6412   0.0017   0.0017
  weight sum                               43      148       76       61       64       24        0        0
  precision                              0.01     0.01     0.01     0.01     0.01     0.01     0.01     0.01

Histogram of JPEG Coefficients124
  mean                                16.8372  21.3716  24.8158  35.0492  28.3281  25.2083        0        0
  std. dev.                            8.6641   12.194  15.8253  34.2021  17.3242  11.2175   0.0017   0.0017
  weight sum                               43      148       76       61       64       24        0        0
  precision                              0.01     0.01     0.01     0.01     0.01     0.01     0.01     0.01

Histogram of JPEG Coefficients125
  mean                                17.1395  20.7838  35.1053  38.4918  25.2969   25.875        0        0
  std. dev.                           10.0732  11.8313  33.1169  34.7783  18.8983  11.5265   0.0017   0.0017
  weight sum                               43      148       76       61       64       24        0        0
  precision                              0.01     0.01     0.01     0.01     0.01     0.01     0.01     0.01

Histogram of JPEG Coefficients126
  mean                                19.6977  23.7568  61.3289  54.0656  39.7344  39.2083        0        0
  std. dev.                             9.325   13.306  52.6404  31.3572  21.4602  16.4999   0.0017   0.0017
  weight sum                               43      148       76       61       64       24        0        0
  precision                              0.01     0.01     0.01     0.01     0.01     0.01     0.01     0.01

Histogram of JPEG Coefficients127
  mean                                43.9535    55.25  85.9605  82.2459  59.2031    60.25        0        0
  std. dev.                           17.0457  28.1309  56.2727  50.3833  35.3532   28.048   0.0017   0.0017
  weight sum                               43      148       76       61       64       24        0        0
  precision                              0.01     0.01     0.01     0.01     0.01     0.01     0.01     0.01

Histogram of JPEG Coefficients128
  mean                               147.4651 116.9865  72.6842 102.7705  28.1563  16.9583        0        0
  std. dev.                           87.1943  89.7183  61.5536  74.0882  49.7061  19.8084   0.0017   0.0017
  weight sum                               43      148       76       61       64       24        0        0
  precision                              0.01     0.01     0.01     0.01     0.01     0.01     0.01     0.01

Histogram of JPEG Coefficients129
  mean                               242.7442 238.0541 188.7895 211.9508 175.3281 173.5833        0        0
  std. dev.                            30.887  30.2172  95.3557  75.1077  52.8551  51.2209   0.0017   0.0017
  weight sum                               43      148       76       61       64       24        0        0
  precision                              0.01     0.01     0.01     0.01     0.01     0.01     0.01     0.01

Histogram of JPEG Coefficients130
  mean                                    121  96.4459 167.9342  196.623 203.5938    242.5        0        0
  std. dev.                            31.153  40.6091  64.7482  53.9694  52.2125  20.7224   0.0017   0.0017
  weight sum                               43      148       76       61       64       24        0        0
  precision                              0.01     0.01     0.01     0.01     0.01     0.01     0.01     0.01

Histogram of JPEG Coefficients131
  mean                                77.1628  70.0068 111.5132      138 114.2969 189.9583        0        0
  std. dev.                           19.0421  25.1129  49.3682  52.2971  39.9315  44.0752   0.0017   0.0017
  weight sum                               43      148       76       61       64       24        0        0
  precision                              0.01     0.01     0.01     0.01     0.01     0.01     0.01     0.01

Histogram of JPEG Coefficients132
  mean                                84.5116  72.3108    47.25   63.623  53.5938   99.375        0        0
  std. dev.                           18.6015  22.2862  37.9172  42.0851  33.6079  52.4959   0.0017   0.0017
  weight sum                               43      148       76       61       64       24        0        0
  precision                              0.01     0.01     0.01     0.01     0.01     0.01     0.01     0.01

Histogram of JPEG Coefficients133
  mean                               106.8372 105.0946  33.0526  45.5738  34.2031  59.7083        0        0
  std. dev.                           27.1061  32.9816  35.9004  33.7758  21.6767  37.2922   0.0017   0.0017
  weight sum                               43      148       76       61       64       24        0        0
  precision                              0.01     0.01     0.01     0.01     0.01     0.01     0.01     0.01

Histogram of JPEG Coefficients134
  mean                                93.5349  90.5608  27.8947  45.9508  41.5781  42.4583        0        0
  std. dev.                           21.2596   29.663  21.4277  32.9288  27.2568  27.0955   0.0017   0.0017
  weight sum                               43      148       76       61       64       24        0        0
  precision                              0.01     0.01     0.01     0.01     0.01     0.01     0.01     0.01

Histogram of JPEG Coefficients135
  mean                               157.6977 164.3649  34.8684  56.7869  53.7813  61.0417        0        0
  std. dev.                             46.62  53.1541  28.0537  34.9013  36.7952  33.1052   0.0017   0.0017
  weight sum                               43      148       76       61       64       24        0        0
  precision                              0.01     0.01     0.01     0.01     0.01     0.01     0.01     0.01

Histogram of JPEG Coefficients136
  mean                               119.2558   159.75 103.5263 102.5246 115.3594 116.7917        0        0
  std. dev.                           56.5686  68.7501  56.8663  42.1323  36.5579  34.3196   0.0017   0.0017
  weight sum                               43      148       76       61       64       24        0        0
  precision                              0.01     0.01     0.01     0.01     0.01     0.01     0.01     0.01

Histogram of JPEG Coefficients137
  mean                                66.6977  60.1351 154.2368 154.4262 227.7031 209.2083        0        0
  std. dev.                           39.2775  43.3801  65.0091  50.8651  42.5304  27.5015   0.0017   0.0017
  weight sum                               43      148       76       61       64       24        0        0
  precision                              0.01     0.01     0.01     0.01     0.01     0.01     0.01     0.01

Histogram of JPEG Coefficients138
  mean                                 6.3488   5.4595 113.1447 117.7377    208.5 206.9583        0        0
  std. dev.                            6.0574   7.8451  56.1185  49.2854  45.5199   33.331   0.0017   0.0017
  weight sum                               43      148       76       61       64       24        0        0
  precision                              0.01     0.01     0.01     0.01     0.01     0.01     0.01     0.01

Histogram of JPEG Coefficients139
  mean                                 6.5581   6.8243  44.1974  41.7869  66.7813  145.375        0        0
  std. dev.                            3.3292   3.6774  44.8145  33.2921  38.8295  62.7314   0.0017   0.0017
  weight sum                               43      148       76       61       64       24        0        0
  precision                              0.01     0.01     0.01     0.01     0.01     0.01     0.01     0.01

Histogram of JPEG Coefficients140
  mean                                19.3721  18.0743  17.4342  18.7869  33.1719  55.8333        0        0
  std. dev.                            7.9006    8.407  27.9828  17.1819  15.8957  35.5172   0.0017   0.0017
  weight sum                               43      148       76       61       64       24        0        0
  precision                              0.01     0.01     0.01     0.01     0.01     0.01     0.01     0.01

Histogram of JPEG Coefficients141
  mean                                31.7442  30.9662  18.2105  20.4918  18.5781  40.5417        0        0
  std. dev.                           10.8587  11.9194  25.2072  28.9316   13.049  21.7389   0.0017   0.0017
  weight sum                               43      148       76       61       64       24        0        0
  precision                              0.01     0.01     0.01     0.01     0.01     0.01     0.01     0.01

Histogram of JPEG Coefficients142
  mean                                34.9767  35.8311  21.5921  26.7213  26.2656  32.4167        0        0
  std. dev.                           11.2694  13.7356  33.1107    24.12   16.956  19.6127   0.0017   0.0017
  weight sum                               43      148       76       61       64       24        0        0
  precision                              0.01     0.01     0.01     0.01     0.01     0.01     0.01     0.01

Histogram of JPEG Coefficients143
  mean                                     75  82.3581  23.3553  34.7869  47.7188  74.9583        0        0
  std. dev.                            29.543  29.5068  18.2142  24.4903  33.4479  31.7785   0.0017   0.0017
  weight sum                               43      148       76       61       64       24        0        0
  precision                              0.01     0.01     0.01     0.01     0.01     0.01     0.01     0.01

Histogram of JPEG Coefficients144
  mean                                39.3721  60.0608  89.7105  80.5082 146.6875  163.625        0        0
  std. dev.                           24.6228  44.0125  41.2393  30.8793   48.167  34.8638   0.0017   0.0017
  weight sum                               43      148       76       61       64       24        0        0
  precision                              0.01     0.01     0.01     0.01     0.01     0.01     0.01     0.01

Histogram of JPEG Coefficients145
  mean                                 3.8837   3.4324    102.5   88.377  186.125 200.6667        0        0
  std. dev.                            3.3076    4.859  47.8475  38.9368  54.9043  19.2736   0.0017   0.0017
  weight sum                               43      148       76       61       64       24        0        0
  precision                              0.01     0.01     0.01     0.01     0.01     0.01     0.01     0.01

Histogram of JPEG Coefficients146
  mean                                 0.8372   0.8919  62.2895  51.9016 101.8906 147.0833        0        0
  std. dev.                              1.01   1.4526  45.1748  38.3422  30.4903  50.3835   0.0017   0.0017
  weight sum                               43      148       76       61       64       24        0        0
  precision                              0.01     0.01     0.01     0.01     0.01     0.01     0.01     0.01

Histogram of JPEG Coefficients147
  mean                                 3.8837   4.2365  33.9605  18.3279  44.1094  62.7083        0        0
  std. dev.                            2.4515   2.9668   48.699  18.5027  34.0602  35.1075   0.0017   0.0017
  weight sum                               43      148       76       61       64       24        0        0
  precision                              0.01     0.01     0.01     0.01     0.01     0.01     0.01     0.01

Histogram of JPEG Coefficients148
  mean                                 9.1628   9.1216  16.2237  21.2787  19.7813  47.8333        0        0
  std. dev.                            4.2641   4.6759  21.4363  23.9063  13.9513  39.8117   0.0017   0.0017
  weight sum                               43      148       76       61       64       24        0        0
  precision                              0.01     0.01     0.01     0.01     0.01     0.01     0.01     0.01

Histogram of JPEG Coefficients149
  mean                                13.7442  15.2162    11.25  17.3279  11.6563  18.4167        0        0
  std. dev.                            5.0812   7.0275  14.1516  17.2015  11.4826    8.746   0.0017   0.0017
  weight sum                               43      148       76       61       64       24        0        0
  precision                              0.01     0.01     0.01     0.01     0.01     0.01     0.01     0.01

Histogram of JPEG Coefficients150
  mean                                19.3721  22.1419  15.3816  24.6721  21.6406  35.4167        0        0
  std. dev.                            7.8888   9.7821  12.2635  28.6509  19.3273  15.9763   0.0017   0.0017
  weight sum                               43      148       76       61       64       24        0        0
  precision                              0.01     0.01     0.01     0.01     0.01     0.01     0.01     0.01

Histogram of JPEG Coefficients151
  mean                                53.3488  63.1216  23.1974  34.1967  35.8125  55.8333        0        0
  std. dev.                           22.4892  23.8222  24.7551  34.8057  25.6453  34.6382   0.0017   0.0017
  weight sum                               43      148       76       61       64       24        0        0
  precision                              0.01     0.01     0.01     0.01     0.01     0.01     0.01     0.01

Histogram of JPEG Coefficients152
  mean                                22.3721  31.3784  54.1053  55.5902  92.6719 133.7917        0        0
  std. dev.                           12.1713  17.0418  24.0135  24.3468  41.8704  50.9787   0.0017   0.0017
  weight sum                               43      148       76       61       64       24        0        0
  precision                              0.01     0.01     0.01     0.01     0.01     0.01     0.01     0.01

Histogram of JPEG Coefficients153
  mean                                      5    4.277  35.6842  37.5246  61.4844 109.7083        0        0
  std. dev.                            2.5151   3.2233  34.9154  30.5869   24.514  43.0528   0.0017   0.0017
  weight sum                               43      148       76       61       64       24        0        0
  precision                              0.01     0.01     0.01     0.01     0.01     0.01     0.01     0.01

Histogram of JPEG Coefficients154
  mean                                 3.4884    2.777  22.5526  19.3934  32.7969   56.125        0        0
  std. dev.                            2.9678   2.3128  28.3309  20.8793  22.4876  26.7384   0.0017   0.0017
  weight sum                               43      148       76       61       64       24        0        0
  precision                              0.01     0.01     0.01     0.01     0.01     0.01     0.01     0.01

Histogram of JPEG Coefficients155
  mean                                 9.4186    8.223  30.6184  14.2787    27.75   37.375        0        0
  std. dev.                            5.2969   5.3937  41.3925   19.766  23.2453  22.8524   0.0017   0.0017
  weight sum                               43      148       76       61       64       24        0        0
  precision                              0.01     0.01     0.01     0.01     0.01     0.01     0.01     0.01

Histogram of JPEG Coefficients156
  mean                                13.4186  13.3446  17.9474  11.3607  13.9063  28.3333        0        0
  std. dev.                             6.606   7.9972  25.6945  17.8004  12.9575  18.6652   0.0017   0.0017
  weight sum                               43      148       76       61       64       24        0        0
  precision                              0.01     0.01     0.01     0.01     0.01     0.01     0.01     0.01

Histogram of JPEG Coefficients157
  mean                                10.6512  11.6689  11.2105  12.8689  11.4531  20.5833        0        0
  std. dev.                            4.9832   6.3164  15.9327  15.8036  12.7008  10.7739   0.0017   0.0017
  weight sum                               43      148       76       61       64       24        0        0
  precision                              0.01     0.01     0.01     0.01     0.01     0.01     0.01     0.01

Histogram of JPEG Coefficients158
  mean                                16.7209  18.3649  16.5526  15.8689  17.4531   29.375        0        0
  std. dev.                            6.0591   8.9527  31.1226  12.8541  12.2013  10.4714   0.0017   0.0017
  weight sum                               43      148       76       61       64       24        0        0
  precision                              0.01     0.01     0.01     0.01     0.01     0.01     0.01     0.01

Histogram of JPEG Coefficients159
  mean                                46.3953  53.0946  22.9211  32.5738  36.3594  53.5417        0        0
  std. dev.                           18.8447  21.0528  17.0006   26.874  22.1616   23.838   0.0017   0.0017
  weight sum                               43      148       76       61       64       24        0        0
  precision                              0.01     0.01     0.01     0.01     0.01     0.01     0.01     0.01

Histogram of JPEG Coefficients160
  mean                                 23.907  32.4189  22.8684  18.0984     33.5  70.3333        0        0
  std. dev.                           11.6914  16.1501  27.3267  13.9492  21.9702  31.4863   0.0017   0.0017
  weight sum                               43      148       76       61       64       24        0        0
  precision                              0.01     0.01     0.01     0.01     0.01     0.01     0.01     0.01

Histogram of JPEG Coefficients161
  mean                                15.3256  12.4527  16.4605  14.7869  20.8906     55.5        0        0
  std. dev.                            6.8326   7.4791  19.1163  22.4069  12.2858  37.9374   0.0017   0.0017
  weight sum                               43      148       76       61       64       24        0        0
  precision                              0.01     0.01     0.01     0.01     0.01     0.01     0.01     0.01

Histogram of JPEG Coefficients162
  mean                                  4.093   3.4324  20.1184  14.1639  16.0156  38.1667        0        0
  std. dev.                            3.0486   2.6436  29.4444  15.5249    9.039  21.7594   0.0017   0.0017
  weight sum                               43      148       76       61       64       24        0        0
  precision                              0.01     0.01     0.01     0.01     0.01     0.01     0.01     0.01

Histogram of JPEG Coefficients163
  mean                                 2.9302   3.2568  22.3289  15.1803  11.0625  22.4583        0        0
  std. dev.                            1.7705   2.4936  33.8648  34.3676   9.2768  18.2711   0.0017   0.0017
  weight sum                               43      148       76       61       64       24        0        0
  precision                              0.01     0.01     0.01     0.01     0.01     0.01     0.01     0.01

Histogram of JPEG Coefficients164
  mean                                  6.093   6.1622  19.0395    9.082  13.4531  16.2917        0        0
  std. dev.                            3.4019   3.5146  35.5722   7.4268  13.9731   7.8341   0.0017   0.0017
  weight sum                               43      148       76       61       64       24        0        0
  precision                              0.01     0.01     0.01     0.01     0.01     0.01     0.01     0.01

Histogram of JPEG Coefficients165
  mean                                 8.4884   8.4054  13.7237  10.3279   10.875  21.6667        0        0
  std. dev.                            4.9007   4.6743  18.5029   8.7398   8.0341  15.7153   0.0017   0.0017
  weight sum                               43      148       76       61       64       24        0        0
  precision                              0.01     0.01     0.01     0.01     0.01     0.01     0.01     0.01

Histogram of JPEG Coefficients166
  mean                                15.7442  18.4595  15.1974  20.0328  21.7813  33.2917        0        0
  std. dev.                             6.236   8.5853  30.5287   20.259  16.5232   11.939   0.0017   0.0017
  weight sum                               43      148       76       61       64       24        0        0
  precision                              0.01     0.01     0.01     0.01     0.01     0.01     0.01     0.01

Histogram of JPEG Coefficients167
  mean                                47.0698  57.1824  27.9737  32.7705  42.9219  61.7917        0        0
  std. dev.                           20.9111  24.3644  33.2051  33.3375  24.2508  30.4767   0.0017   0.0017
  weight sum                               43      148       76       61       64       24        0        0
  precision                              0.01     0.01     0.01     0.01     0.01     0.01     0.01     0.01

Histogram of JPEG Coefficients168
  mean                                47.7674    55.25  15.9079  15.4918  23.4063  46.0833        0        0
  std. dev.                           27.4208  24.0419   17.438  27.4421  15.9351   43.087   0.0017   0.0017
  weight sum                               43      148       76       61       64       24        0        0
  precision                              0.01     0.01     0.01     0.01     0.01     0.01     0.01     0.01

Histogram of JPEG Coefficients169
  mean                                13.4186  11.8784  12.5526  15.4918  17.4844  28.7917        0        0
  std. dev.                            5.2173   6.0926   18.327  24.8916  15.0416  21.9943   0.0017   0.0017
  weight sum                               43      148       76       61       64       24        0        0
  precision                              0.01     0.01     0.01     0.01     0.01     0.01     0.01     0.01

Histogram of JPEG Coefficients170
  mean                                 4.0465   4.2095  14.4737  13.8852  10.3438   19.625        0        0
  std. dev.                            2.6759   3.1285   16.988  18.6671   8.6082  20.9121   0.0017   0.0017
  weight sum                               43      148       76       61       64       24        0        0
  precision                              0.01     0.01     0.01     0.01     0.01     0.01     0.01     0.01

Histogram of JPEG Coefficients171
  mean                                 6.1163   6.4459  12.9737   9.1475   7.1406  18.5417        0        0
  std. dev.                            3.8652   3.9546   20.238  10.2283    6.607   15.671   0.0017   0.0017
  weight sum                               43      148       76       61       64       24        0        0
  precision                              0.01     0.01     0.01     0.01     0.01     0.01     0.01     0.01

Histogram of JPEG Coefficients172
  mean                                 4.6512   4.1959    10.75    8.459   9.4375     15.5        0        0
  std. dev.                            3.1834   2.7353  15.1754   8.1171   7.5185   5.9231   0.0017   0.0017
  weight sum                               43      148       76       61       64       24        0        0
  precision                              0.01     0.01     0.01     0.01     0.01     0.01     0.01     0.01

Histogram of JPEG Coefficients173
  mean                                 9.5349   9.6554  12.8816   12.082  14.1719  17.1667        0        0
  std. dev.                            5.2974   5.4583  16.8116  11.4409   9.7861  11.4807   0.0017   0.0017
  weight sum                               43      148       76       61       64       24        0        0
  precision                              0.01     0.01     0.01     0.01     0.01     0.01     0.01     0.01

Histogram of JPEG Coefficients174
  mean                                13.4884  14.4527     21.5  19.8361  22.8906  36.5417        0        0
  std. dev.                            7.2797   7.2339  36.4018  17.9983  16.8097  15.7585   0.0017   0.0017
  weight sum                               43      148       76       61       64       24        0        0
  precision                              0.01     0.01     0.01     0.01     0.01     0.01     0.01     0.01

Histogram of JPEG Coefficients175
  mean                                36.1395  43.7297  24.8947  31.1803  40.2344   61.375        0        0
  std. dev.                           17.2243  18.9311  24.2143  17.2423  26.3467  29.4319   0.0017   0.0017
  weight sum                               43      148       76       61       64       24        0        0
  precision                              0.01     0.01     0.01     0.01     0.01     0.01     0.01     0.01

Histogram of JPEG Coefficients176
  mean                                 37.907  42.1959    18.25  14.7377  26.1563  48.1667        0        0
  std. dev.                           26.1879   19.143  31.7615  11.8376  22.8413   51.034   0.0017   0.0017
  weight sum                               43      148       76       61       64       24        0        0
  precision                              0.01     0.01     0.01     0.01     0.01     0.01     0.01     0.01

Histogram of JPEG Coefficients177
  mean                                13.4186  11.9054  11.2632  12.2459  15.8281  33.4583        0        0
  std. dev.                            6.3107   6.3431  10.2513  13.0894  11.0518  32.5627   0.0017   0.0017
  weight sum                               43      148       76       61       64       24        0        0
  precision                              0.01     0.01     0.01     0.01     0.01     0.01     0.01     0.01

Histogram of JPEG Coefficients178
  mean                                 6.7209   7.4324  15.3289       13  15.0313  19.0833        0        0
  std. dev.                            4.4738   4.4115  27.3964  13.2826  10.5889   8.1747   0.0017   0.0017
  weight sum                               43      148       76       61       64       24        0        0
  precision                              0.01     0.01     0.01     0.01     0.01     0.01     0.01     0.01

Histogram of JPEG Coefficients179
  mean                                  7.814   8.7973  12.9737  11.3279  13.0469       26        0        0
  std. dev.                            4.3416   5.1228  16.5044   9.9453  13.2976   15.248   0.0017   0.0017
  weight sum                               43      148       76       61       64       24        0        0
  precision                              0.01     0.01     0.01     0.01     0.01     0.01     0.01     0.01

Histogram of JPEG Coefficients180
  mean                                 8.3721   8.7027  13.8816  12.1639  15.9688  25.9583        0        0
  std. dev.                            4.4094   5.2136  16.1147  10.4429  14.2445  13.3993   0.0017   0.0017
  weight sum                               43      148       76       61       64       24        0        0
  precision                              0.01     0.01     0.01     0.01     0.01     0.01     0.01     0.01

Histogram of JPEG Coefficients181
  mean                                     10  11.7162  15.6053   19.541  22.1094   33.375        0        0
  std. dev.                            4.8224    6.462  18.7491  19.1419  13.4235  16.5147   0.0017   0.0017
  weight sum                               43      148       76       61       64       24        0        0
  precision                              0.01     0.01     0.01     0.01     0.01     0.01     0.01     0.01

Histogram of JPEG Coefficients182
  mean                                16.0233  16.5338  23.8816  27.1639  37.7813  50.5417        0        0
  std. dev.                            6.7289    9.046   21.674  18.4099  25.5291  13.7598   0.0017   0.0017
  weight sum                               43      148       76       61       64       24        0        0
  precision                              0.01     0.01     0.01     0.01     0.01     0.01     0.01     0.01

Histogram of JPEG Coefficients183
  mean                                     38  40.9932  34.3553  45.1639  57.1563  75.8333        0        0
  std. dev.                           17.8703  18.6408  24.7879  38.1886  32.2932  30.9498   0.0017   0.0017
  weight sum                               43      148       76       61       64       24        0        0
  precision                              0.01     0.01     0.01     0.01     0.01     0.01     0.01     0.01

Histogram of JPEG Coefficients184
  mean                                62.7209  65.9865  22.6711  21.3934  34.6563    61.75        0        0
  std. dev.                           39.1326  29.5338  33.4016  16.9476  31.3754  44.2768   0.0017   0.0017
  weight sum                               43      148       76       61       64       24        0        0
  precision                              0.01     0.01     0.01     0.01     0.01     0.01     0.01     0.01

Histogram of JPEG Coefficients185
  mean                                15.6744  17.6081  24.9868  21.6066  30.5313    35.75        0        0
  std. dev.                            7.4949   8.1561  36.7042  17.9483  22.0099  13.3892   0.0017   0.0017
  weight sum                               43      148       76       61       64       24        0        0
  precision                              0.01     0.01     0.01     0.01     0.01     0.01     0.01     0.01

Histogram of JPEG Coefficients186
  mean                                14.6977  17.0878  19.1842  22.8852  20.6875  35.9167        0        0
  std. dev.                            7.7175   9.7363  24.9719  17.7543  13.3719  17.3732   0.0017   0.0017
  weight sum                               43      148       76       61       64       24        0        0
  precision                              0.01     0.01     0.01     0.01     0.01     0.01     0.01     0.01

Histogram of JPEG Coefficients187
  mean                                15.6977  16.4662  21.0526  18.1967  25.1563  47.3333        0        0
  std. dev.                            9.4341    7.432  23.0628  14.6386  14.6567  25.1158   0.0017   0.0017
  weight sum                               43      148       76       61       64       24        0        0
  precision                              0.01     0.01     0.01     0.01     0.01     0.01     0.01     0.01

Histogram of JPEG Coefficients188
  mean                                 18.186  19.4662  19.6053  22.8361   31.125  43.4167        0        0
  std. dev.                            8.8377   9.7297  20.5222  23.0354  20.1242  15.1655   0.0017   0.0017
  weight sum                               43      148       76       61       64       24        0        0
  precision                              0.01     0.01     0.01     0.01     0.01     0.01     0.01     0.01

Histogram of JPEG Coefficients189
  mean                                17.6279  18.1486    20.25  26.1967  36.8281     54.5        0        0
  std. dev.                            9.3586  10.7605  18.2094  24.8093  22.4287  20.7445   0.0017   0.0017
  weight sum                               43      148       76       61       64       24        0        0
  precision                              0.01     0.01     0.01     0.01     0.01     0.01     0.01     0.01

Histogram of JPEG Coefficients190
  mean                                21.9767  23.1081  30.4342  33.4918  49.2188  69.7083        0        0
  std. dev.                            9.5125  11.9148  36.7969  20.0782  26.9684  31.4198   0.0017   0.0017
  weight sum                               43      148       76       61       64       24        0        0
  precision                              0.01     0.01     0.01     0.01     0.01     0.01     0.01     0.01

Histogram of JPEG Coefficients191
  mean                                46.6512  52.9257  45.1316   53.918  72.3906  85.2083        0        0
  std. dev.                           20.3925  23.8141  34.7314  30.2776  39.2936   37.192   0.0017   0.0017
  weight sum                               43      148       76       61       64       24        0        0
  precision                              0.01     0.01     0.01     0.01     0.01     0.01     0.01     0.01



Time taken to build model: 0.17 seconds

Time taken to test model on training data: 0.13 seconds

=== Error on training data ===

Correctly Classified Instances         321               77.1635 %
Incorrectly Classified Instances        95               22.8365 %
Kappa statistic                          0.7164
Mean absolute error                      0.0574
Root mean squared error                  0.2364
Relative absolute error                 29.3436 %
Root relative squared error             75.6553 %
Total Number of Instances              416     


=== Detailed Accuracy By Class ===

                 TP Rate  FP Rate  Precision  Recall   F-Measure  MCC      ROC Area  PRC Area  Class
                 0.884    0.107    0.487      0.884    0.628      0.606    0.963     0.758     K1
                 0.723    0.019    0.955      0.723    0.823      0.760    0.984     0.963     K2
                 0.500    0.012    0.905      0.500    0.644      0.626    0.979     0.909     K3
                 0.951    0.118    0.580      0.951    0.720      0.689    0.979     0.891     K4
                 0.906    0.011    0.935      0.906    0.921      0.907    0.995     0.965     K5
                 0.917    0.000    1.000      0.917    0.957      0.955    1.000     0.994     K6
                 ?        0.000    ?          ?        ?          ?        ?         ?         K7
                 ?        0.000    ?          ?        ?          ?        ?         ?         K8
Weighted Avg.    0.772    0.039    0.842      0.772    0.778      0.743    0.983     0.924     


=== Confusion Matrix ===

   a   b   c   d   e   f   g   h   <-- classified as
  38   5   0   0   0   0   0   0 |   a = K1
  40 107   0   1   0   0   0   0 |   b = K2
   0   0  38  37   1   0   0   0 |   c = K3
   0   0   2  58   1   0   0   0 |   d = K4
   0   0   2   4  58   0   0   0 |   e = K5
   0   0   0   0   2  22   0   0 |   f = K6
   0   0   0   0   0   0   0   0 |   g = K7
   0   0   0   0   0   0   0   0 |   h = K8

Time taken to perform cross-validation: 0.17 seconds


=== Stratified cross-validation ===

Correctly Classified Instances         279               67.0673 %
Incorrectly Classified Instances       137               32.9327 %
Kappa statistic                          0.5902
Mean absolute error                      0.0827
Root mean squared error                  0.2842
Relative absolute error                 42.2506 %
Root relative squared error             90.9571 %
Total Number of Instances              416     


=== Detailed Accuracy By Class ===

                 TP Rate  FP Rate  Precision  Recall   F-Measure  MCC      ROC Area  PRC Area  Class
                 0.698    0.115    0.411      0.698    0.517      0.466    0.927     0.645     K1
                 0.696    0.045    0.896      0.696    0.783      0.697    0.971     0.930     K2
                 0.316    0.038    0.649      0.316    0.425      0.377    0.873     0.578     K3
                 0.754    0.152    0.460      0.754    0.571      0.498    0.825     0.555     K4
                 0.891    0.031    0.838      0.891    0.864      0.838    0.986     0.883     K5
                 0.792    0.010    0.826      0.792    0.809      0.797    0.993     0.816     K6
                 ?        0.000    ?          ?        ?          ?        ?         ?         K7
                 ?        0.000    ?          ?        ?          ?        ?         ?         K8
Weighted Avg.    0.671    0.063    0.724      0.671    0.673      0.613    0.931     0.767     


=== Confusion Matrix ===

   a   b   c   d   e   f   g   h   <-- classified as
  30  12   0   1   0   0   0   0 |   a = K1
  43 103   0   2   0   0   0   0 |   b = K2
   0   0  24  47   3   2   0   0 |   c = K3
   0   0  11  46   3   1   0   0 |   d = K4
   0   0   2   4  57   1   0   0 |   e = K5
   0   0   0   0   5  19   0   0 |   f = K6
   0   0   0   0   0   0   0   0 |   g = K7
   0   0   0   0   0   0   0   0 |   h = K8

