
=== Classifier model (full training set) ===

Naive Bayes Classifier

                     Class
Attribute               K1      K2      K3      K4      K5      K6
                     (0.1)  (0.35)  (0.18)  (0.15)  (0.15)  (0.06)
===================================================================
Gabor Features0
  mean               7.6731  7.5055  7.0105  8.2615  8.5911   5.623
  std. dev.          3.2605  3.8789  2.0412   3.196  2.1915  1.6381
  weight sum             43     148      76      61      64      24
  precision          0.0449  0.0449  0.0449  0.0449  0.0449  0.0449

Gabor Features1
  mean               0.0678  0.0585  0.1413   0.139  0.1121  0.0953
  std. dev.          0.0245  0.0286  0.1002  0.1074    0.03  0.0144
  weight sum             43     148      76      61      64      24
  precision          0.0019  0.0019  0.0019  0.0019  0.0019  0.0019

Gabor Features2
  mean               7.6757   7.508  7.0129  8.2642   8.594  5.6249
  std. dev.          3.2616  3.8802  2.0419  3.1971  2.1922  1.6386
  weight sum             43     148      76      61      64      24
  precision           0.045   0.045   0.045   0.045   0.045   0.045

Gabor Features3
  mean               0.0678  0.0585  0.1414  0.1391  0.1121  0.0953
  std. dev.          0.0245  0.0287  0.1003  0.1074    0.03  0.0144
  weight sum             43     148      76      61      64      24
  precision          0.0019  0.0019  0.0019  0.0019  0.0019  0.0019

Gabor Features4
  mean               7.6757   7.508  7.0129  8.2642   8.594  5.6249
  std. dev.          3.2616  3.8802  2.0419  3.1971  2.1922  1.6386
  weight sum             43     148      76      61      64      24
  precision           0.045   0.045   0.045   0.045   0.045   0.045

Gabor Features5
  mean               0.0678  0.0585  0.1414  0.1391  0.1121  0.0953
  std. dev.          0.0245  0.0287  0.1003  0.1074    0.03  0.0144
  weight sum             43     148      76      61      64      24
  precision          0.0019  0.0019  0.0019  0.0019  0.0019  0.0019

Gabor Features6
  mean               7.6731  7.5055  7.0105  8.2615  8.5911   5.623
  std. dev.          3.2605  3.8789  2.0412   3.196  2.1915  1.6381
  weight sum             43     148      76      61      64      24
  precision          0.0449  0.0449  0.0449  0.0449  0.0449  0.0449

Gabor Features7
  mean               0.0678  0.0585  0.1413   0.139  0.1121  0.0953
  std. dev.          0.0245  0.0286  0.1002  0.1074    0.03  0.0144
  weight sum             43     148      76      61      64      24
  precision          0.0019  0.0019  0.0019  0.0019  0.0019  0.0019

Gabor Features8
  mean               7.6757   7.508  7.0129  8.2642   8.594  5.6249
  std. dev.          3.2616  3.8802  2.0419  3.1971  2.1922  1.6386
  weight sum             43     148      76      61      64      24
  precision           0.045   0.045   0.045   0.045   0.045   0.045

Gabor Features9
  mean               0.0678  0.0585  0.1414  0.1391  0.1121  0.0953
  std. dev.          0.0245  0.0287  0.1003  0.1074    0.03  0.0144
  weight sum             43     148      76      61      64      24
  precision          0.0019  0.0019  0.0019  0.0019  0.0019  0.0019

Gabor Features10
  mean               7.6757   7.508  7.0129  8.2642   8.594  5.6249
  std. dev.          3.2616  3.8802  2.0419  3.1971  2.1922  1.6386
  weight sum             43     148      76      61      64      24
  precision           0.045   0.045   0.045   0.045   0.045   0.045

Gabor Features11
  mean               0.0678  0.0585  0.1414  0.1391  0.1121  0.0953
  std. dev.          0.0245  0.0287  0.1003  0.1074    0.03  0.0144
  weight sum             43     148      76      61      64      24
  precision          0.0019  0.0019  0.0019  0.0019  0.0019  0.0019

Gabor Features12
  mean               7.9298  7.7565   7.245  8.5378  8.8785  5.8111
  std. dev.          3.3696  4.0087  2.1095  3.3029  2.2648  1.6929
  weight sum             43     148      76      61      64      24
  precision          0.0464  0.0464  0.0464  0.0464  0.0464  0.0464

Gabor Features13
  mean               0.0699  0.0604  0.1461  0.1436   0.116  0.0984
  std. dev.          0.0251  0.0296  0.1037   0.111  0.0311   0.015
  weight sum             43     148      76      61      64      24
  precision           0.002   0.002   0.002   0.002   0.002   0.002

Gabor Features14
  mean               7.9325  7.7591  7.2475  8.5407  8.8815  5.8131
  std. dev.          3.3707    4.01  2.1102   3.304  2.2655  1.6935
  weight sum             43     148      76      61      64      24
  precision          0.0465  0.0465  0.0465  0.0465  0.0465  0.0465

Gabor Features15
  mean                 0.07  0.0605  0.1461  0.1436  0.1158   0.099
  std. dev.          0.0253  0.0296  0.1035   0.111  0.0309  0.0153
  weight sum             43     148      76      61      64      24
  precision           0.002   0.002   0.002   0.002   0.002   0.002

Gabor Features16
  mean               7.9325  7.7591  7.2475  8.5407  8.8815  5.8131
  std. dev.          3.3707    4.01  2.1102   3.304  2.2655  1.6935
  weight sum             43     148      76      61      64      24
  precision          0.0465  0.0465  0.0465  0.0465  0.0465  0.0465

Gabor Features17
  mean                 0.07  0.0605  0.1461  0.1436  0.1158   0.099
  std. dev.          0.0253  0.0296  0.1035   0.111  0.0309  0.0153
  weight sum             43     148      76      61      64      24
  precision           0.002   0.002   0.002   0.002   0.002   0.002

Gabor Features18
  mean               7.9298  7.7565   7.245  8.5378  8.8785  5.8111
  std. dev.          3.3696  4.0087  2.1095  3.3029  2.2648  1.6929
  weight sum             43     148      76      61      64      24
  precision          0.0464  0.0464  0.0464  0.0464  0.0464  0.0464

Gabor Features19
  mean               0.0699  0.0604  0.1461  0.1436   0.116  0.0984
  std. dev.          0.0251  0.0296  0.1037   0.111  0.0311   0.015
  weight sum             43     148      76      61      64      24
  precision           0.002   0.002   0.002   0.002   0.002   0.002

Gabor Features20
  mean               7.9325  7.7591  7.2475  8.5407  8.8815  5.8131
  std. dev.          3.3707    4.01  2.1102   3.304  2.2655  1.6935
  weight sum             43     148      76      61      64      24
  precision          0.0465  0.0465  0.0465  0.0465  0.0465  0.0465

Gabor Features21
  mean                 0.07  0.0605  0.1461  0.1436  0.1158   0.099
  std. dev.          0.0253  0.0296  0.1035   0.111  0.0309  0.0153
  weight sum             43     148      76      61      64      24
  precision           0.002   0.002   0.002   0.002   0.002   0.002

Gabor Features22
  mean               7.9325  7.7591  7.2475  8.5407  8.8815  5.8131
  std. dev.          3.3707    4.01  2.1102   3.304  2.2655  1.6935
  weight sum             43     148      76      61      64      24
  precision          0.0465  0.0465  0.0465  0.0465  0.0465  0.0465

Gabor Features23
  mean                 0.07  0.0605  0.1461  0.1436  0.1158   0.099
  std. dev.          0.0253  0.0296  0.1035   0.111  0.0309  0.0153
  weight sum             43     148      76      61      64      24
  precision           0.002   0.002   0.002   0.002   0.002   0.002

Gabor Features24
  mean               7.9225  7.7494  7.2383  8.5299  8.8703  5.8057
  std. dev.          3.3665   4.005  2.1075  3.2999  2.2627  1.6913
  weight sum             43     148      76      61      64      24
  precision          0.0464  0.0464  0.0464  0.0464  0.0464  0.0464

Gabor Features25
  mean               0.0699  0.0604  0.1459  0.1435  0.1157  0.0989
  std. dev.          0.0253  0.0296  0.1034  0.1109  0.0308  0.0153
  weight sum             43     148      76      61      64      24
  precision           0.002   0.002   0.002   0.002   0.002   0.002

Gabor Features26
  mean               7.9251   7.752  7.2408  8.5328  8.8733  5.8077
  std. dev.          3.3676  4.0063  2.1082   3.301  2.2634  1.6919
  weight sum             43     148      76      61      64      24
  precision          0.0464  0.0464  0.0464  0.0464  0.0464  0.0464

Gabor Features27
  mean                 0.07  0.0604   0.146  0.1436  0.1158  0.0984
  std. dev.          0.0253  0.0296  0.1035  0.1109   0.031  0.0149
  weight sum             43     148      76      61      64      24
  precision           0.002   0.002   0.002   0.002   0.002   0.002

Gabor Features28
  mean               7.9251   7.752  7.2408  8.5328  8.8733  5.8077
  std. dev.          3.3676  4.0063  2.1082   3.301  2.2634  1.6919
  weight sum             43     148      76      61      64      24
  precision          0.0464  0.0464  0.0464  0.0464  0.0464  0.0464

Gabor Features29
  mean                 0.07  0.0604   0.146  0.1436  0.1158  0.0984
  std. dev.          0.0253  0.0296  0.1035  0.1109   0.031  0.0149
  weight sum             43     148      76      61      64      24
  precision           0.002   0.002   0.002   0.002   0.002   0.002

Gabor Features30
  mean               7.9225  7.7494  7.2383  8.5299  8.8703  5.8057
  std. dev.          3.3665   4.005  2.1075  3.2999  2.2627  1.6913
  weight sum             43     148      76      61      64      24
  precision          0.0464  0.0464  0.0464  0.0464  0.0464  0.0464

Gabor Features31
  mean               0.0699  0.0604  0.1459  0.1435  0.1157  0.0989
  std. dev.          0.0253  0.0296  0.1034  0.1109  0.0308  0.0153
  weight sum             43     148      76      61      64      24
  precision           0.002   0.002   0.002   0.002   0.002   0.002

Gabor Features32
  mean               7.9251   7.752  7.2408  8.5328  8.8733  5.8077
  std. dev.          3.3676  4.0063  2.1082   3.301  2.2634  1.6919
  weight sum             43     148      76      61      64      24
  precision          0.0464  0.0464  0.0464  0.0464  0.0464  0.0464

Gabor Features33
  mean                 0.07  0.0604   0.146  0.1436  0.1158  0.0984
  std. dev.          0.0253  0.0296  0.1035  0.1109   0.031  0.0149
  weight sum             43     148      76      61      64      24
  precision           0.002   0.002   0.002   0.002   0.002   0.002

Gabor Features34
  mean               7.9251   7.752  7.2408  8.5328  8.8733  5.8077
  std. dev.          3.3676  4.0063  2.1082   3.301  2.2634  1.6919
  weight sum             43     148      76      61      64      24
  precision          0.0464  0.0464  0.0464  0.0464  0.0464  0.0464

Gabor Features35
  mean                 0.07  0.0604   0.146  0.1436  0.1158  0.0984
  std. dev.          0.0253  0.0296  0.1035  0.1109   0.031  0.0149
  weight sum             43     148      76      61      64      24
  precision           0.002   0.002   0.002   0.002   0.002   0.002

Gabor Features36
  mean               7.9017   7.729  7.2194  8.5075   8.847  5.7905
  std. dev.          3.3577  3.9945   2.102  3.2912  2.2568  1.6869
  weight sum             43     148      76      61      64      24
  precision          0.0463  0.0463  0.0463  0.0463  0.0463  0.0463

Gabor Features37
  mean               0.0698  0.0602  0.1455  0.1431  0.1154  0.0982
  std. dev.          0.0252  0.0295  0.1032  0.1106  0.0309  0.0149
  weight sum             43     148      76      61      64      24
  precision           0.002   0.002   0.002   0.002   0.002   0.002

Gabor Features38
  mean               7.9043  7.7316  7.2218  8.5104    8.85  5.7925
  std. dev.          3.3588  3.9958  2.1027  3.2923  2.2575  1.6875
  weight sum             43     148      76      61      64      24
  precision          0.0463  0.0463  0.0463  0.0463  0.0463  0.0463

Gabor Features39
  mean               0.0697  0.0603  0.1456  0.1431  0.1154  0.0987
  std. dev.          0.0252  0.0295  0.1032  0.1106  0.0308  0.0153
  weight sum             43     148      76      61      64      24
  precision           0.002   0.002   0.002   0.002   0.002   0.002

Gabor Features40
  mean               7.9043  7.7316  7.2218  8.5104    8.85  5.7925
  std. dev.          3.3588  3.9958  2.1027  3.2923  2.2575  1.6875
  weight sum             43     148      76      61      64      24
  precision          0.0463  0.0463  0.0463  0.0463  0.0463  0.0463

Gabor Features41
  mean               0.0697  0.0603  0.1456  0.1431  0.1154  0.0987
  std. dev.          0.0252  0.0295  0.1032  0.1106  0.0308  0.0153
  weight sum             43     148      76      61      64      24
  precision           0.002   0.002   0.002   0.002   0.002   0.002

Gabor Features42
  mean               7.9017   7.729  7.2194  8.5075   8.847  5.7905
  std. dev.          3.3577  3.9945   2.102  3.2912  2.2568  1.6869
  weight sum             43     148      76      61      64      24
  precision          0.0463  0.0463  0.0463  0.0463  0.0463  0.0463

Gabor Features43
  mean               0.0698  0.0602  0.1455  0.1431  0.1154  0.0982
  std. dev.          0.0252  0.0295  0.1032  0.1106  0.0309  0.0149
  weight sum             43     148      76      61      64      24
  precision           0.002   0.002   0.002   0.002   0.002   0.002

Gabor Features44
  mean               7.9043  7.7316  7.2218  8.5104    8.85  5.7925
  std. dev.          3.3588  3.9958  2.1027  3.2923  2.2575  1.6875
  weight sum             43     148      76      61      64      24
  precision          0.0463  0.0463  0.0463  0.0463  0.0463  0.0463

Gabor Features45
  mean               0.0697  0.0603  0.1456  0.1431  0.1154  0.0987
  std. dev.          0.0252  0.0295  0.1032  0.1106  0.0308  0.0153
  weight sum             43     148      76      61      64      24
  precision           0.002   0.002   0.002   0.002   0.002   0.002

Gabor Features46
  mean               7.9043  7.7316  7.2218  8.5104    8.85  5.7925
  std. dev.          3.3588  3.9958  2.1027  3.2923  2.2575  1.6875
  weight sum             43     148      76      61      64      24
  precision          0.0463  0.0463  0.0463  0.0463  0.0463  0.0463

Gabor Features47
  mean               0.0697  0.0603  0.1456  0.1431  0.1154  0.0987
  std. dev.          0.0252  0.0295  0.1032  0.1106  0.0308  0.0153
  weight sum             43     148      76      61      64      24
  precision           0.002   0.002   0.002   0.002   0.002   0.002

Gabor Features48
  mean               7.8426  7.6713  7.1654   8.444  8.7809  5.7472
  std. dev.          3.3326  3.9646  2.0863  3.2666  2.2399  1.6743
  weight sum             43     148      76      61      64      24
  precision          0.0459  0.0459  0.0459  0.0459  0.0459  0.0459

Gabor Features49
  mean               0.0693  0.0598  0.1444  0.1421  0.1146  0.0974
  std. dev.           0.025  0.0293  0.1024  0.1098  0.0307  0.0148
  weight sum             43     148      76      61      64      24
  precision           0.002   0.002   0.002   0.002   0.002   0.002

Gabor Features50
  mean               7.8453  7.6738  7.1678  8.4468  8.7839  5.7492
  std. dev.          3.3337  3.9659   2.087  3.2677  2.2406  1.6748
  weight sum             43     148      76      61      64      24
  precision          0.0459  0.0459  0.0459  0.0459  0.0459  0.0459

Gabor Features51
  mean               0.0692  0.0599  0.1445  0.1421  0.1146  0.0979
  std. dev.           0.025  0.0293  0.1024  0.1098  0.0305  0.0152
  weight sum             43     148      76      61      64      24
  precision           0.002   0.002   0.002   0.002   0.002   0.002

Gabor Features52
  mean               7.8453  7.6738  7.1678  8.4468  8.7839  5.7492
  std. dev.          3.3337  3.9659   2.087  3.2677  2.2406  1.6748
  weight sum             43     148      76      61      64      24
  precision          0.0459  0.0459  0.0459  0.0459  0.0459  0.0459

Gabor Features53
  mean               0.0692  0.0599  0.1445  0.1421  0.1146  0.0979
  std. dev.           0.025  0.0293  0.1024  0.1098  0.0305  0.0152
  weight sum             43     148      76      61      64      24
  precision           0.002   0.002   0.002   0.002   0.002   0.002

Gabor Features54
  mean               7.8426  7.6713  7.1654   8.444  8.7809  5.7472
  std. dev.          3.3326  3.9646  2.0863  3.2666  2.2399  1.6743
  weight sum             43     148      76      61      64      24
  precision          0.0459  0.0459  0.0459  0.0459  0.0459  0.0459

Gabor Features55
  mean               0.0693  0.0598  0.1444  0.1421  0.1146  0.0974
  std. dev.           0.025  0.0293  0.1024  0.1098  0.0307  0.0148
  weight sum             43     148      76      61      64      24
  precision           0.002   0.002   0.002   0.002   0.002   0.002

Gabor Features56
  mean               7.8453  7.6738  7.1678  8.4468  8.7839  5.7492
  std. dev.          3.3337  3.9659   2.087  3.2677  2.2406  1.6748
  weight sum             43     148      76      61      64      24
  precision          0.0459  0.0459  0.0459  0.0459  0.0459  0.0459

Gabor Features57
  mean               0.0692  0.0599  0.1445  0.1421  0.1146  0.0979
  std. dev.           0.025  0.0293  0.1024  0.1098  0.0305  0.0152
  weight sum             43     148      76      61      64      24
  precision           0.002   0.002   0.002   0.002   0.002   0.002

Gabor Features58
  mean               7.8453  7.6738  7.1678  8.4468  8.7839  5.7492
  std. dev.          3.3337  3.9659   2.087  3.2677  2.2406  1.6748
  weight sum             43     148      76      61      64      24
  precision          0.0459  0.0459  0.0459  0.0459  0.0459  0.0459

Gabor Features59
  mean               0.0692  0.0599  0.1445  0.1421  0.1146  0.0979
  std. dev.           0.025  0.0293  0.1024  0.1098  0.0305  0.0152
  weight sum             43     148      76      61      64      24
  precision           0.002   0.002   0.002   0.002   0.002   0.002



Time taken to build model: 0.2 seconds

Time taken to test model on training data: 0.05 seconds

=== Error on training data ===

Correctly Classified Instances         179               43.0288 %
Incorrectly Classified Instances       237               56.9712 %
Kappa statistic                          0.303 
Mean absolute error                      0.1912
Root mean squared error                  0.4276
Relative absolute error                 73.3937 %
Root relative squared error            118.5336 %
Total Number of Instances              416     


=== Detailed Accuracy By Class ===

                 TP Rate  FP Rate  Precision  Recall   F-Measure  MCC      ROC Area  PRC Area  Class
                 0.279    0.196    0.141      0.279    0.188      0.063    0.669     0.183     K1
                 0.547    0.101    0.750      0.547    0.633      0.488    0.863     0.761     K2
                 0.289    0.029    0.688      0.289    0.407      0.377    0.725     0.382     K3
                 0.115    0.023    0.467      0.115    0.184      0.175    0.583     0.299     K4
                 0.594    0.205    0.345      0.594    0.437      0.318    0.781     0.336     K5
                 0.792    0.120    0.288      0.792    0.422      0.429    0.924     0.538     K6
Weighted Avg.    0.430    0.103    0.545      0.430    0.438      0.348    0.768     0.486     


=== Confusion Matrix ===

  a  b  c  d  e  f   <-- classified as
 12 15  0  0 12  4 |  a = K1
 45 81  0  2 17  3 |  b = K2
 16  3 22  2 16 17 |  c = K3
  8  6  8  7 23  9 |  d = K4
  4  2  2  4 38 14 |  e = K5
  0  1  0  0  4 19 |  f = K6

Time taken to perform cross-validation: 0.08 seconds


=== Stratified cross-validation ===

Correctly Classified Instances         163               39.1827 %
Incorrectly Classified Instances       253               60.8173 %
Kappa statistic                          0.26  
Mean absolute error                      0.2019
Root mean squared error                  0.441 
Relative absolute error                 77.4723 %
Root relative squared error            122.2254 %
Total Number of Instances              416     


=== Detailed Accuracy By Class ===

                 TP Rate  FP Rate  Precision  Recall   F-Measure  MCC      ROC Area  PRC Area  Class
                 0.279    0.228    0.124      0.279    0.171      0.037    0.625     0.131     K1
                 0.507    0.093    0.750      0.507    0.605      0.463    0.850     0.702     K2
                 0.211    0.035    0.571      0.211    0.308      0.270    0.690     0.328     K3
                 0.098    0.037    0.316      0.098    0.150      0.105    0.527     0.222     K4
                 0.563    0.213    0.324      0.563    0.411      0.285    0.766     0.322     K5
                 0.750    0.110    0.295      0.750    0.424      0.422    0.908     0.499     K6
Weighted Avg.    0.392    0.108    0.497      0.392    0.399      0.302    0.740     0.434     


=== Confusion Matrix ===

  a  b  c  d  e  f   <-- classified as
 12 15  0  0 11  5 |  a = K1
 49 75  0  2 18  4 |  b = K2
 19  3 16  7 16 15 |  c = K3
  9  5  8  6 25  8 |  d = K4
  8  1  4  4 36 11 |  e = K5
  0  1  0  0  5 18 |  f = K6

