
=== Classifier model (full training set) ===

Naive Bayes Classifier

                 Class
Attribute           K1      K2      K3      K4      K5      K6
                 (0.1)  (0.35)  (0.18)  (0.15)  (0.15)  (0.06)
===============================================================
FCTH0
  mean           5.1628  5.6622  1.6447  1.5082  3.5156  2.7083
  std. dev.      0.9867  0.8971  0.9277  1.2364  1.4251  1.3687
  weight sum         43     148      76      61      64      24
  precision           1       1       1       1       1       1

FCTH1
  mean           3.3721  3.0946    2.25  2.0492  2.5781  3.0833
  std. dev.      1.4789  1.5911  0.8292  1.0777  1.7212  1.6309
  weight sum         43     148      76      61      64      24
  precision           1       1       1       1       1       1

FCTH2
  mean           2.7907  2.7432  4.0395  4.5738  2.1563  2.4583
  std. dev.      1.5182  1.6891  2.0612  1.8683  1.9543   1.936
  weight sum         43     148      76      61      64      24
  precision           1       1       1       1       1       1

FCTH3
  mean           2.9535  2.9122  1.3947  0.9836  0.8906       0
  std. dev.       1.311  1.2677  0.8897  0.7353  0.8123  0.1667
  weight sum         43     148      76      61      64      24
  precision           1       1       1       1       1       1

FCTH4
  mean           4.5349  5.8581  2.6316  2.4918  3.2188       0
  std. dev.      1.8089  1.5023  2.1016  1.8253  1.4412  0.1667
  weight sum         43     148      76      61      64      24
  precision           1       1       1       1       1       1

FCTH5
  mean            3.093  2.9932  2.5132  2.3115  1.0938  0.0833
  std. dev.       1.789  1.3681  1.6099  1.4659  1.3546  0.2764
  weight sum         43     148      76      61      64      24
  precision           1       1       1       1       1       1

FCTH6
  mean           1.3953  1.3581  0.3553  0.7705  1.5781  0.1667
  std. dev.       1.449  1.2893  0.7201  0.9125  1.7749  0.3727
  weight sum         43     148      76      61      64      24
  precision           1       1       1       1       1       1

FCTH7
  mean           2.3953  2.7162  0.8421  1.6066  0.1563  0.1667
  std. dev.      2.4885   2.576  2.0651  2.2049  0.6179  0.3727
  weight sum         43     148      76      61      64      24
  precision           1       1       1       1       1       1

FCTH8
  mean           1.5116   1.473  0.4474  1.0492   0.625  0.3333
  std. dev.      1.4366  1.4068  0.6958  1.0469  0.7806  0.4714
  weight sum         43     148      76      61      64      24
  precision           1       1       1       1       1       1

FCTH9
  mean           0.6977  0.4223  0.0658  0.2869  0.9961  1.3542
  std. dev.      0.9063  0.8785  0.2791  0.6937  1.0639   0.949
  weight sum         43     148      76      61      64      24
  precision        1.25    1.25    1.25    1.25    1.25    1.25

FCTH10
  mean           0.3907  0.2838  0.1737  0.4721  0.6375     0.6
  std. dev.      0.8069  0.8057  0.6064  1.1349  1.1418  0.9165
  weight sum         43     148      76      61      64      24
  precision         1.2     1.2     1.2     1.2     1.2     1.2

FCTH11
  mean           0.9767  0.6757  0.0132  0.1475  0.6563  0.9167
  std. dev.      1.4546  1.2149  0.1667  0.3546  0.8333  0.6401
  weight sum         43     148      76      61      64      24
  precision           1       1       1       1       1       1

FCTH12
  mean           0.5155  0.1577  0.1228  0.7459  0.2917  2.1389
  std. dev.      0.9843  0.5534   0.358  1.4943  0.5052  1.1503
  weight sum         43     148      76      61      64      24
  precision      1.1667  1.1667  1.1667  1.1667  1.1667  1.1667

FCTH13
  mean           0.0698  0.0203       0  0.1148  0.8594  0.6667
  std. dev.      0.2548  0.1667  0.1667  0.4824  1.3094  0.7454
  weight sum         43     148      76      61      64      24
  precision           1       1       1       1       1       1

FCTH14
  mean           0.5116  0.2973  0.0395  0.1967  1.4219   2.375
  std. dev.      0.8989   0.631  0.1947  0.4729  1.5792  1.1837
  weight sum         43     148      76      61      64      24
  precision           1       1       1       1       1       1

FCTH15
  mean           0.0465  0.0405  2.2105  1.9836  0.6563   1.625
  std. dev.      0.2106  0.2818  1.9147  1.9543  1.1486   0.696
  weight sum         43     148      76      61      64      24
  precision           1       1       1       1       1       1

FCTH16
  mean           0.0814  0.0788  0.9518  0.9563   1.513  2.9653
  std. dev.      0.3894  0.3992  1.1622  1.5161  1.5251  2.8967
  weight sum         43     148      76      61      64      24
  precision      1.1667  1.1667  1.1667  1.1667  1.1667  1.1667

FCTH17
  mean           0.1395  0.1149  0.3289  0.3934  0.2188  0.9583
  std. dev.      0.5533  0.3771  0.4698  0.5805   0.544   0.611
  weight sum         43     148      76      61      64      24
  precision           1       1       1       1       1       1

FCTH18
  mean           1.5814  1.6824  2.0921  1.6557  1.4844     1.5
  std. dev.      1.6172  1.6318   1.549  1.6285  1.6863  1.2247
  weight sum         43     148      76      61      64      24
  precision           1       1       1       1       1       1

FCTH19
  mean           0.5581  0.4392  0.4211   0.541  3.6094  3.4583
  std. dev.      1.0632  1.0015  0.6542  1.0012  1.3064  2.5163
  weight sum         43     148      76      61      64      24
  precision           1       1       1       1       1       1

FCTH20
  mean           1.5581  1.1824  0.5658  0.9508  1.3438  1.7917
  std. dev.      1.6886  1.2414  0.5462  0.9308  1.5734  0.9565
  weight sum         43     148      76      61      64      24
  precision           1       1       1       1       1       1

FCTH21
  mean           2.2093  2.3716  0.8026  0.3607     0.5       0
  std. dev.      1.7462  1.5909  0.7258  0.6281  0.7071  0.1667
  weight sum         43     148      76      61      64      24
  precision           1       1       1       1       1       1

FCTH22
  mean           0.2616  0.3716  0.1151  0.2664  1.4258       0
  std. dev.      0.5756  0.8653  0.3615  0.6037  0.7612  0.2083
  weight sum         43     148      76      61      64      24
  precision        1.25    1.25    1.25    1.25    1.25    1.25

FCTH23
  mean           1.6512  1.2973  0.6316  0.4918  1.0781       0
  std. dev.      1.1591  1.0871  0.6457  0.8021  1.0504  0.1667
  weight sum         43     148      76      61      64      24
  precision           1       1       1       1       1       1

FCTH24
  mean           1.0698  0.8108  1.3421  1.0164  1.0938  0.9583
  std. dev.      0.5865   0.608  0.8668  0.9142   0.384  0.7348
  weight sum         43     148      76      61      64      24
  precision           1       1       1       1       1       1

FCTH25
  mean            1.093  0.7297  1.8816  1.4262  1.3906     1.5
  std. dev.       0.772   0.643  1.0878  0.9314   0.742       1
  weight sum         43     148      76      61      64      24
  precision           1       1       1       1       1       1

FCTH26
  mean            0.186  0.0608  0.6842  0.7213  0.4844  0.4583
  std. dev.      0.3891   0.239  0.5896  0.4484  0.4998  0.4983
  weight sum         43     148      76      61      64      24
  precision           1       1       1       1       1       1

FCTH27
  mean           1.4651  1.5338  1.4474  0.7705  0.7656       0
  std. dev.      0.7265  0.7205  0.8491   0.687  0.7446  0.1667
  weight sum         43     148      76      61      64      24
  precision           1       1       1       1       1       1

FCTH28
  mean           0.8837  1.2973       1  0.6393  0.9844       0
  std. dev.      0.7838    0.85  0.8111  0.7021  0.5993  0.1667
  weight sum         43     148      76      61      64      24
  precision           1       1       1       1       1       1

FCTH29
  mean           0.6977  0.7027  1.4474  0.9016  0.5156       0
  std. dev.      0.7325  0.6623  0.8175  0.7401  0.4998  0.1667
  weight sum         43     148      76      61      64      24
  precision           1       1       1       1       1       1

FCTH30
  mean           0.4884  0.4392  0.4079  0.5902  0.5156  0.1667
  std. dev.      0.6602  0.6599  0.8611   0.894  0.6122  0.3727
  weight sum         43     148      76      61      64      24
  precision           1       1       1       1       1       1

FCTH31
  mean           0.4651  0.4932  0.3816  0.6393  0.0938       0
  std. dev.      0.9487  0.6728  0.9593  1.1599   0.384  0.1667
  weight sum         43     148      76      61      64      24
  precision           1       1       1       1       1       1

FCTH32
  mean           0.4186  0.2905  0.3684  0.4918   0.125  0.1667
  std. dev.        0.58  0.5101  0.6035  0.5902  0.3307  0.3727
  weight sum         43     148      76      61      64      24
  precision           1       1       1       1       1       1

FCTH33
  mean            0.093  0.0405       0  0.1475  0.0938  0.5417
  std. dev.      0.2905  0.2289  0.1667  0.3982  0.2915  0.4983
  weight sum         43     148      76      61      64      24
  precision           1       1       1       1       1       1

FCTH34
  mean           0.0465  0.0473  0.0395  0.1803  0.3438  0.5833
  std. dev.      0.2106   0.242  0.1947   0.425  0.7119  0.9538
  weight sum         43     148      76      61      64      24
  precision           1       1       1       1       1       1

FCTH35
  mean           0.2093  0.0676       0  0.0328  0.3281  0.1667
  std. dev.      0.5084   0.251  0.1667  0.1781  0.4695  0.3727
  weight sum         43     148      76      61      64      24
  precision           1       1       1       1       1       1

FCTH36
  mean            0.093  0.0068  0.0263  0.2131  0.0625  1.0833
  std. dev.      0.3618  0.1667  0.1667  0.5158  0.2421  0.6401
  weight sum         43     148      76      61      64      24
  precision           1       1       1       1       1       1

FCTH37
  mean                0       0       0       0  0.6719    0.25
  std. dev.      0.1667  0.1667  0.1667  0.1667  1.0316  0.5951
  weight sum         43     148      76      61      64      24
  precision           1       1       1       1       1       1

FCTH38
  mean           0.0698  0.0203       0  0.0328  0.8906  0.9583
  std. dev.      0.2548  0.1667  0.1667  0.1781  1.0914  0.4545
  weight sum         43     148      76      61      64      24
  precision           1       1       1       1       1       1

FCTH39
  mean           0.0233  0.0135  0.5921  0.5738  0.2188  0.8333
  std. dev.      0.1667  0.1667  0.4914  0.6129  0.5987  0.3727
  weight sum         43     148      76      61      64      24
  precision           1       1       1       1       1       1

FCTH40
  mean           0.0233  0.0068  0.0132  0.0656       0  0.7083
  std. dev.      0.1667  0.1667  0.1667  0.3995  0.1667  0.8406
  weight sum         43     148      76      61      64      24
  precision           1       1       1       1       1       1

FCTH41
  mean           0.0233  0.0068  0.1184  0.0984  0.0313  0.2083
  std. dev.      0.1667  0.1667  0.3231  0.2978   0.174  0.4061
  weight sum         43     148      76      61      64      24
  precision           1       1       1       1       1       1

FCTH42
  mean           0.3953  0.2905  1.0395  0.9672  0.6406   0.875
  std. dev.      0.5344  0.6179  0.9926   1.159  0.8171   0.927
  weight sum         43     148      76      61      64      24
  precision           1       1       1       1       1       1

FCTH43
  mean            0.093  0.0811  0.0132  0.1475  0.7813   1.125
  std. dev.      0.2905  0.3186  0.1667  0.4734  0.9758  1.1296
  weight sum         43     148      76      61      64      24
  precision           1       1       1       1       1       1

FCTH44
  mean           0.3256  0.2162  0.3289  0.5082   0.375   0.625
  std. dev.      0.5158  0.4433  0.5936  0.6433  0.5995  0.4841
  weight sum         43     148      76      61      64      24
  precision           1       1       1       1       1       1

FCTH45
  mean           0.5116  0.3919  0.8816  0.4262  0.2813       0
  std. dev.       0.624  0.5886  0.7774  0.7346  0.4496  0.1667
  weight sum         43     148      76      61      64      24
  precision           1       1       1       1       1       1

FCTH46
  mean                0   0.027  0.0395   0.082  0.4531       0
  std. dev.      0.1667  0.1667  0.1947  0.2743  0.6598  0.1667
  weight sum         43     148      76      61      64      24
  precision           1       1       1       1       1       1

FCTH47
  mean           0.3256  0.1689  0.4737  0.2951  0.3281       0
  std. dev.      0.5158  0.3923  0.6381  0.6099  0.4695  0.1667
  weight sum         43     148      76      61      64      24
  precision           1       1       1       1       1       1

FCTH48
  mean           0.5116  0.1419  0.5132  0.5246  0.3594  0.3333
  std. dev.      0.4999  0.3489  0.5734   0.692   0.541  0.4714
  weight sum         43     148      76      61      64      24
  precision           1       1       1       1       1       1

FCTH49
  mean           0.4465  0.1865  1.2632  1.1607   0.975    0.95
  std. dev.        0.58  0.4347  1.0095  0.8683  0.6666  0.4873
  weight sum         43     148      76      61      64      24
  precision         1.2     1.2     1.2     1.2     1.2     1.2

FCTH50
  mean                0       0  0.2237  0.2295   0.125    0.25
  std. dev.      0.1667  0.1667  0.4167  0.4205  0.3307   0.433
  weight sum         43     148      76      61      64      24
  precision           1       1       1       1       1       1

FCTH51
  mean           0.7442  0.3514    0.75  0.3443  0.3594       0
  std. dev.      0.5744  0.5049  0.5877  0.5085   0.541  0.1667
  weight sum         43     148      76      61      64      24
  precision           1       1       1       1       1       1

FCTH52
  mean           0.4651  0.3851  0.6053  0.3115  0.4219       0
  std. dev.      0.5434  0.5136    0.54  0.4972  0.5535  0.1667
  weight sum         43     148      76      61      64      24
  precision           1       1       1       1       1       1

FCTH53
  mean           0.3023  0.0878  0.6842  0.3607  0.2188       0
  std. dev.      0.4593  0.2831  0.5184  0.5442  0.4134  0.1667
  weight sum         43     148      76      61      64      24
  precision           1       1       1       1       1       1

FCTH54
  mean            0.186  0.1014  0.2105  0.3115  0.1875       0
  std. dev.      0.3891  0.3628   0.521  0.6151  0.4635  0.1667
  weight sum         43     148      76      61      64      24
  precision           1       1       1       1       1       1

FCTH55
  mean           0.2233  0.1865  0.2684  0.4918  0.1125       0
  std. dev.      0.5933  0.4566  0.8835  1.1777  0.4608     0.2
  weight sum         43     148      76      61      64      24
  precision         1.2     1.2     1.2     1.2     1.2     1.2

FCTH56
  mean            0.093  0.0405  0.1579  0.1803  0.0313  0.0833
  std. dev.      0.2905  0.1972  0.3991  0.3845   0.174  0.2764
  weight sum         43     148      76      61      64      24
  precision           1       1       1       1       1       1

FCTH57
  mean                0       0       0  0.0656  0.0313    0.25
  std. dev.      0.1667  0.1667  0.1667  0.2475   0.174   0.433
  weight sum         43     148      76      61      64      24
  precision           1       1       1       1       1       1

FCTH58
  mean                0       0       0  0.1311  0.1406    0.25
  std. dev.      0.1667  0.1667  0.1667  0.3831  0.3476  0.5951
  weight sum         43     148      76      61      64      24
  precision           1       1       1       1       1       1

FCTH59
  mean           0.0465       0       0       0  0.1719       0
  std. dev.      0.2106  0.1667  0.1667  0.1667  0.3773  0.1667
  weight sum         43     148      76      61      64      24
  precision           1       1       1       1       1       1

FCTH60
  mean           0.0233       0       0  0.1311       0     0.5
  std. dev.      0.1667  0.1667  0.1667  0.3376  0.1667  0.7638
  weight sum         43     148      76      61      64      24
  precision           1       1       1       1       1       1

FCTH61
  mean                0       0       0       0  0.2031  0.1667
  std. dev.      0.1667  0.1667  0.1667  0.1667  0.5356  0.3727
  weight sum         43     148      76      61      64      24
  precision           1       1       1       1       1       1

FCTH62
  mean                0       0       0  0.0164  0.3906  0.4167
  std. dev.      0.1667  0.1667  0.1667  0.1667  0.4879   0.493
  weight sum         43     148      76      61      64      24
  precision           1       1       1       1       1       1

FCTH63
  mean                0       0  0.1974  0.4918  0.0781  0.2083
  std. dev.      0.1667  0.1667   0.398  0.5317  0.2684  0.4061
  weight sum         43     148      76      61      64      24
  precision           1       1       1       1       1       1

FCTH64
  mean                0       0       0  0.0656       0  0.4583
  std. dev.      0.1667  0.1667  0.1667  0.3067  0.1667  0.4983
  weight sum         43     148      76      61      64      24
  precision           1       1       1       1       1       1

FCTH65
  mean           0.0233       0  0.0132  0.0656       0       0
  std. dev.      0.1667  0.1667  0.1667  0.2475  0.1667  0.1667
  weight sum         43     148      76      61      64      24
  precision           1       1       1       1       1       1

FCTH66
  mean           0.1453  0.0845  0.6414  0.8402  0.3906   0.625
  std. dev.      0.4007  0.3138  0.7167  1.0549  0.6583  0.8839
  weight sum         43     148      76      61      64      24
  precision        1.25    1.25    1.25    1.25    1.25    1.25

FCTH67
  mean           0.0233       0       0   0.082  0.4531   0.875
  std. dev.      0.1667  0.1667  0.1667  0.3287   0.557  0.7806
  weight sum         43     148      76      61      64      24
  precision           1       1       1       1       1       1

FCTH68
  mean           0.1163   0.027  0.1053  0.3607  0.1563       0
  std. dev.      0.3206  0.1667  0.3069  0.5442  0.3631  0.1667
  weight sum         43     148      76      61      64      24
  precision           1       1       1       1       1       1

FCTH69
  mean           0.0698  0.0541  0.3816  0.1967  0.0938       0
  std. dev.      0.2548  0.2543  0.4858  0.4368  0.2915  0.1667
  weight sum         43     148      76      61      64      24
  precision           1       1       1       1       1       1

FCTH70
  mean                0  0.0135       0  0.0164  0.2031       0
  std. dev.      0.1667  0.1667  0.1667  0.1667  0.4023  0.1667
  weight sum         43     148      76      61      64      24
  precision           1       1       1       1       1       1

FCTH71
  mean           0.0233  0.0203  0.1974  0.1475  0.2188       0
  std. dev.      0.1667  0.1667   0.398  0.3982  0.4134  0.1667
  weight sum         43     148      76      61      64      24
  precision           1       1       1       1       1       1

FCTH72
  mean           0.0465       0  0.4605  0.2951  0.1406  0.0833
  std. dev.      0.2106  0.1667  0.6165  0.4907  0.3476  0.2764
  weight sum         43     148      76      61      64      24
  precision           1       1       1       1       1       1

FCTH73
  mean           0.1674  0.0405  1.4368  1.0426  0.6188    0.65
  std. dev.      0.4158  0.2168  1.3348   0.882  0.6706  0.5979
  weight sum         43     148      76      61      64      24
  precision         1.2     1.2     1.2     1.2     1.2     1.2

FCTH74
  mean                0       0  0.1447  0.1148  0.0313       0
  std. dev.      0.1667  0.1667  0.3518  0.3187   0.174  0.1667
  weight sum         43     148      76      61      64      24
  precision           1       1       1       1       1       1

FCTH75
  mean           0.3256  0.0541  0.7368  0.2295  0.2656       0
  std. dev.      0.4686  0.2261  0.7321  0.4205  0.4417  0.1667
  weight sum         43     148      76      61      64      24
  precision           1       1       1       1       1       1

FCTH76
  mean           0.1163  0.0608  0.2632   0.082  0.2031       0
  std. dev.      0.3206   0.239  0.4403  0.2743  0.4023  0.1667
  weight sum         43     148      76      61      64      24
  precision           1       1       1       1       1       1

FCTH77
  mean                0       0  0.5132  0.1967  0.0313       0
  std. dev.      0.1667  0.1667    0.55  0.3975   0.174  0.1667
  weight sum         43     148      76      61      64      24
  precision           1       1       1       1       1       1

FCTH78
  mean           0.0581  0.0253  0.2796  0.3279  0.1172       0
  std. dev.      0.2632  0.2083  0.6602  0.8737  0.3644  0.2083
  weight sum         43     148      76      61      64      24
  precision        1.25    1.25    1.25    1.25    1.25    1.25

FCTH79
  mean           0.0698  0.0203  0.1842  0.3115  0.0313       0
  std. dev.      0.2548  0.1667  0.7202  0.9674   0.174  0.1667
  weight sum         43     148      76      61      64      24
  precision           1       1       1       1       1       1

FCTH80
  mean           0.0233  0.0068  0.1842  0.1311       0       0
  std. dev.      0.1667  0.1667  0.4788  0.3831  0.1667  0.1667
  weight sum         43     148      76      61      64      24
  precision           1       1       1       1       1       1

FCTH81
  mean                0       0       0  0.0328       0       0
  std. dev.      0.1667  0.1667  0.1667  0.1781  0.1667  0.1667
  weight sum         43     148      76      61      64      24
  precision           1       1       1       1       1       1

FCTH82
  mean           0.0233       0       0  0.0492  0.1406    0.25
  std. dev.      0.1667  0.1667  0.1667  0.2162  0.3476  0.5951
  weight sum         43     148      76      61      64      24
  precision           1       1       1       1       1       1

FCTH83
  mean           0.0233       0       0       0  0.2031       0
  std. dev.      0.1667  0.1667  0.1667  0.1667  0.4023  0.1667
  weight sum         43     148      76      61      64      24
  precision           1       1       1       1       1       1

FCTH84
  mean                0       0       0       0       0    0.25
  std. dev.      0.1667  0.1667  0.1667  0.1667  0.1667   0.433
  weight sum         43     148      76      61      64      24
  precision           1       1       1       1       1       1

FCTH85
  mean                0       0       0       0  0.1406  0.1667
  std. dev.      0.1667  0.1667  0.1667  0.1667  0.3476  0.3727
  weight sum         43     148      76      61      64      24
  precision           1       1       1       1       1       1

FCTH86
  mean                0       0       0       0  0.2656  0.1667
  std. dev.      0.1667  0.1667  0.1667  0.1667  0.4417  0.3727
  weight sum         43     148      76      61      64      24
  precision           1       1       1       1       1       1

FCTH87
  mean                0       0       0  0.0984  0.0313       0
  std. dev.      0.1667  0.1667  0.1667  0.2978   0.174  0.1667
  weight sum         43     148      76      61      64      24
  precision           1       1       1       1       1       1

FCTH88
  mean                0       0       0  0.0164       0  0.2917
  std. dev.      0.1667  0.1667  0.1667  0.1667  0.1667  0.4545
  weight sum         43     148      76      61      64      24
  precision           1       1       1       1       1       1

FCTH89
  mean                0       0  0.0132  0.0164       0       0
  std. dev.      0.1667  0.1667  0.1667  0.1667  0.1667  0.1667
  weight sum         43     148      76      61      64      24
  precision           1       1       1       1       1       1

FCTH90
  mean           0.0233       0  0.3553  0.4918  0.0938  0.2083
  std. dev.      0.1667  0.1667  0.6429  0.9855  0.2915  0.4061
  weight sum         43     148      76      61      64      24
  precision           1       1       1       1       1       1

FCTH91
  mean                0       0       0  0.0328  0.1719     0.5
  std. dev.      0.1667  0.1667  0.1667  0.1781  0.3773  0.7638
  weight sum         43     148      76      61      64      24
  precision           1       1       1       1       1       1

FCTH92
  mean                0       0  0.1053  0.1475  0.0313       0
  std. dev.      0.1667  0.1667  0.3471  0.3982   0.174  0.1667
  weight sum         43     148      76      61      64      24
  precision           1       1       1       1       1       1

FCTH93
  mean           0.0233       0  0.4079  0.1639       0       0
  std. dev.      0.1667  0.1667  0.5661  0.4501  0.1667  0.1667
  weight sum         43     148      76      61      64      24
  precision           1       1       1       1       1       1

FCTH94
  mean                0       0       0       0  0.0781       0
  std. dev.      0.1667  0.1667  0.1667  0.1667  0.2684  0.1667
  weight sum         43     148      76      61      64      24
  precision           1       1       1       1       1       1

FCTH95
  mean                0       0  0.1184  0.1148  0.0313       0
  std. dev.      0.1667  0.1667  0.3231  0.3666   0.174  0.1667
  weight sum         43     148      76      61      64      24
  precision           1       1       1       1       1       1

FCTH96
  mean                0       0  0.0526  0.0328  0.0625       0
  std. dev.      0.1667  0.1667  0.2233  0.1781  0.2421  0.1667
  weight sum         43     148      76      61      64      24
  precision           1       1       1       1       1       1

FCTH97
  mean                0       0  0.3421  0.1311  0.2031   0.125
  std. dev.      0.1667  0.1667  0.6188  0.3376  0.4023  0.3307
  weight sum         43     148      76      61      64      24
  precision           1       1       1       1       1       1

FCTH98
  mean                0       0  0.2895  0.1967       0       0
  std. dev.      0.1667  0.1667  0.4535  0.3975  0.1667  0.1667
  weight sum         43     148      76      61      64      24
  precision           1       1       1       1       1       1

FCTH99
  mean                0       0  0.0395  0.0164  0.0938       0
  std. dev.      0.1667  0.1667  0.1947  0.1667  0.2915  0.1667
  weight sum         43     148      76      61      64      24
  precision           1       1       1       1       1       1

FCTH100
  mean                0       0       0       0  0.1719       0
  std. dev.      0.1667  0.1667  0.1667  0.1667  0.3773  0.1667
  weight sum         43     148      76      61      64      24
  precision           1       1       1       1       1       1

FCTH101
  mean                0       0  0.0789   0.082       0       0
  std. dev.      0.1667  0.1667  0.2697  0.2743  0.1667  0.1667
  weight sum         43     148      76      61      64      24
  precision           1       1       1       1       1       1

FCTH102
  mean                0       0  0.0526  0.0328       0       0
  std. dev.      0.1667  0.1667  0.2233   0.254  0.1667  0.1667
  weight sum         43     148      76      61      64      24
  precision           1       1       1       1       1       1

FCTH103
  mean                0       0  0.0395  0.0656       0       0
  std. dev.      0.1667  0.1667  0.2534  0.3067  0.1667  0.1667
  weight sum         43     148      76      61      64      24
  precision           1       1       1       1       1       1

FCTH104
  mean                0       0  0.0658       0       0       0
  std. dev.      0.1667  0.1667  0.2479  0.1667  0.1667  0.1667
  weight sum         43     148      76      61      64      24
  precision           1       1       1       1       1       1

FCTH105
  mean                0       0       0       0       0       0
  std. dev.      0.0017  0.0017  0.0017  0.0017  0.0017  0.0017
  weight sum         43     148      76      61      64      24
  precision        0.01    0.01    0.01    0.01    0.01    0.01

FCTH106
  mean                0       0       0       0       0  0.0833
  std. dev.      0.1667  0.1667  0.1667  0.1667  0.1667  0.2764
  weight sum         43     148      76      61      64      24
  precision           1       1       1       1       1       1

FCTH107
  mean                0       0       0       0       0       0
  std. dev.      0.0017  0.0017  0.0017  0.0017  0.0017  0.0017
  weight sum         43     148      76      61      64      24
  precision        0.01    0.01    0.01    0.01    0.01    0.01

FCTH108
  mean                0       0       0       0       0       0
  std. dev.      0.0017  0.0017  0.0017  0.0017  0.0017  0.0017
  weight sum         43     148      76      61      64      24
  precision        0.01    0.01    0.01    0.01    0.01    0.01

FCTH109
  mean                0       0       0       0       0       0
  std. dev.      0.0017  0.0017  0.0017  0.0017  0.0017  0.0017
  weight sum         43     148      76      61      64      24
  precision        0.01    0.01    0.01    0.01    0.01    0.01

FCTH110
  mean                0       0       0       0       0       0
  std. dev.      0.0017  0.0017  0.0017  0.0017  0.0017  0.0017
  weight sum         43     148      76      61      64      24
  precision        0.01    0.01    0.01    0.01    0.01    0.01

FCTH111
  mean                0       0       0  0.0328       0       0
  std. dev.      0.1667  0.1667  0.1667  0.1781  0.1667  0.1667
  weight sum         43     148      76      61      64      24
  precision           1       1       1       1       1       1

FCTH112
  mean                0       0       0  0.0164       0       0
  std. dev.      0.1667  0.1667  0.1667  0.1667  0.1667  0.1667
  weight sum         43     148      76      61      64      24
  precision           1       1       1       1       1       1

FCTH113
  mean                0       0       0  0.0164       0       0
  std. dev.      0.1667  0.1667  0.1667  0.1667  0.1667  0.1667
  weight sum         43     148      76      61      64      24
  precision           1       1       1       1       1       1

FCTH114
  mean                0       0  0.0197   0.123       0       0
  std. dev.        0.25    0.25    0.25   0.493    0.25    0.25
  weight sum         43     148      76      61      64      24
  precision         1.5     1.5     1.5     1.5     1.5     1.5

FCTH115
  mean                0       0       0  0.0164  0.0781       0
  std. dev.      0.1667  0.1667  0.1667  0.1667  0.2684  0.1667
  weight sum         43     148      76      61      64      24
  precision           1       1       1       1       1       1

FCTH116
  mean                0       0  0.0263  0.0328       0       0
  std. dev.      0.1667  0.1667  0.1667  0.1781  0.1667  0.1667
  weight sum         43     148      76      61      64      24
  precision           1       1       1       1       1       1

FCTH117
  mean                0       0  0.0132       0       0       0
  std. dev.      0.1667  0.1667  0.1667  0.1667  0.1667  0.1667
  weight sum         43     148      76      61      64      24
  precision           1       1       1       1       1       1

FCTH118
  mean                0       0       0       0  0.0469       0
  std. dev.      0.1667  0.1667  0.1667  0.1667  0.2114  0.1667
  weight sum         43     148      76      61      64      24
  precision           1       1       1       1       1       1

FCTH119
  mean                0       0  0.0263  0.0164       0       0
  std. dev.      0.1667  0.1667  0.1667  0.1667  0.1667  0.1667
  weight sum         43     148      76      61      64      24
  precision           1       1       1       1       1       1

FCTH120
  mean                0       0  0.1316   0.082  0.0313       0
  std. dev.      0.1667  0.1667   0.338  0.2743   0.174  0.1667
  weight sum         43     148      76      61      64      24
  precision           1       1       1       1       1       1

FCTH121
  mean                0       0  0.5263  0.2459  0.2969  0.2083
  std. dev.      0.1667  0.1667  0.8503  0.4671  0.4569  0.4061
  weight sum         43     148      76      61      64      24
  precision           1       1       1       1       1       1

FCTH122
  mean                0       0  0.1579  0.1148       0       0
  std. dev.      0.1667  0.1667  0.3646  0.3187  0.1667  0.1667
  weight sum         43     148      76      61      64      24
  precision           1       1       1       1       1       1

FCTH123
  mean                0       0  0.1184  0.0328   0.125       0
  std. dev.      0.1667  0.1667  0.3615  0.1781  0.3307  0.1667
  weight sum         43     148      76      61      64      24
  precision           1       1       1       1       1       1

FCTH124
  mean                0       0       0       0  0.1406       0
  std. dev.      0.1667  0.1667  0.1667  0.1667  0.3476  0.1667
  weight sum         43     148      76      61      64      24
  precision           1       1       1       1       1       1

FCTH125
  mean                0       0  0.1053  0.1148       0       0
  std. dev.      0.1667  0.1667  0.3069  0.3187  0.1667  0.1667
  weight sum         43     148      76      61      64      24
  precision           1       1       1       1       1       1

FCTH126
  mean                0       0  0.0789   0.082  0.0313       0
  std. dev.      0.1667  0.1667   0.354  0.3287   0.174  0.1667
  weight sum         43     148      76      61      64      24
  precision           1       1       1       1       1       1

FCTH127
  mean                0       0  0.0395  0.0656       0       0
  std. dev.      0.1667  0.1667  0.2534  0.3067  0.1667  0.1667
  weight sum         43     148      76      61      64      24
  precision           1       1       1       1       1       1

FCTH128
  mean                0       0  0.0789  0.0656       0       0
  std. dev.      0.1667  0.1667  0.2697  0.2475  0.1667  0.1667
  weight sum         43     148      76      61      64      24
  precision           1       1       1       1       1       1

FCTH129
  mean                0       0       0       0       0       0
  std. dev.      0.0017  0.0017  0.0017  0.0017  0.0017  0.0017
  weight sum         43     148      76      61      64      24
  precision        0.01    0.01    0.01    0.01    0.01    0.01

FCTH130
  mean                0       0       0       0       0  0.1667
  std. dev.      0.1667  0.1667  0.1667  0.1667  0.1667  0.3727
  weight sum         43     148      76      61      64      24
  precision           1       1       1       1       1       1

FCTH131
  mean                0       0       0       0       0       0
  std. dev.      0.0017  0.0017  0.0017  0.0017  0.0017  0.0017
  weight sum         43     148      76      61      64      24
  precision        0.01    0.01    0.01    0.01    0.01    0.01

FCTH132
  mean                0       0       0       0       0       0
  std. dev.      0.0017  0.0017  0.0017  0.0017  0.0017  0.0017
  weight sum         43     148      76      61      64      24
  precision        0.01    0.01    0.01    0.01    0.01    0.01

FCTH133
  mean                0       0       0       0       0       0
  std. dev.      0.0017  0.0017  0.0017  0.0017  0.0017  0.0017
  weight sum         43     148      76      61      64      24
  precision        0.01    0.01    0.01    0.01    0.01    0.01

FCTH134
  mean                0       0       0       0       0       0
  std. dev.      0.0017  0.0017  0.0017  0.0017  0.0017  0.0017
  weight sum         43     148      76      61      64      24
  precision        0.01    0.01    0.01    0.01    0.01    0.01

FCTH135
  mean                0       0       0  0.0328  0.0313       0
  std. dev.      0.1667  0.1667  0.1667  0.1781   0.174  0.1667
  weight sum         43     148      76      61      64      24
  precision           1       1       1       1       1       1

FCTH136
  mean                0       0       0  0.0164       0       0
  std. dev.      0.1667  0.1667  0.1667  0.1667  0.1667  0.1667
  weight sum         43     148      76      61      64      24
  precision           1       1       1       1       1       1

FCTH137
  mean                0       0       0  0.0164       0       0
  std. dev.      0.1667  0.1667  0.1667  0.1667  0.1667  0.1667
  weight sum         43     148      76      61      64      24
  precision           1       1       1       1       1       1

FCTH138
  mean                0       0  0.0658  0.1475       0       0
  std. dev.      0.1667  0.1667  0.2479  0.5069  0.1667  0.1667
  weight sum         43     148      76      61      64      24
  precision           1       1       1       1       1       1

FCTH139
  mean                0       0       0  0.0164  0.0781  0.0417
  std. dev.      0.1667  0.1667  0.1667  0.1667  0.2684  0.1998
  weight sum         43     148      76      61      64      24
  precision           1       1       1       1       1       1

FCTH140
  mean                0       0  0.0395  0.0492       0       0
  std. dev.      0.1667  0.1667  0.1947  0.2162  0.1667  0.1667
  weight sum         43     148      76      61      64      24
  precision           1       1       1       1       1       1

FCTH141
  mean                0       0  0.0658  0.0328       0       0
  std. dev.      0.1667  0.1667  0.2479  0.1781  0.1667  0.1667
  weight sum         43     148      76      61      64      24
  precision           1       1       1       1       1       1

FCTH142
  mean                0       0       0       0  0.0469       0
  std. dev.      0.1667  0.1667  0.1667  0.1667  0.2114  0.1667
  weight sum         43     148      76      61      64      24
  precision           1       1       1       1       1       1

FCTH143
  mean                0       0  0.0658  0.0492       0       0
  std. dev.      0.1667  0.1667  0.2479  0.2162  0.1667  0.1667
  weight sum         43     148      76      61      64      24
  precision           1       1       1       1       1       1

FCTH144
  mean                0       0  0.0395  0.0328  0.0313       0
  std. dev.      0.1667  0.1667  0.1947  0.1781   0.174  0.1667
  weight sum         43     148      76      61      64      24
  precision           1       1       1       1       1       1

FCTH145
  mean                0       0  0.3158  0.1475  0.1094       0
  std. dev.      0.1667  0.1667   0.711  0.3546  0.3121  0.1667
  weight sum         43     148      76      61      64      24
  precision           1       1       1       1       1       1

FCTH146
  mean                0       0  0.0526       0       0       0
  std. dev.      0.1667  0.1667  0.2233  0.1667  0.1667  0.1667
  weight sum         43     148      76      61      64      24
  precision           1       1       1       1       1       1

FCTH147
  mean                0       0  0.0263       0       0       0
  std. dev.      0.1667  0.1667  0.1667  0.1667  0.1667  0.1667
  weight sum         43     148      76      61      64      24
  precision           1       1       1       1       1       1

FCTH148
  mean                0       0       0       0  0.0781       0
  std. dev.      0.1667  0.1667  0.1667  0.1667  0.2684  0.1667
  weight sum         43     148      76      61      64      24
  precision           1       1       1       1       1       1

FCTH149
  mean                0       0  0.0263  0.0164       0       0
  std. dev.      0.1667  0.1667  0.1667  0.1667  0.1667  0.1667
  weight sum         43     148      76      61      64      24
  precision           1       1       1       1       1       1

FCTH150
  mean                0       0  0.0395  0.0164       0       0
  std. dev.      0.1667  0.1667  0.1947  0.1667  0.1667  0.1667
  weight sum         43     148      76      61      64      24
  precision           1       1       1       1       1       1

FCTH151
  mean                0       0  0.0395  0.0492       0       0
  std. dev.      0.1667  0.1667  0.2534  0.2162  0.1667  0.1667
  weight sum         43     148      76      61      64      24
  precision           1       1       1       1       1       1

FCTH152
  mean                0       0  0.0132       0       0       0
  std. dev.      0.1667  0.1667  0.1667  0.1667  0.1667  0.1667
  weight sum         43     148      76      61      64      24
  precision           1       1       1       1       1       1

FCTH153
  mean                0       0       0       0       0       0
  std. dev.      0.0017  0.0017  0.0017  0.0017  0.0017  0.0017
  weight sum         43     148      76      61      64      24
  precision        0.01    0.01    0.01    0.01    0.01    0.01

FCTH154
  mean                0       0       0       0       0  0.0833
  std. dev.      0.1667  0.1667  0.1667  0.1667  0.1667  0.2764
  weight sum         43     148      76      61      64      24
  precision           1       1       1       1       1       1

FCTH155
  mean                0       0       0       0       0       0
  std. dev.      0.0017  0.0017  0.0017  0.0017  0.0017  0.0017
  weight sum         43     148      76      61      64      24
  precision        0.01    0.01    0.01    0.01    0.01    0.01

FCTH156
  mean                0       0       0       0       0       0
  std. dev.      0.0017  0.0017  0.0017  0.0017  0.0017  0.0017
  weight sum         43     148      76      61      64      24
  precision        0.01    0.01    0.01    0.01    0.01    0.01

FCTH157
  mean                0       0       0       0       0       0
  std. dev.      0.0017  0.0017  0.0017  0.0017  0.0017  0.0017
  weight sum         43     148      76      61      64      24
  precision        0.01    0.01    0.01    0.01    0.01    0.01

FCTH158
  mean                0       0       0       0       0       0
  std. dev.      0.0017  0.0017  0.0017  0.0017  0.0017  0.0017
  weight sum         43     148      76      61      64      24
  precision        0.01    0.01    0.01    0.01    0.01    0.01

FCTH159
  mean                0       0       0       0       0       0
  std. dev.      0.0017  0.0017  0.0017  0.0017  0.0017  0.0017
  weight sum         43     148      76      61      64      24
  precision        0.01    0.01    0.01    0.01    0.01    0.01

FCTH160
  mean                0       0       0       0       0       0
  std. dev.      0.0017  0.0017  0.0017  0.0017  0.0017  0.0017
  weight sum         43     148      76      61      64      24
  precision        0.01    0.01    0.01    0.01    0.01    0.01

FCTH161
  mean                0       0       0  0.0164       0       0
  std. dev.      0.1667  0.1667  0.1667  0.1667  0.1667  0.1667
  weight sum         43     148      76      61      64      24
  precision           1       1       1       1       1       1

FCTH162
  mean                0       0       0  0.0656       0       0
  std. dev.      0.3333  0.3333  0.3333  0.5079  0.3333  0.3333
  weight sum         43     148      76      61      64      24
  precision           2       2       2       2       2       2

FCTH163
  mean                0       0       0       0  0.0313       0
  std. dev.      0.1667  0.1667  0.1667  0.1667   0.174  0.1667
  weight sum         43     148      76      61      64      24
  precision           1       1       1       1       1       1

FCTH164
  mean                0       0  0.0263  0.0328       0       0
  std. dev.      0.1667  0.1667  0.1667  0.1781  0.1667  0.1667
  weight sum         43     148      76      61      64      24
  precision           1       1       1       1       1       1

FCTH165
  mean                0       0       0  0.0164       0       0
  std. dev.      0.1667  0.1667  0.1667  0.1667  0.1667  0.1667
  weight sum         43     148      76      61      64      24
  precision           1       1       1       1       1       1

FCTH166
  mean                0       0       0       0       0       0
  std. dev.      0.0017  0.0017  0.0017  0.0017  0.0017  0.0017
  weight sum         43     148      76      61      64      24
  precision        0.01    0.01    0.01    0.01    0.01    0.01

FCTH167
  mean                0       0  0.0263       0       0       0
  std. dev.      0.1667  0.1667  0.1667  0.1667  0.1667  0.1667
  weight sum         43     148      76      61      64      24
  precision           1       1       1       1       1       1

FCTH168
  mean                0       0  0.0789  0.0492       0       0
  std. dev.      0.1667  0.1667  0.2697  0.2162  0.1667  0.1667
  weight sum         43     148      76      61      64      24
  precision           1       1       1       1       1       1

FCTH169
  mean                0       0  0.7895   0.377  0.2969   0.125
  std. dev.      0.1667  0.1667  1.2388  0.6315  0.5208  0.3307
  weight sum         43     148      76      61      64      24
  precision           1       1       1       1       1       1

FCTH170
  mean                0       0  0.0658  0.0328       0       0
  std. dev.      0.1667  0.1667  0.2479  0.1781  0.1667  0.1667
  weight sum         43     148      76      61      64      24
  precision           1       1       1       1       1       1

FCTH171
  mean                0       0  0.1184  0.0328   0.125       0
  std. dev.      0.1667  0.1667  0.3963  0.1781  0.3307  0.1667
  weight sum         43     148      76      61      64      24
  precision           1       1       1       1       1       1

FCTH172
  mean                0       0       0       0  0.1094       0
  std. dev.      0.1667  0.1667  0.1667  0.1667  0.3121  0.1667
  weight sum         43     148      76      61      64      24
  precision           1       1       1       1       1       1

FCTH173
  mean                0       0  0.1053  0.1148       0       0
  std. dev.      0.1667  0.1667  0.3069  0.3187  0.1667  0.1667
  weight sum         43     148      76      61      64      24
  precision           1       1       1       1       1       1

FCTH174
  mean                0       0  0.0263  0.0984       0       0
  std. dev.      0.3333  0.3333  0.3333  0.7619  0.3333  0.3333
  weight sum         43     148      76      61      64      24
  precision           2       2       2       2       2       2

FCTH175
  mean                0       0  0.0526  0.0656       0       0
  std. dev.      0.3333  0.3333  0.4558  0.5079  0.3333  0.3333
  weight sum         43     148      76      61      64      24
  precision           2       2       2       2       2       2

FCTH176
  mean                0       0  0.0526   0.082       0       0
  std. dev.      0.1667  0.1667   0.276  0.3287  0.1667  0.1667
  weight sum         43     148      76      61      64      24
  precision           1       1       1       1       1       1

FCTH177
  mean                0       0       0       0       0       0
  std. dev.      0.0017  0.0017  0.0017  0.0017  0.0017  0.0017
  weight sum         43     148      76      61      64      24
  precision        0.01    0.01    0.01    0.01    0.01    0.01

FCTH178
  mean                0       0       0       0       0  0.1667
  std. dev.      0.1667  0.1667  0.1667  0.1667  0.1667  0.3727
  weight sum         43     148      76      61      64      24
  precision           1       1       1       1       1       1

FCTH179
  mean                0       0       0       0       0       0
  std. dev.      0.0017  0.0017  0.0017  0.0017  0.0017  0.0017
  weight sum         43     148      76      61      64      24
  precision        0.01    0.01    0.01    0.01    0.01    0.01

FCTH180
  mean                0       0       0       0       0       0
  std. dev.      0.0017  0.0017  0.0017  0.0017  0.0017  0.0017
  weight sum         43     148      76      61      64      24
  precision        0.01    0.01    0.01    0.01    0.01    0.01

FCTH181
  mean                0       0       0       0       0       0
  std. dev.      0.0017  0.0017  0.0017  0.0017  0.0017  0.0017
  weight sum         43     148      76      61      64      24
  precision        0.01    0.01    0.01    0.01    0.01    0.01

FCTH182
  mean                0       0       0       0       0       0
  std. dev.      0.0017  0.0017  0.0017  0.0017  0.0017  0.0017
  weight sum         43     148      76      61      64      24
  precision        0.01    0.01    0.01    0.01    0.01    0.01

FCTH183
  mean                0       0       0  0.0164       0       0
  std. dev.      0.1667  0.1667  0.1667  0.1667  0.1667  0.1667
  weight sum         43     148      76      61      64      24
  precision           1       1       1       1       1       1

FCTH184
  mean                0       0       0  0.0164       0       0
  std. dev.      0.1667  0.1667  0.1667  0.1667  0.1667  0.1667
  weight sum         43     148      76      61      64      24
  precision           1       1       1       1       1       1

FCTH185
  mean                0       0       0  0.0164       0       0
  std. dev.      0.1667  0.1667  0.1667  0.1667  0.1667  0.1667
  weight sum         43     148      76      61      64      24
  precision           1       1       1       1       1       1

FCTH186
  mean                0       0  0.1382  0.2213       0       0
  std. dev.        0.25    0.25  0.4338  0.9344    0.25    0.25
  weight sum         43     148      76      61      64      24
  precision         1.5     1.5     1.5     1.5     1.5     1.5

FCTH187
  mean                0       0       0       0  0.0313  0.0417
  std. dev.      0.1667  0.1667  0.1667  0.1667   0.174  0.1998
  weight sum         43     148      76      61      64      24
  precision           1       1       1       1       1       1

FCTH188
  mean                0       0  0.0395  0.0656       0       0
  std. dev.      0.1667  0.1667  0.1947  0.3067  0.1667  0.1667
  weight sum         43     148      76      61      64      24
  precision           1       1       1       1       1       1

FCTH189
  mean                0       0  0.0921  0.0492       0       0
  std. dev.      0.1667  0.1667  0.3316   0.282  0.1667  0.1667
  weight sum         43     148      76      61      64      24
  precision           1       1       1       1       1       1

FCTH190
  mean                0       0       0       0       0       0
  std. dev.      0.0017  0.0017  0.0017  0.0017  0.0017  0.0017
  weight sum         43     148      76      61      64      24
  precision        0.01    0.01    0.01    0.01    0.01    0.01

FCTH191
  mean                0       0  0.0658   0.082       0       0
  std. dev.      0.1667  0.1667  0.2963  0.2743  0.1667  0.1667
  weight sum         43     148      76      61      64      24
  precision           1       1       1       1       1       1



Time taken to build model: 0.21 seconds

Time taken to test model on training data: 0.12 seconds

=== Error on training data ===

Correctly Classified Instances         334               80.2885 %
Incorrectly Classified Instances        82               19.7115 %
Kappa statistic                          0.7488
Mean absolute error                      0.0663
Root mean squared error                  0.2394
Relative absolute error                 25.4305 %
Root relative squared error             66.3711 %
Total Number of Instances              416     


=== Detailed Accuracy By Class ===

                 TP Rate  FP Rate  Precision  Recall   F-Measure  MCC      ROC Area  PRC Area  Class
                 0.558    0.078    0.453      0.558    0.500      0.439    0.922     0.574     K1
                 0.838    0.071    0.867      0.838    0.852      0.773    0.968     0.943     K2
                 0.816    0.047    0.795      0.816    0.805      0.761    0.973     0.875     K3
                 0.721    0.042    0.746      0.721    0.733      0.689    0.948     0.764     K4
                 0.875    0.006    0.966      0.875    0.918      0.905    0.992     0.975     K5
                 1.000    0.003    0.960      1.000    0.980      0.979    0.998     0.943     K6
Weighted Avg.    0.803    0.049    0.814      0.803    0.807      0.756    0.967     0.871     


=== Confusion Matrix ===

   a   b   c   d   e   f   <-- classified as
  24  17   1   1   0   0 |   a = K1
  21 124   0   1   2   0 |   b = K2
   4   1  62   9   0   0 |   c = K3
   0   1  15  44   0   1 |   d = K4
   4   0   0   4  56   0 |   e = K5
   0   0   0   0   0  24 |   f = K6

Time taken to perform cross-validation: 0.17 seconds


=== Stratified cross-validation ===

Correctly Classified Instances         310               74.5192 %
Incorrectly Classified Instances       106               25.4808 %
Kappa statistic                          0.6745
Mean absolute error                      0.0866
Root mean squared error                  0.2791
Relative absolute error                 33.2332 %
Root relative squared error             77.3554 %
Total Number of Instances              416     


=== Detailed Accuracy By Class ===

                 TP Rate  FP Rate  Precision  Recall   F-Measure  MCC      ROC Area  PRC Area  Class
                 0.395    0.094    0.327      0.395    0.358      0.278    0.838     0.336     K1
                 0.804    0.101    0.815      0.804    0.810      0.705    0.937     0.851     K2
                 0.763    0.062    0.734      0.763    0.748      0.691    0.927     0.721     K3
                 0.623    0.059    0.644      0.623    0.633      0.572    0.881     0.567     K4
                 0.844    0.003    0.982      0.844    0.908      0.896    0.977     0.954     K5
                 1.000    0.003    0.960      1.000    0.980      0.979    0.998     0.943     K6
Weighted Avg.    0.745    0.066    0.759      0.745    0.751      0.684    0.926     0.753     


=== Confusion Matrix ===

   a   b   c   d   e   f   <-- classified as
  17  23   1   2   0   0 |   a = K1
  26 119   0   2   1   0 |   b = K2
   3   3  58  12   0   0 |   c = K3
   1   1  20  38   0   1 |   d = K4
   5   0   0   5  54   0 |   e = K5
   0   0   0   0   0  24 |   f = K6

