
=== Classifier model (full training set) ===

Naive Bayes Classifier

                     Class
Attribute               K1      K2      K3      K4      K5      K6      K7      K8
                     (0.1)  (0.35)  (0.18)  (0.15)  (0.15)  (0.06)     (0)     (0)
===================================================================================
Gabor Features0
  mean               2.6218  2.1785   5.546  5.3094  5.9031   5.217       0       0
  std. dev.          0.8891  0.8964  1.5925  1.7064  1.3885  1.1826  0.0037  0.0037
  weight sum             43     148      76      61      64      24       0       0
  precision          0.0224  0.0224  0.0224  0.0224  0.0224  0.0224  0.0224  0.0224

Gabor Features1
  mean               0.0702  0.0573  0.2024  0.1751  0.1341  0.1118       0       0
  std. dev.          0.0163  0.0195  0.1515  0.1447  0.0386  0.0137  0.0004  0.0004
  weight sum             43     148      76      61      64      24       0       0
  precision          0.0024  0.0024  0.0024  0.0024  0.0024  0.0024  0.0024  0.0024

Gabor Features2
  mean               2.6226  2.1792  5.5478  5.3112  5.9051  5.2187       0       0
  std. dev.          0.8894  0.8967   1.593  1.7069   1.389   1.183  0.0037  0.0037
  weight sum             43     148      76      61      64      24       0       0
  precision          0.0224  0.0224  0.0224  0.0224  0.0224  0.0224  0.0224  0.0224

Gabor Features3
  mean               0.0702  0.0573  0.2025  0.1752  0.1341  0.1119       0       0
  std. dev.          0.0163  0.0195  0.1516  0.1448  0.0384  0.0138  0.0004  0.0004
  weight sum             43     148      76      61      64      24       0       0
  precision          0.0024  0.0024  0.0024  0.0024  0.0024  0.0024  0.0024  0.0024

Gabor Features4
  mean               2.6226  2.1792  5.5478  5.3112  5.9051  5.2187       0       0
  std. dev.          0.8894  0.8967   1.593  1.7069   1.389   1.183  0.0037  0.0037
  weight sum             43     148      76      61      64      24       0       0
  precision          0.0224  0.0224  0.0224  0.0224  0.0224  0.0224  0.0224  0.0224

Gabor Features5
  mean               0.0702  0.0573  0.2025  0.1752  0.1341  0.1119       0       0
  std. dev.          0.0163  0.0195  0.1516  0.1448  0.0384  0.0138  0.0004  0.0004
  weight sum             43     148      76      61      64      24       0       0
  precision          0.0024  0.0024  0.0024  0.0024  0.0024  0.0024  0.0024  0.0024

Gabor Features6
  mean               2.6218  2.1785   5.546  5.3094  5.9031   5.217       0       0
  std. dev.          0.8891  0.8964  1.5925  1.7064  1.3885  1.1826  0.0037  0.0037
  weight sum             43     148      76      61      64      24       0       0
  precision          0.0224  0.0224  0.0224  0.0224  0.0224  0.0224  0.0224  0.0224

Gabor Features7
  mean               0.0702  0.0573  0.2024  0.1751  0.1341  0.1118       0       0
  std. dev.          0.0163  0.0195  0.1515  0.1447  0.0386  0.0137  0.0004  0.0004
  weight sum             43     148      76      61      64      24       0       0
  precision          0.0024  0.0024  0.0024  0.0024  0.0024  0.0024  0.0024  0.0024

Gabor Features8
  mean               2.6226  2.1792  5.5478  5.3112  5.9051  5.2187       0       0
  std. dev.          0.8894  0.8967   1.593  1.7069   1.389   1.183  0.0037  0.0037
  weight sum             43     148      76      61      64      24       0       0
  precision          0.0224  0.0224  0.0224  0.0224  0.0224  0.0224  0.0224  0.0224

Gabor Features9
  mean               0.0702  0.0573  0.2025  0.1752  0.1341  0.1119       0       0
  std. dev.          0.0163  0.0195  0.1516  0.1448  0.0384  0.0138  0.0004  0.0004
  weight sum             43     148      76      61      64      24       0       0
  precision          0.0024  0.0024  0.0024  0.0024  0.0024  0.0024  0.0024  0.0024

Gabor Features10
  mean               2.6226  2.1792  5.5478  5.3112  5.9051  5.2187       0       0
  std. dev.          0.8894  0.8967   1.593  1.7069   1.389   1.183  0.0037  0.0037
  weight sum             43     148      76      61      64      24       0       0
  precision          0.0224  0.0224  0.0224  0.0224  0.0224  0.0224  0.0224  0.0224

Gabor Features11
  mean               0.0702  0.0573  0.2025  0.1752  0.1341  0.1119       0       0
  std. dev.          0.0163  0.0195  0.1516  0.1448  0.0384  0.0138  0.0004  0.0004
  weight sum             43     148      76      61      64      24       0       0
  precision          0.0024  0.0024  0.0024  0.0024  0.0024  0.0024  0.0024  0.0024

Gabor Features12
  mean               2.7095  2.2514  5.7315   5.487  6.1006  5.3915       0       0
  std. dev.          0.9189  0.9264  1.6457  1.7634   1.435  1.2221  0.0039  0.0039
  weight sum             43     148      76      61      64      24       0       0
  precision          0.0232  0.0232  0.0232  0.0232  0.0232  0.0232  0.0232  0.0232

Gabor Features13
  mean               0.0726  0.0592  0.2092   0.181  0.1386  0.1156       0       0
  std. dev.          0.0168  0.0201  0.1566  0.1495  0.0399  0.0142  0.0004  0.0004
  weight sum             43     148      76      61      64      24       0       0
  precision          0.0025  0.0025  0.0025  0.0025  0.0025  0.0025  0.0025  0.0025

Gabor Features14
  mean               2.7104  2.2521  5.7334  5.4889  6.1026  5.3933       0       0
  std. dev.          0.9192  0.9267  1.6463   1.764  1.4354  1.2225  0.0039  0.0039
  weight sum             43     148      76      61      64      24       0       0
  precision          0.0232  0.0232  0.0232  0.0232  0.0232  0.0232  0.0232  0.0232

Gabor Features15
  mean               0.0726  0.0592  0.2092  0.1811  0.1385  0.1156       0       0
  std. dev.          0.0168  0.0201  0.1567  0.1496  0.0397  0.0142  0.0004  0.0004
  weight sum             43     148      76      61      64      24       0       0
  precision          0.0025  0.0025  0.0025  0.0025  0.0025  0.0025  0.0025  0.0025

Gabor Features16
  mean               2.7104  2.2521  5.7334  5.4889  6.1026  5.3933       0       0
  std. dev.          0.9192  0.9267  1.6463   1.764  1.4354  1.2225  0.0039  0.0039
  weight sum             43     148      76      61      64      24       0       0
  precision          0.0232  0.0232  0.0232  0.0232  0.0232  0.0232  0.0232  0.0232

Gabor Features17
  mean               0.0726  0.0592  0.2092  0.1811  0.1385  0.1156       0       0
  std. dev.          0.0168  0.0201  0.1567  0.1496  0.0397  0.0142  0.0004  0.0004
  weight sum             43     148      76      61      64      24       0       0
  precision          0.0025  0.0025  0.0025  0.0025  0.0025  0.0025  0.0025  0.0025

Gabor Features18
  mean               2.7095  2.2514  5.7315   5.487  6.1006  5.3915       0       0
  std. dev.          0.9189  0.9264  1.6457  1.7634   1.435  1.2221  0.0039  0.0039
  weight sum             43     148      76      61      64      24       0       0
  precision          0.0232  0.0232  0.0232  0.0232  0.0232  0.0232  0.0232  0.0232

Gabor Features19
  mean               0.0726  0.0592  0.2092   0.181  0.1386  0.1156       0       0
  std. dev.          0.0168  0.0201  0.1566  0.1495  0.0399  0.0142  0.0004  0.0004
  weight sum             43     148      76      61      64      24       0       0
  precision          0.0025  0.0025  0.0025  0.0025  0.0025  0.0025  0.0025  0.0025

Gabor Features20
  mean               2.7104  2.2521  5.7334  5.4889  6.1026  5.3933       0       0
  std. dev.          0.9192  0.9267  1.6463   1.764  1.4354  1.2225  0.0039  0.0039
  weight sum             43     148      76      61      64      24       0       0
  precision          0.0232  0.0232  0.0232  0.0232  0.0232  0.0232  0.0232  0.0232

Gabor Features21
  mean               0.0726  0.0592  0.2092  0.1811  0.1385  0.1156       0       0
  std. dev.          0.0168  0.0201  0.1567  0.1496  0.0397  0.0142  0.0004  0.0004
  weight sum             43     148      76      61      64      24       0       0
  precision          0.0025  0.0025  0.0025  0.0025  0.0025  0.0025  0.0025  0.0025

Gabor Features22
  mean               2.7104  2.2521  5.7334  5.4889  6.1026  5.3933       0       0
  std. dev.          0.9192  0.9267  1.6463   1.764  1.4354  1.2225  0.0039  0.0039
  weight sum             43     148      76      61      64      24       0       0
  precision          0.0232  0.0232  0.0232  0.0232  0.0232  0.0232  0.0232  0.0232

Gabor Features23
  mean               0.0726  0.0592  0.2092  0.1811  0.1385  0.1156       0       0
  std. dev.          0.0168  0.0201  0.1567  0.1496  0.0397  0.0142  0.0004  0.0004
  weight sum             43     148      76      61      64      24       0       0
  precision          0.0025  0.0025  0.0025  0.0025  0.0025  0.0025  0.0025  0.0025

Gabor Features24
  mean                2.707  2.2493  5.7262   5.482  6.0949  5.3865       0       0
  std. dev.           0.918  0.9256  1.6442  1.7618  1.4336   1.221  0.0039  0.0039
  weight sum             43     148      76      61      64      24       0       0
  precision          0.0232  0.0232  0.0232  0.0232  0.0232  0.0232  0.0232  0.0232

Gabor Features25
  mean               0.0725  0.0591   0.209  0.1808  0.1384  0.1155       0       0
  std. dev.          0.0168  0.0201  0.1565  0.1494  0.0398  0.0142  0.0004  0.0004
  weight sum             43     148      76      61      64      24       0       0
  precision          0.0025  0.0025  0.0025  0.0025  0.0025  0.0025  0.0025  0.0025

Gabor Features26
  mean               2.7079    2.25  5.7281  5.4838   6.097  5.3883       0       0
  std. dev.          0.9183  0.9259  1.6448  1.7624  1.4341  1.2214  0.0039  0.0039
  weight sum             43     148      76      61      64      24       0       0
  precision          0.0232  0.0232  0.0232  0.0232  0.0232  0.0232  0.0232  0.0232

Gabor Features27
  mean               0.0725  0.0592   0.209  0.1809  0.1385  0.1155       0       0
  std. dev.          0.0168  0.0201  0.1565  0.1495  0.0399  0.0142  0.0004  0.0004
  weight sum             43     148      76      61      64      24       0       0
  precision          0.0025  0.0025  0.0025  0.0025  0.0025  0.0025  0.0025  0.0025

Gabor Features28
  mean               2.7079    2.25  5.7281  5.4838   6.097  5.3883       0       0
  std. dev.          0.9183  0.9259  1.6448  1.7624  1.4341  1.2214  0.0039  0.0039
  weight sum             43     148      76      61      64      24       0       0
  precision          0.0232  0.0232  0.0232  0.0232  0.0232  0.0232  0.0232  0.0232

Gabor Features29
  mean               0.0725  0.0592   0.209  0.1809  0.1385  0.1155       0       0
  std. dev.          0.0168  0.0201  0.1565  0.1495  0.0399  0.0142  0.0004  0.0004
  weight sum             43     148      76      61      64      24       0       0
  precision          0.0025  0.0025  0.0025  0.0025  0.0025  0.0025  0.0025  0.0025

Gabor Features30
  mean                2.707  2.2493  5.7262   5.482  6.0949  5.3865       0       0
  std. dev.           0.918  0.9256  1.6442  1.7618  1.4336   1.221  0.0039  0.0039
  weight sum             43     148      76      61      64      24       0       0
  precision          0.0232  0.0232  0.0232  0.0232  0.0232  0.0232  0.0232  0.0232

Gabor Features31
  mean               0.0725  0.0591   0.209  0.1808  0.1384  0.1155       0       0
  std. dev.          0.0168  0.0201  0.1565  0.1494  0.0398  0.0142  0.0004  0.0004
  weight sum             43     148      76      61      64      24       0       0
  precision          0.0025  0.0025  0.0025  0.0025  0.0025  0.0025  0.0025  0.0025

Gabor Features32
  mean               2.7079    2.25  5.7281  5.4838   6.097  5.3883       0       0
  std. dev.          0.9183  0.9259  1.6448  1.7624  1.4341  1.2214  0.0039  0.0039
  weight sum             43     148      76      61      64      24       0       0
  precision          0.0232  0.0232  0.0232  0.0232  0.0232  0.0232  0.0232  0.0232

Gabor Features33
  mean               0.0725  0.0592   0.209  0.1809  0.1385  0.1155       0       0
  std. dev.          0.0168  0.0201  0.1565  0.1495  0.0399  0.0142  0.0004  0.0004
  weight sum             43     148      76      61      64      24       0       0
  precision          0.0025  0.0025  0.0025  0.0025  0.0025  0.0025  0.0025  0.0025

Gabor Features34
  mean               2.7079    2.25  5.7281  5.4838   6.097  5.3883       0       0
  std. dev.          0.9183  0.9259  1.6448  1.7624  1.4341  1.2214  0.0039  0.0039
  weight sum             43     148      76      61      64      24       0       0
  precision          0.0232  0.0232  0.0232  0.0232  0.0232  0.0232  0.0232  0.0232

Gabor Features35
  mean               0.0725  0.0592   0.209  0.1809  0.1385  0.1155       0       0
  std. dev.          0.0168  0.0201  0.1565  0.1495  0.0399  0.0142  0.0004  0.0004
  weight sum             43     148      76      61      64      24       0       0
  precision          0.0025  0.0025  0.0025  0.0025  0.0025  0.0025  0.0025  0.0025

Gabor Features36
  mean               2.6999  2.2434  5.7112  5.4676  6.0789  5.3724       0       0
  std. dev.          0.9156  0.9231  1.6399  1.7572  1.4299  1.2178  0.0038  0.0038
  weight sum             43     148      76      61      64      24       0       0
  precision          0.0231  0.0231  0.0231  0.0231  0.0231  0.0231  0.0231  0.0231

Gabor Features37
  mean               0.0723   0.059  0.2084  0.1804  0.1381  0.1152       0       0
  std. dev.          0.0167  0.0201   0.156   0.149  0.0397  0.0142  0.0004  0.0004
  weight sum             43     148      76      61      64      24       0       0
  precision          0.0025  0.0025  0.0025  0.0025  0.0025  0.0025  0.0025  0.0025

Gabor Features38
  mean               2.7008  2.2441  5.7131  5.4694   6.081  5.3742       0       0
  std. dev.          0.9159  0.9235  1.6405  1.7578  1.4303  1.2182  0.0039  0.0039
  weight sum             43     148      76      61      64      24       0       0
  precision          0.0231  0.0231  0.0231  0.0231  0.0231  0.0231  0.0231  0.0231

Gabor Features39
  mean               0.0723   0.059  0.2085  0.1804  0.1381  0.1152       0       0
  std. dev.          0.0168  0.0201  0.1561  0.1491  0.0398  0.0142  0.0004  0.0004
  weight sum             43     148      76      61      64      24       0       0
  precision          0.0025  0.0025  0.0025  0.0025  0.0025  0.0025  0.0025  0.0025

Gabor Features40
  mean               2.7008  2.2441  5.7131  5.4694   6.081  5.3742       0       0
  std. dev.          0.9159  0.9235  1.6405  1.7578  1.4303  1.2182  0.0039  0.0039
  weight sum             43     148      76      61      64      24       0       0
  precision          0.0231  0.0231  0.0231  0.0231  0.0231  0.0231  0.0231  0.0231

Gabor Features41
  mean               0.0723   0.059  0.2085  0.1804  0.1381  0.1152       0       0
  std. dev.          0.0168  0.0201  0.1561  0.1491  0.0398  0.0142  0.0004  0.0004
  weight sum             43     148      76      61      64      24       0       0
  precision          0.0025  0.0025  0.0025  0.0025  0.0025  0.0025  0.0025  0.0025

Gabor Features42
  mean               2.6999  2.2434  5.7112  5.4676  6.0789  5.3724       0       0
  std. dev.          0.9156  0.9231  1.6399  1.7572  1.4299  1.2178  0.0038  0.0038
  weight sum             43     148      76      61      64      24       0       0
  precision          0.0231  0.0231  0.0231  0.0231  0.0231  0.0231  0.0231  0.0231

Gabor Features43
  mean               0.0723   0.059  0.2084  0.1804  0.1381  0.1152       0       0
  std. dev.          0.0167  0.0201   0.156   0.149  0.0397  0.0142  0.0004  0.0004
  weight sum             43     148      76      61      64      24       0       0
  precision          0.0025  0.0025  0.0025  0.0025  0.0025  0.0025  0.0025  0.0025

Gabor Features44
  mean               2.7008  2.2441  5.7131  5.4694   6.081  5.3742       0       0
  std. dev.          0.9159  0.9235  1.6405  1.7578  1.4303  1.2182  0.0039  0.0039
  weight sum             43     148      76      61      64      24       0       0
  precision          0.0231  0.0231  0.0231  0.0231  0.0231  0.0231  0.0231  0.0231

Gabor Features45
  mean               0.0723   0.059  0.2085  0.1804  0.1381  0.1152       0       0
  std. dev.          0.0168  0.0201  0.1561  0.1491  0.0398  0.0142  0.0004  0.0004
  weight sum             43     148      76      61      64      24       0       0
  precision          0.0025  0.0025  0.0025  0.0025  0.0025  0.0025  0.0025  0.0025

Gabor Features46
  mean               2.7008  2.2441  5.7131  5.4694   6.081  5.3742       0       0
  std. dev.          0.9159  0.9235  1.6405  1.7578  1.4303  1.2182  0.0039  0.0039
  weight sum             43     148      76      61      64      24       0       0
  precision          0.0231  0.0231  0.0231  0.0231  0.0231  0.0231  0.0231  0.0231

Gabor Features47
  mean               0.0723   0.059  0.2085  0.1804  0.1381  0.1152       0       0
  std. dev.          0.0168  0.0201  0.1561  0.1491  0.0398  0.0142  0.0004  0.0004
  weight sum             43     148      76      61      64      24       0       0
  precision          0.0025  0.0025  0.0025  0.0025  0.0025  0.0025  0.0025  0.0025

Gabor Features48
  mean               2.6797  2.2266  5.6685  5.4267  6.0335  5.3322       0       0
  std. dev.          0.9088  0.9162  1.6276   1.744  1.4192  1.2087  0.0038  0.0038
  weight sum             43     148      76      61      64      24       0       0
  precision          0.0229  0.0229  0.0229  0.0229  0.0229  0.0229  0.0229  0.0229

Gabor Features49
  mean               0.0718  0.0585  0.2069   0.179  0.1371  0.1143       0       0
  std. dev.          0.0166  0.0199  0.1549  0.1479  0.0394   0.014  0.0004  0.0004
  weight sum             43     148      76      61      64      24       0       0
  precision          0.0025  0.0025  0.0025  0.0025  0.0025  0.0025  0.0025  0.0025

Gabor Features50
  mean               2.6806  2.2274  5.6704  5.4285  6.0355   5.334       0       0
  std. dev.          0.9091  0.9166  1.6282  1.7446  1.4197  1.2091  0.0038  0.0038
  weight sum             43     148      76      61      64      24       0       0
  precision          0.0229  0.0229  0.0229  0.0229  0.0229  0.0229  0.0229  0.0229

Gabor Features51
  mean               0.0718  0.0585  0.2069  0.1791   0.137  0.1144       0       0
  std. dev.          0.0166  0.0199  0.1549   0.148  0.0393  0.0141  0.0004  0.0004
  weight sum             43     148      76      61      64      24       0       0
  precision          0.0025  0.0025  0.0025  0.0025  0.0025  0.0025  0.0025  0.0025

Gabor Features52
  mean               2.6806  2.2274  5.6704  5.4285  6.0355   5.334       0       0
  std. dev.          0.9091  0.9166  1.6282  1.7446  1.4197  1.2091  0.0038  0.0038
  weight sum             43     148      76      61      64      24       0       0
  precision          0.0229  0.0229  0.0229  0.0229  0.0229  0.0229  0.0229  0.0229

Gabor Features53
  mean               0.0718  0.0585  0.2069  0.1791   0.137  0.1144       0       0
  std. dev.          0.0166  0.0199  0.1549   0.148  0.0393  0.0141  0.0004  0.0004
  weight sum             43     148      76      61      64      24       0       0
  precision          0.0025  0.0025  0.0025  0.0025  0.0025  0.0025  0.0025  0.0025

Gabor Features54
  mean               2.6797  2.2266  5.6685  5.4267  6.0335  5.3322       0       0
  std. dev.          0.9088  0.9162  1.6276   1.744  1.4192  1.2087  0.0038  0.0038
  weight sum             43     148      76      61      64      24       0       0
  precision          0.0229  0.0229  0.0229  0.0229  0.0229  0.0229  0.0229  0.0229

Gabor Features55
  mean               0.0718  0.0585  0.2069   0.179  0.1371  0.1143       0       0
  std. dev.          0.0166  0.0199  0.1549  0.1479  0.0394   0.014  0.0004  0.0004
  weight sum             43     148      76      61      64      24       0       0
  precision          0.0025  0.0025  0.0025  0.0025  0.0025  0.0025  0.0025  0.0025

Gabor Features56
  mean               2.6806  2.2274  5.6704  5.4285  6.0355   5.334       0       0
  std. dev.          0.9091  0.9166  1.6282  1.7446  1.4197  1.2091  0.0038  0.0038
  weight sum             43     148      76      61      64      24       0       0
  precision          0.0229  0.0229  0.0229  0.0229  0.0229  0.0229  0.0229  0.0229

Gabor Features57
  mean               0.0718  0.0585  0.2069  0.1791   0.137  0.1144       0       0
  std. dev.          0.0166  0.0199  0.1549   0.148  0.0393  0.0141  0.0004  0.0004
  weight sum             43     148      76      61      64      24       0       0
  precision          0.0025  0.0025  0.0025  0.0025  0.0025  0.0025  0.0025  0.0025

Gabor Features58
  mean               2.6806  2.2274  5.6704  5.4285  6.0355   5.334       0       0
  std. dev.          0.9091  0.9166  1.6282  1.7446  1.4197  1.2091  0.0038  0.0038
  weight sum             43     148      76      61      64      24       0       0
  precision          0.0229  0.0229  0.0229  0.0229  0.0229  0.0229  0.0229  0.0229

Gabor Features59
  mean               0.0718  0.0585  0.2069  0.1791   0.137  0.1144       0       0
  std. dev.          0.0166  0.0199  0.1549   0.148  0.0393  0.0141  0.0004  0.0004
  weight sum             43     148      76      61      64      24       0       0
  precision          0.0025  0.0025  0.0025  0.0025  0.0025  0.0025  0.0025  0.0025



Time taken to build model: 0.15 seconds

Time taken to test model on training data: 0.06 seconds

=== Error on training data ===

Correctly Classified Instances         186               44.7115 %
Incorrectly Classified Instances       230               55.2885 %
Kappa statistic                          0.3371
Mean absolute error                      0.1389
Root mean squared error                  0.3702
Relative absolute error                 70.9954 %
Root relative squared error            118.4997 %
Total Number of Instances              416     


=== Detailed Accuracy By Class ===

                 TP Rate  FP Rate  Precision  Recall   F-Measure  MCC      ROC Area  PRC Area  Class
                 0.628    0.214    0.252      0.628    0.360      0.288    0.787     0.225     K1
                 0.615    0.049    0.875      0.615    0.722      0.626    0.932     0.855     K2
                 0.342    0.053    0.591      0.342    0.433      0.363    0.761     0.440     K3
                 0.000    0.000    ?          0.000    ?          ?        0.729     0.270     K4
                 0.359    0.043    0.605      0.359    0.451      0.397    0.903     0.549     K5
                 0.792    0.265    0.154      0.792    0.259      0.269    0.786     0.123     K6
                 ?        0.000    ?          ?        ?          ?        ?         ?         K7
                 ?        0.000    ?          ?        ?          ?        ?         ?         K8
Weighted Avg.    0.447    0.071    ?          0.447    ?          ?        0.843     0.539     


=== Confusion Matrix ===

  a  b  c  d  e  f  g  h   <-- classified as
 27 13  0  0  0  3  0  0 |  a = K1
 51 91  0  0  0  6  0  0 |  b = K2
 14  0 26  0  4 32  0  0 |  c = K3
 10  0 14  0  9 28  0  0 |  d = K4
  2  0  4  0 23 35  0  0 |  e = K5
  3  0  0  0  2 19  0  0 |  f = K6
  0  0  0  0  0  0  0  0 |  g = K7
  0  0  0  0  0  0  0  0 |  h = K8

Time taken to perform cross-validation: 0.07 seconds


=== Stratified cross-validation ===

Correctly Classified Instances         179               43.0288 %
Incorrectly Classified Instances       237               56.9712 %
Kappa statistic                          0.3187
Mean absolute error                      0.1423
Root mean squared error                  0.3736
Relative absolute error                 72.7166 %
Root relative squared error            119.5682 %
Total Number of Instances              416     


=== Detailed Accuracy By Class ===

                 TP Rate  FP Rate  Precision  Recall   F-Measure  MCC      ROC Area  PRC Area  Class
                 0.628    0.225    0.243      0.628    0.351      0.277    0.778     0.212     K1
                 0.588    0.049    0.870      0.588    0.702      0.604    0.925     0.841     K2
                 0.342    0.056    0.578      0.342    0.430      0.356    0.754     0.390     K3
                 0.000    0.000    ?          0.000    ?          ?        0.703     0.232     K4
                 0.344    0.045    0.579      0.344    0.431      0.374    0.881     0.542     K5
                 0.708    0.268    0.139      0.708    0.233      0.226    0.769     0.111     K6
                 ?        0.000    ?          ?        ?          ?        ?         ?         K7
                 ?        0.000    ?          ?        ?          ?        ?         ?         K8
Weighted Avg.    0.430    0.073    ?          0.430    ?          ?        0.830     0.516     


=== Confusion Matrix ===

  a  b  c  d  e  f  g  h   <-- classified as
 27 13  0  0  0  3  0  0 |  a = K1
 55 87  0  0  0  6  0  0 |  b = K2
 13  0 26  0  4 33  0  0 |  c = K3
  9  0 14  0 10 28  0  0 |  d = K4
  2  0  5  0 22 35  0  0 |  e = K5
  5  0  0  0  2 17  0  0 |  f = K6
  0  0  0  0  0  0  0  0 |  g = K7
  0  0  0  0  0  0  0  0 |  h = K8

