
=== Classifier model (full training set) ===

The class counts (including Laplace correction)
-----------------------------------------------
K1	44
K2	149
K3	77
K4	62
K5	65
K6	25
K7	1
K8	1

The probability of a word given the class
-----------------------------------------
	K1	K2	K3	K4	K5	K6	K7	K8	
PHOG0	0.01	0.01	0	0	0	0	0	0	
PHOG1	0	0.01	0	0	0	0	0	0	
PHOG2	0	0	0	0	0	0	0	0	
PHOG3	0	0	0	0	0	0	0	0	
PHOG4	0	0	0	0	0	0	0	0	
PHOG5	0	0	0	0	0	0	0	0	
PHOG6	0	0	0	0	0	0	0	0	
PHOG7	0	0	0	0	0	0	0	0	
PHOG8	0	0	0	0	0	0	0	0	
PHOG9	0	0	0	0	0	0	0	0	
PHOG10	0	0	0	0	0	0	0	0	
PHOG11	0	0	0	0	0	0	0	0	
PHOG12	0	0	0	0	0	0	0	0	
PHOG13	0	0	0	0	0	0	0	0	
PHOG14	0	0	0	0	0	0	0	0	
PHOG15	0.01	0	0	0.01	0	0	0	0	
PHOG16	0	0	0	0.01	0	0	0	0	
PHOG17	0	0	0	0	0	0	0	0	
PHOG18	0	0	0	0	0	0	0	0	
PHOG19	0	0	0	0	0	0	0	0	
PHOG20	0	0	0	0	0	0	0	0	
PHOG21	0	0	0	0	0	0	0	0	
PHOG22	0	0	0.01	0	0	0	0	0	
PHOG23	0	0	0.01	0	0	0	0	0	
PHOG24	0	0	0	0	0	0	0	0	
PHOG25	0	0	0	0	0	0	0	0	
PHOG26	0	0	0	0	0	0	0	0	
PHOG27	0	0	0	0	0	0	0	0	
PHOG28	0	0	0	0	0	0	0	0	
PHOG29	0	0.01	0	0	0	0	0	0	
PHOG30	0	0.01	0	0	0	0	0	0	
PHOG31	0	0.01	0	0	0	0	0	0	
PHOG32	0	0	0	0	0	0	0	0	
PHOG33	0	0	0	0	0	0	0	0	
PHOG34	0	0	0	0	0	0	0	0	
PHOG35	0	0	0	0	0	0	0	0	
PHOG36	0	0	0	0	0	0	0	0	
PHOG37	0	0	0	0	0	0	0	0	
PHOG38	0	0	0	0	0	0	0	0	
PHOG39	0	0	0	0	0	0	0	0	
PHOG40	0	0	0	0	0	0	0	0	
PHOG41	0	0	0	0	0	0	0	0	
PHOG42	0	0	0	0	0	0	0	0	
PHOG43	0	0	0	0	0	0	0	0	
PHOG44	0	0	0	0	0	0	0	0	
PHOG45	0	0	0	0	0	0	0	0	
PHOG46	0	0	0	0	0	0	0	0	
PHOG47	0	0	0	0	0	0	0	0	
PHOG48	0	0	0	0	0	0	0	0	
PHOG49	0	0	0	0	0	0	0	0	
PHOG50	0	0	0	0.01	0	0	0	0	
PHOG51	0	0	0	0	0	0	0	0	
PHOG52	0	0	0.01	0.01	0	0	0	0	
PHOG53	0	0	0.01	0.01	0	0	0	0	
PHOG54	0	0	0	0	0	0	0	0	
PHOG55	0	0	0.01	0	0	0	0	0	
PHOG56	0	0	0.01	0	0	0	0	0	
PHOG57	0	0	0	0	0	0	0	0	
PHOG58	0	0	0	0	0	0	0	0	
PHOG59	0	0.01	0	0	0	0	0	0	
PHOG60	0	0.01	0	0	0	0	0	0	
PHOG61	0	0.01	0	0	0	0	0	0	
PHOG62	0	0	0	0	0	0	0	0	
PHOG63	0	0	0	0	0	0	0	0	
PHOG64	0	0	0	0	0	0	0	0	
PHOG65	0	0	0.01	0	0	0	0	0	
PHOG66	0	0	0	0	0	0	0	0	
PHOG67	0	0	0	0	0	0	0	0	
PHOG68	0	0	0.01	0	0	0	0	0	
PHOG69	0	0	0	0	0	0	0	0	
PHOG70	0	0	0.01	0	0	0	0	0	
PHOG71	0	0	0	0	0	0	0	0	
PHOG72	0	0	0	0	0	0	0	0	
PHOG73	0	0	0	0	0	0	0	0	
PHOG74	0	0	0	0	0	0	0	0	
PHOG75	0	0	0	0.01	0	0	0	0	
PHOG76	0	0	0	0	0	0	0	0	
PHOG77	0	0	0	0	0	0	0	0	
PHOG78	0	0	0	0	0	0	0	0	
PHOG79	0	0	0	0	0	0	0	0	
PHOG80	0	0	0	0	0	0	0	0	
PHOG81	0	0	0	0	0	0	0	0	
PHOG82	0	0	0	0	0	0	0	0	
PHOG83	0	0	0	0	0	0	0	0	
PHOG84	0	0	0	0	0	0	0	0	
PHOG85	0	0	0	0	0	0	0	0	
PHOG86	0	0	0	0	0	0	0	0	
PHOG87	0	0	0	0	0	0	0	0	
PHOG88	0	0	0	0	0	0	0	0	
PHOG89	0	0	0	0	0	0	0	0	
PHOG90	0	0.01	0	0	0	0	0	0	
PHOG91	0	0.01	0	0	0	0	0	0	
PHOG92	0	0	0	0	0	0	0	0	
PHOG93	0	0	0	0	0	0	0	0	
PHOG94	0	0	0	0	0	0	0	0	
PHOG95	0	0	0	0	0	0	0	0	
PHOG96	0	0	0	0	0	0	0	0	
PHOG97	0	0	0	0.01	0	0	0	0	
PHOG98	0	0	0	0.01	0	0	0	0	
PHOG99	0	0	0	0	0	0	0	0	
PHOG100	0	0	0	0.01	0	0	0	0	
PHOG101	0	0	0	0	0	0	0	0	
PHOG102	0	0	0	0	0	0	0	0	
PHOG103	0	0	0	0	0	0	0	0	
PHOG104	0	0	0	0	0	0	0	0	
PHOG105	0.01	0	0	0	0	0	0	0	
PHOG106	0	0	0	0	0	0	0	0	
PHOG107	0	0	0	0	0	0	0	0	
PHOG108	0	0	0	0	0	0	0	0	
PHOG109	0	0	0	0	0	0	0	0	
PHOG110	0	0	0	0	0	0	0	0	
PHOG111	0	0	0	0	0	0	0	0	
PHOG112	0	0	0	0	0	0	0	0	
PHOG113	0	0	0.01	0	0	0	0	0	
PHOG114	0	0	0	0	0	0	0	0	
PHOG115	0	0	0	0	0	0	0	0	
PHOG116	0	0	0	0	0	0	0	0	
PHOG117	0	0	0	0	0	0	0	0	
PHOG118	0	0	0	0	0	0	0	0	
PHOG119	0	0	0	0	0	0	0	0	
PHOG120	0	0.01	0	0	0	0	0	0	
PHOG121	0	0.01	0	0	0	0	0	0	
PHOG122	0	0	0	0	0	0	0	0	
PHOG123	0	0	0	0	0	0	0	0	
PHOG124	0	0	0	0	0	0	0	0	
PHOG125	0	0	0	0	0	0	0	0	
PHOG126	0	0	0	0	0	0	0	0	
PHOG127	0	0	0	0	0	0	0	0	
PHOG128	0	0	0	0	0	0	0	0	
PHOG129	0	0	0	0	0	0	0	0	
PHOG130	0	0	0	0	0	0	0	0	
PHOG131	0	0	0	0	0	0	0	0	
PHOG132	0	0	0	0	0	0	0	0	
PHOG133	0	0	0	0	0	0	0	0	
PHOG134	0	0	0	0	0	0	0	0	
PHOG135	0	0	0.01	0.01	0	0	0	0	
PHOG136	0	0	0.01	0.01	0	0	0	0	
PHOG137	0	0	0	0	0	0	0	0	
PHOG138	0	0	0	0	0	0	0	0	
PHOG139	0	0	0	0	0	0	0	0	
PHOG140	0	0	0	0	0	0	0	0	
PHOG141	0	0	0	0	0	0	0	0	
PHOG142	0	0	0	0	0	0	0	0	
PHOG143	0	0	0	0	0	0	0	0	
PHOG144	0	0	0	0	0	0	0	0	
PHOG145	0	0	0	0	0	0	0	0	
PHOG146	0	0	0	0	0	0	0	0	
PHOG147	0	0	0	0	0	0	0	0	
PHOG148	0	0	0	0	0	0	0	0	
PHOG149	0	0.01	0	0	0	0	0	0	
PHOG150	0	0	0	0	0	0	0	0	
PHOG151	0	0	0	0	0	0	0	0	
PHOG152	0	0	0	0	0	0	0	0	
PHOG153	0	0	0	0	0	0	0	0	
PHOG154	0	0	0	0	0	0	0	0	
PHOG155	0	0	0	0	0	0	0	0	
PHOG156	0	0	0	0	0	0	0	0	
PHOG157	0	0	0	0	0	0	0	0	
PHOG158	0	0	0	0	0	0	0	0	
PHOG159	0	0	0	0	0	0	0	0	
PHOG160	0	0	0	0	0	0	0	0	
PHOG161	0	0	0	0	0	0	0	0	
PHOG162	0	0	0	0	0	0	0	0	
PHOG163	0	0	0	0	0	0	0	0	
PHOG164	0	0	0	0	0	0	0	0	
PHOG165	0	0	0	0	0	0	0	0	
PHOG166	0	0	0	0	0	0	0	0	
PHOG167	0	0	0	0	0	0	0	0	
PHOG168	0	0	0	0	0	0	0	0	
PHOG169	0	0	0	0	0	0	0	0	
PHOG170	0	0	0	0	0	0	0	0	
PHOG171	0	0	0	0	0	0	0	0	
PHOG172	0	0	0.01	0.01	0	0	0	0	
PHOG173	0	0	0.01	0.01	0	0	0	0	
PHOG174	0	0	0	0	0	0	0	0	
PHOG175	0	0	0	0	0	0	0	0	
PHOG176	0	0	0	0	0	0	0	0	
PHOG177	0	0	0	0	0	0	0	0	
PHOG178	0	0	0	0	0	0	0	0	
PHOG179	0	0	0	0	0	0	0	0	
PHOG180	0	0	0	0	0	0	0	0	
PHOG181	0	0	0	0	0	0	0	0	
PHOG182	0	0	0	0	0	0	0	0	
PHOG183	0	0	0	0	0	0	0	0	
PHOG184	0	0	0	0	0	0	0	0	
PHOG185	0	0	0	0	0	0	0	0	
PHOG186	0	0	0	0	0	0	0	0	
PHOG187	0	0	0	0	0	0	0	0	
PHOG188	0	0	0	0	0	0	0	0	
PHOG189	0	0	0	0	0	0	0	0	
PHOG190	0	0	0	0	0	0	0	0	
PHOG191	0	0	0	0	0	0	0	0	
PHOG192	0	0	0	0	0	0	0	0	
PHOG193	0	0	0	0	0	0	0	0	
PHOG194	0	0	0	0	0	0	0	0	
PHOG195	0.01	0	0	0	0	0	0	0	
PHOG196	0	0	0	0	0	0	0	0	
PHOG197	0	0	0	0	0	0	0	0	
PHOG198	0	0	0.01	0	0	0	0	0	
PHOG199	0	0	0.01	0.01	0	0	0	0	
PHOG200	0	0	0.01	0.01	0	0	0	0	
PHOG201	0	0	0	0	0	0	0	0	
PHOG202	0	0	0	0	0	0	0	0	
PHOG203	0	0	0	0	0	0	0	0	
PHOG204	0	0	0	0	0	0	0	0	
PHOG205	0	0	0	0	0	0	0	0	
PHOG206	0	0	0	0	0	0	0	0	
PHOG207	0	0	0	0	0	0	0	0	
PHOG208	0	0	0	0	0	0	0	0	
PHOG209	0	0	0	0	0	0	0	0	
PHOG210	0	0	0	0	0	0	0	0	
PHOG211	0	0	0	0	0	0	0	0	
PHOG212	0	0	0	0	0	0	0	0	
PHOG213	0	0	0	0	0	0	0	0	
PHOG214	0	0	0	0	0	0	0	0	
PHOG215	0	0	0	0	0	0	0	0	
PHOG216	0	0	0	0	0	0	0	0	
PHOG217	0	0	0	0	0	0	0	0	
PHOG218	0	0	0	0	0	0	0	0	
PHOG219	0	0	0	0	0	0	0	0	
PHOG220	0	0	0	0	0	0	0	0	
PHOG221	0	0	0.01	0	0	0	0	0	
PHOG222	0	0	0.01	0	0	0	0	0	
PHOG223	0	0	0	0	0	0	0	0	
PHOG224	0	0	0.01	0.01	0	0	0	0	
PHOG225	0.01	0	0	0	0	0	0	0	
PHOG226	0	0	0	0	0	0	0	0	
PHOG227	0	0	0	0	0	0	0	0	
PHOG228	0	0	0	0	0	0	0	0	
PHOG229	0	0	0	0	0	0	0	0	
PHOG230	0	0	0	0	0	0	0	0	
PHOG231	0	0	0	0	0	0	0	0	
PHOG232	0	0	0	0	0	0	0	0	
PHOG233	0	0	0	0	0	0	0	0	
PHOG234	0	0	0	0	0	0	0	0	
PHOG235	0	0	0	0	0	0	0	0	
PHOG236	0	0	0	0	0	0	0	0	
PHOG237	0	0	0	0	0	0	0	0	
PHOG238	0	0	0	0	0	0	0	0	
PHOG239	0	0	0	0	0	0	0	0	
PHOG240	0	0	0	0	0	0	0	0	
PHOG241	0	0	0	0	0	0	0	0	
PHOG242	0	0	0	0	0	0	0	0	
PHOG243	0	0	0	0	0	0	0	0	
PHOG244	0	0	0	0	0	0	0	0	
PHOG245	0	0	0	0	0	0	0	0	
PHOG246	0	0	0	0	0	0	0	0	
PHOG247	0	0	0.01	0.01	0	0	0	0	
PHOG248	0	0	0.01	0.01	0	0	0	0	
PHOG249	0	0	0	0	0	0	0	0	
PHOG250	0	0	0	0	0	0	0	0	
PHOG251	0	0	0	0	0	0	0	0	
PHOG252	0	0	0	0	0	0	0	0	
PHOG253	0	0	0	0	0	0	0	0	
PHOG254	0	0	0	0	0	0	0	0	
PHOG255	0	0	0	0	0	0	0	0	
PHOG256	0	0	0	0	0	0	0	0	
PHOG257	0	0	0	0	0	0	0	0	
PHOG258	0	0	0	0	0	0	0	0	
PHOG259	0	0	0	0	0	0	0	0	
PHOG260	0	0	0	0	0	0	0	0	
PHOG261	0	0	0	0	0	0	0	0	
PHOG262	0	0	0	0	0	0	0	0	
PHOG263	0	0	0	0	0	0	0	0	
PHOG264	0	0	0	0	0	0	0	0	
PHOG265	0	0	0	0	0	0	0	0	
PHOG266	0	0	0	0	0	0	0	0	
PHOG267	0	0	0	0	0	0	0	0	
PHOG268	0	0	0	0	0	0	0	0	
PHOG269	0	0	0	0	0	0	0	0	
PHOG270	0.01	0	0	0	0	0	0	0	
PHOG271	0	0	0	0	0	0	0	0	
PHOG272	0	0	0	0	0	0	0	0	
PHOG273	0	0	0	0	0	0	0	0	
PHOG274	0	0	0	0	0	0	0	0	
PHOG275	0	0	0	0	0	0	0	0	
PHOG276	0	0	0	0	0	0	0	0	
PHOG277	0	0	0	0	0	0	0	0	
PHOG278	0	0	0	0	0	0	0	0	
PHOG279	0	0	0	0	0	0	0	0	
PHOG280	0	0	0	0	0	0	0	0	
PHOG281	0	0	0	0	0	0	0	0	
PHOG282	0	0	0	0	0	0	0	0	
PHOG283	0	0	0	0	0	0	0	0	
PHOG284	0	0	0	0	0	0	0	0	
PHOG285	0	0	0	0	0	0	0	0	
PHOG286	0	0	0	0	0	0	0	0	
PHOG287	0	0	0	0	0	0	0	0	
PHOG288	0	0	0	0	0	0	0	0	
PHOG289	0	0	0	0	0	0	0	0	
PHOG290	0	0	0	0	0	0	0	0	
PHOG291	0	0	0	0	0	0	0	0	
PHOG292	0	0	0	0	0	0	0	0	
PHOG293	0	0	0	0	0	0	0	0	
PHOG294	0	0	0	0	0	0	0	0	
PHOG295	0	0	0.01	0.01	0	0	0	0	
PHOG296	0	0	0.01	0.01	0	0	0	0	
PHOG297	0	0	0.01	0	0	0	0	0	
PHOG298	0	0	0	0	0	0	0	0	
PHOG299	0	0	0	0	0	0	0	0	
PHOG300	0	0.01	0	0	0	0	0	0	
PHOG301	0	0	0	0	0	0	0	0	
PHOG302	0	0	0	0	0	0	0	0	
PHOG303	0	0	0	0	0	0	0	0	
PHOG304	0	0	0	0	0	0	0	0	
PHOG305	0	0	0	0	0	0	0	0	
PHOG306	0	0	0	0	0	0	0	0	
PHOG307	0	0	0	0	0	0	0	0	
PHOG308	0	0	0	0	0	0	0	0	
PHOG309	0	0	0	0	0	0	0	0	
PHOG310	0	0	0	0	0	0	0	0	
PHOG311	0	0	0	0	0	0	0	0	
PHOG312	0	0	0	0	0	0	0	0	
PHOG313	0	0	0	0	0	0	0	0	
PHOG314	0	0	0	0	0	0	0	0	
PHOG315	0	0	0	0	0	0	0	0	
PHOG316	0	0	0	0	0	0	0	0	
PHOG317	0	0	0	0	0	0	0	0	
PHOG318	0	0	0	0	0	0	0	0	
PHOG319	0	0	0	0	0	0	0	0	
PHOG320	0	0	0	0	0	0	0	0	
PHOG321	0	0	0	0	0	0	0	0	
PHOG322	0	0	0	0	0	0	0	0	
PHOG323	0	0	0	0	0	0	0	0	
PHOG324	0	0	0	0	0	0	0	0	
PHOG325	0	0	0	0	0	0	0	0	
PHOG326	0	0	0	0	0	0	0	0	
PHOG327	0	0	0	0	0	0	0	0	
PHOG328	0	0	0	0	0	0	0	0	
PHOG329	0	0	0	0	0	0	0	0	
PHOG330	0	0.01	0	0	0	0	0	0	
PHOG331	0	0.01	0	0	0	0	0	0	
PHOG332	0	0	0	0	0	0	0	0	
PHOG333	0	0	0	0	0	0	0	0	
PHOG334	0	0	0	0	0	0	0	0	
PHOG335	0	0	0	0	0	0	0	0	
PHOG336	0	0	0	0	0	0	0	0	
PHOG337	0	0	0	0	0	0	0	0	
PHOG338	0	0	0	0	0	0	0	0	
PHOG339	0	0	0	0	0	0	0	0	
PHOG340	0	0	0	0	0	0	0	0	
PHOG341	0	0	0	0	0	0	0	0	
PHOG342	0	0	0	0	0	0	0	0	
PHOG343	0	0	0	0	0	0	0	0	
PHOG344	0	0	0	0	0	0	0	0	
PHOG345	0.01	0	0	0	0	0	0	0	
PHOG346	0	0	0	0	0	0	0	0	
PHOG347	0	0	0	0	0	0	0	0	
PHOG348	0	0	0	0	0	0	0	0	
PHOG349	0	0	0	0	0	0	0	0	
PHOG350	0	0	0	0	0	0	0	0	
PHOG351	0	0	0	0	0	0	0	0	
PHOG352	0	0	0	0	0	0	0	0	
PHOG353	0	0	0.01	0	0	0	0	0	
PHOG354	0	0	0	0	0	0	0	0	
PHOG355	0	0	0	0	0	0	0	0	
PHOG356	0	0	0	0	0	0	0	0	
PHOG357	0	0	0	0	0	0	0	0	
PHOG358	0	0	0	0	0	0	0	0	
PHOG359	0	0	0	0	0	0	0	0	
PHOG360	0.01	0	0	0	0	0	0	0	
PHOG361	0	0	0	0	0	0	0	0	
PHOG362	0	0	0	0	0	0	0	0	
PHOG363	0	0	0	0	0	0	0	0	
PHOG364	0	0	0.01	0.01	0	0	0	0	
PHOG365	0	0	0	0.01	0	0	0	0	
PHOG366	0	0	0	0	0	0	0	0	
PHOG367	0	0	0	0	0	0	0	0	
PHOG368	0	0	0	0	0	0	0	0	
PHOG369	0	0	0	0	0	0	0	0	
PHOG370	0	0	0	0	0	0	0	0	
PHOG371	0	0	0	0	0	0	0	0	
PHOG372	0	0	0	0	0	0	0	0	
PHOG373	0	0	0	0	0	0	0	0	
PHOG374	0	0	0	0	0	0	0	0	
PHOG375	0	0	0	0	0	0	0	0	
PHOG376	0	0	0	0	0	0	0	0	
PHOG377	0	0	0	0	0	0	0	0	
PHOG378	0	0	0	0	0	0	0	0	
PHOG379	0	0	0	0	0	0	0	0	
PHOG380	0	0	0	0	0	0	0	0	
PHOG381	0	0	0	0	0	0	0	0	
PHOG382	0	0	0	0	0	0	0	0	
PHOG383	0	0	0	0	0	0	0	0	
PHOG384	0	0	0	0	0	0	0	0	
PHOG385	0	0	0	0	0	0	0	0	
PHOG386	0	0	0	0	0	0	0	0	
PHOG387	0	0	0	0	0	0	0	0	
PHOG388	0	0	0	0	0	0	0	0	
PHOG389	0	0	0	0	0	0	0	0	
PHOG390	0.01	0	0	0	0	0	0	0	
PHOG391	0	0	0	0	0	0	0	0	
PHOG392	0	0	0	0	0	0	0	0	
PHOG393	0	0	0	0	0	0	0	0	
PHOG394	0	0	0.01	0	0	0	0	0	
PHOG395	0	0	0.01	0	0	0	0	0	
PHOG396	0	0	0	0	0	0	0	0	
PHOG397	0	0	0	0	0	0	0	0	
PHOG398	0	0	0	0	0	0	0	0	
PHOG399	0	0	0	0	0	0	0	0	
PHOG400	0	0	0	0	0	0	0	0	
PHOG401	0	0	0	0	0	0	0	0	
PHOG402	0	0	0	0	0	0	0	0	
PHOG403	0	0	0	0	0	0	0	0	
PHOG404	0	0	0	0	0	0	0	0	
PHOG405	0	0	0	0	0	0	0	0	
PHOG406	0	0	0	0	0	0	0	0	
PHOG407	0	0	0	0	0	0	0	0	
PHOG408	0	0	0	0	0	0	0	0	
PHOG409	0	0	0	0	0	0	0	0	
PHOG410	0	0	0	0	0	0	0	0	
PHOG411	0	0	0	0	0	0	0	0	
PHOG412	0	0	0	0	0	0	0	0	
PHOG413	0	0	0	0	0	0	0	0	
PHOG414	0	0	0	0	0	0	0	0	
PHOG415	0	0	0	0	0	0	0	0	
PHOG416	0	0	0	0	0	0	0	0	
PHOG417	0	0	0	0	0	0	0	0	
PHOG418	0	0	0	0	0	0	0	0	
PHOG419	0	0	0	0	0	0	0	0	
PHOG420	0	0.01	0	0	0	0	0	0	
PHOG421	0	0.01	0	0	0	0	0	0	
PHOG422	0	0	0	0	0	0	0	0	
PHOG423	0	0	0	0	0	0	0	0	
PHOG424	0	0	0	0	0	0	0	0	
PHOG425	0	0	0	0	0	0	0	0	
PHOG426	0	0	0	0	0	0	0	0	
PHOG427	0	0	0	0	0	0	0	0	
PHOG428	0	0	0	0	0	0	0	0	
PHOG429	0	0	0	0	0	0	0	0	
PHOG430	0	0	0	0	0	0	0	0	
PHOG431	0	0	0	0	0	0	0	0	
PHOG432	0	0	0	0	0	0	0	0	
PHOG433	0	0	0	0	0	0	0	0	
PHOG434	0	0	0	0	0	0	0	0	
PHOG435	0	0	0	0	0	0	0	0	
PHOG436	0	0	0	0	0	0	0	0	
PHOG437	0	0	0	0	0	0	0	0	
PHOG438	0	0	0	0	0	0	0	0	
PHOG439	0	0	0	0	0	0	0	0	
PHOG440	0	0	0	0	0	0	0	0	
PHOG441	0	0	0	0	0	0	0	0	
PHOG442	0	0	0	0	0	0	0	0	
PHOG443	0	0	0	0	0	0	0	0	
PHOG444	0	0	0	0	0	0	0	0	
PHOG445	0	0	0	0	0	0	0	0	
PHOG446	0	0	0	0	0	0	0	0	
PHOG447	0	0	0	0	0	0	0	0	
PHOG448	0	0	0	0	0	0	0	0	
PHOG449	0	0	0	0	0	0	0	0	
PHOG450	0	0.01	0	0	0	0	0	0	
PHOG451	0	0.01	0	0	0	0	0	0	
PHOG452	0	0	0	0	0	0	0	0	
PHOG453	0	0	0	0	0	0	0	0	
PHOG454	0	0	0	0	0	0	0	0	
PHOG455	0	0	0	0	0	0	0	0	
PHOG456	0	0	0	0	0	0	0	0	
PHOG457	0	0	0	0	0	0	0	0	
PHOG458	0	0	0	0	0	0	0	0	
PHOG459	0	0	0	0	0	0	0	0	
PHOG460	0	0	0	0	0	0	0	0	
PHOG461	0	0	0	0	0	0	0	0	
PHOG462	0	0	0	0	0	0	0	0	
PHOG463	0	0	0	0	0	0	0	0	
PHOG464	0	0	0	0	0	0	0	0	
PHOG465	0	0	0.01	0.01	0	0	0	0	
PHOG466	0	0	0	0	0	0	0	0	
PHOG467	0	0	0	0	0	0	0	0	
PHOG468	0	0	0	0	0	0	0	0	
PHOG469	0	0	0	0	0	0	0	0	
PHOG470	0	0	0	0	0	0	0	0	
PHOG471	0	0	0	0	0	0	0	0	
PHOG472	0	0	0	0	0	0	0	0	
PHOG473	0	0	0	0	0	0	0	0	
PHOG474	0	0	0	0	0	0	0	0	
PHOG475	0	0	0	0	0	0	0	0	
PHOG476	0	0	0	0	0	0	0	0	
PHOG477	0	0	0	0	0	0	0	0	
PHOG478	0	0	0	0	0	0	0	0	
PHOG479	0	0.01	0	0	0	0	0	0	
PHOG480	0.01	0	0	0	0	0	0	0	
PHOG481	0	0	0	0	0	0	0	0	
PHOG482	0	0	0	0	0	0	0	0	
PHOG483	0	0	0	0	0	0	0	0	
PHOG484	0	0	0	0	0	0	0	0	
PHOG485	0	0	0	0	0	0	0	0	
PHOG486	0	0	0	0	0	0	0	0	
PHOG487	0	0	0	0	0	0	0	0	
PHOG488	0	0	0	0	0	0	0	0	
PHOG489	0	0	0	0	0	0	0	0	
PHOG490	0	0	0	0	0	0	0	0	
PHOG491	0	0	0	0	0	0	0	0	
PHOG492	0	0	0	0	0	0	0	0	
PHOG493	0	0	0	0	0	0	0	0	
PHOG494	0	0	0	0	0	0	0	0	
PHOG495	0	0	0	0	0	0	0	0	
PHOG496	0	0	0	0	0	0	0	0	
PHOG497	0	0	0	0	0	0	0	0	
PHOG498	0	0	0	0	0	0	0	0	
PHOG499	0	0	0	0	0	0	0	0	
PHOG500	0	0	0	0	0	0	0	0	
PHOG501	0	0	0	0	0	0	0	0	
PHOG502	0	0	0	0	0	0	0	0	
PHOG503	0	0	0	0	0	0	0	0	
PHOG504	0	0	0	0	0	0	0	0	
PHOG505	0	0	0	0	0	0	0	0	
PHOG506	0	0	0	0	0	0	0	0	
PHOG507	0	0	0	0	0	0	0	0	
PHOG508	0	0	0	0	0	0	0	0	
PHOG509	0	0	0.01	0	0	0	0	0	
PHOG510	0	0	0	0	0	0	0	0	
PHOG511	0	0	0	0	0	0	0	0	
PHOG512	0	0	0	0	0	0	0	0	
PHOG513	0	0	0	0	0	0	0	0	
PHOG514	0	0	0	0	0	0	0	0	
PHOG515	0	0	0	0	0	0	0	0	
PHOG516	0	0	0	0	0	0	0	0	
PHOG517	0	0	0.01	0.01	0	0	0	0	
PHOG518	0	0	0.01	0.01	0	0	0	0	
PHOG519	0	0	0	0	0	0	0	0	
PHOG520	0	0	0	0	0	0	0	0	
PHOG521	0	0	0	0	0	0	0	0	
PHOG522	0	0	0	0	0	0	0	0	
PHOG523	0	0	0	0	0	0	0	0	
PHOG524	0	0	0	0	0	0	0	0	
PHOG525	0	0	0	0	0	0	0	0	
PHOG526	0	0	0	0	0	0	0	0	
PHOG527	0	0	0	0	0	0	0	0	
PHOG528	0	0	0	0	0	0	0	0	
PHOG529	0	0	0	0	0	0	0	0	
PHOG530	0	0	0	0	0	0	0	0	
PHOG531	0	0	0	0	0	0	0	0	
PHOG532	0	0	0	0	0	0	0	0	
PHOG533	0	0	0	0	0	0	0	0	
PHOG534	0	0	0	0	0	0	0	0	
PHOG535	0	0	0	0	0	0	0	0	
PHOG536	0	0	0	0	0	0	0	0	
PHOG537	0	0	0	0	0	0	0	0	
PHOG538	0	0	0	0	0	0	0	0	
PHOG539	0	0	0	0	0	0	0	0	
PHOG540	0	0	0	0	0	0	0	0	
PHOG541	0	0	0	0	0	0	0	0	
PHOG542	0	0	0	0	0	0	0	0	
PHOG543	0	0	0	0	0	0	0	0	
PHOG544	0	0	0	0	0	0	0	0	
PHOG545	0	0	0	0	0	0	0	0	
PHOG546	0	0	0	0	0	0	0	0	
PHOG547	0	0	0	0	0	0	0	0	
PHOG548	0	0	0	0	0	0	0	0	
PHOG549	0	0	0	0	0	0	0	0	
PHOG550	0	0	0.01	0	0	0	0	0	
PHOG551	0	0	0.01	0.01	0	0	0	0	
PHOG552	0	0	0	0	0	0	0	0	
PHOG553	0	0	0	0	0	0	0	0	
PHOG554	0	0	0	0	0	0	0	0	
PHOG555	0	0	0	0	0	0	0	0	
PHOG556	0	0	0	0	0	0	0	0	
PHOG557	0	0	0	0	0	0	0	0	
PHOG558	0	0	0	0	0	0	0	0	
PHOG559	0	0	0	0	0	0	0	0	
PHOG560	0	0	0	0	0	0	0	0	
PHOG561	0	0	0	0	0	0	0	0	
PHOG562	0	0	0	0	0	0	0	0	
PHOG563	0	0	0	0	0	0	0	0	
PHOG564	0	0	0	0	0	0	0	0	
PHOG565	0	0	0	0	0	0	0	0	
PHOG566	0	0	0	0	0	0	0	0	
PHOG567	0	0	0	0	0	0	0	0	
PHOG568	0	0	0	0	0	0	0	0	
PHOG569	0	0	0	0	0	0	0	0	
PHOG570	0	0	0	0	0	0	0	0	
PHOG571	0	0	0	0	0	0	0	0	
PHOG572	0	0	0	0	0	0	0	0	
PHOG573	0	0	0	0	0	0	0	0	
PHOG574	0	0	0	0	0	0	0	0	
PHOG575	0	0	0	0	0	0	0	0	
PHOG576	0	0	0	0	0	0	0	0	
PHOG577	0	0	0	0	0	0	0	0	
PHOG578	0	0	0	0	0	0	0	0	
PHOG579	0	0	0	0	0	0	0	0	
PHOG580	0	0	0	0	0	0	0	0	
PHOG581	0	0	0	0	0	0	0	0	
PHOG582	0	0	0	0	0	0	0	0	
PHOG583	0	0	0	0	0	0	0	0	
PHOG584	0	0	0	0	0	0	0	0	
PHOG585	0.01	0.01	0	0	0	0	0	0	
PHOG586	0	0	0.01	0	0	0	0	0	
PHOG587	0	0	0	0	0	0	0	0	
PHOG588	0	0	0	0	0	0	0	0	
PHOG589	0	0	0	0	0	0	0	0	
PHOG590	0	0	0	0	0	0	0	0	
PHOG591	0	0	0	0	0	0	0	0	
PHOG592	0	0	0	0	0	0	0	0	
PHOG593	0	0	0	0	0	0	0	0	
PHOG594	0	0	0	0	0	0	0	0	
PHOG595	0	0	0	0	0	0	0	0	
PHOG596	0	0	0	0	0	0	0	0	
PHOG597	0	0	0	0	0	0	0	0	
PHOG598	0	0	0	0	0	0	0	0	
PHOG599	0	0	0	0	0	0	0	0	
PHOG600	0	0	0	0	0	0	0	0	
PHOG601	0	0	0	0	0	0	0	0	
PHOG602	0	0	0	0	0	0	0	0	
PHOG603	0	0	0	0	0	0	0	0	
PHOG604	0	0	0	0	0	0	0	0	
PHOG605	0	0	0	0	0	0	0	0	
PHOG606	0	0	0	0	0	0	0	0	
PHOG607	0	0	0	0	0	0	0	0	
PHOG608	0	0	0	0	0	0	0	0	
PHOG609	0	0	0	0	0	0	0	0	
PHOG610	0	0	0	0	0	0	0	0	
PHOG611	0	0	0	0	0	0	0	0	
PHOG612	0	0	0	0	0	0	0	0	
PHOG613	0	0	0	0	0	0	0	0	
PHOG614	0	0	0	0	0	0	0	0	
PHOG615	0	0	0	0	0	0	0	0	
PHOG616	0	0	0	0	0	0	0	0	
PHOG617	0	0	0	0	0	0	0	0	
PHOG618	0	0	0	0	0	0	0	0	
PHOG619	0	0	0	0	0	0	0	0	
PHOG620	0	0	0	0	0	0	0	0	
PHOG621	0	0	0	0	0	0	0	0	
PHOG622	0	0	0.01	0.01	0	0	0	0	
PHOG623	0	0	0.01	0.01	0	0	0	0	
PHOG624	0	0	0	0	0	0	0	0	
PHOG625	0	0	0	0	0	0	0	0	
PHOG626	0	0	0	0	0	0	0	0	
PHOG627	0	0	0	0	0	0	0	0	
PHOG628	0	0	0	0	0	0	0	0	
PHOG629	0	0	0	0	0	0	0	0	


Time taken to build model: 0.2 seconds

Time taken to test model on training data: 0.06 seconds

=== Error on training data ===

Correctly Classified Instances         400               96.1538 %
Incorrectly Classified Instances        16                3.8462 %
Kappa statistic                          0.9508
Mean absolute error                      0.0098
Root mean squared error                  0.0967
Relative absolute error                  5.0079 %
Root relative squared error             30.9365 %
Total Number of Instances              416     


=== Detailed Accuracy By Class ===

                 TP Rate  FP Rate  Precision  Recall   F-Measure  MCC      ROC Area  PRC Area  Class
                 0.907    0.011    0.907      0.907    0.907      0.896    0.976     0.914     K1
                 0.993    0.004    0.993      0.993    0.993      0.990    0.998     0.993     K2
                 0.974    0.015    0.937      0.974    0.955      0.945    0.995     0.958     K3
                 0.967    0.000    1.000      0.967    0.983      0.981    0.999     0.994     K4
                 0.906    0.003    0.983      0.906    0.943      0.934    0.996     0.971     K5
                 0.958    0.008    0.885      0.958    0.920      0.916    0.997     0.914     K6
                 ?        0.005    0.000      ?        ?          ?        ?         ?         K7
                 ?        0.000    ?          ?        ?          ?        ?         ?         K8
Weighted Avg.    0.962    0.006    0.967      0.962    0.964      0.958    0.995     0.971     


=== Confusion Matrix ===

   a   b   c   d   e   f   g   h   <-- classified as
  39   1   0   0   0   1   2   0 |   a = K1
   1 147   0   0   0   0   0   0 |   b = K2
   1   0  74   0   1   0   0   0 |   c = K3
   1   0   1  59   0   0   0   0 |   d = K4
   0   0   4   0  58   2   0   0 |   e = K5
   1   0   0   0   0  23   0   0 |   f = K6
   0   0   0   0   0   0   0   0 |   g = K7
   0   0   0   0   0   0   0   0 |   h = K8

Time taken to perform cross-validation: 0.09 seconds


=== Stratified cross-validation ===

Correctly Classified Instances         385               92.5481 %
Incorrectly Classified Instances        31                7.4519 %
Kappa statistic                          0.9051
Mean absolute error                      0.0186
Root mean squared error                  0.1339
Relative absolute error                  9.523  %
Root relative squared error             42.8469 %
Total Number of Instances              416     


=== Detailed Accuracy By Class ===

                 TP Rate  FP Rate  Precision  Recall   F-Measure  MCC      ROC Area  PRC Area  Class
                 0.907    0.016    0.867      0.907    0.886      0.873    0.963     0.882     K1
                 0.973    0.004    0.993      0.973    0.983      0.974    0.998     0.993     K2
                 0.921    0.015    0.933      0.921    0.927      0.911    0.992     0.949     K3
                 0.951    0.014    0.921      0.951    0.935      0.924    0.995     0.970     K4
                 0.797    0.006    0.962      0.797    0.872      0.856    0.990     0.952     K5
                 0.958    0.023    0.719      0.958    0.821      0.818    0.991     0.834     K6
                 ?        0.007    0.000      ?        ?          ?        ?         ?         K7
                 ?        0.000    ?          ?        ?          ?        ?         ?         K8
Weighted Avg.    0.925    0.010    0.938      0.925    0.929      0.918    0.991     0.955     


=== Confusion Matrix ===

   a   b   c   d   e   f   g   h   <-- classified as
  39   1   0   0   0   1   2   0 |   a = K1
   1 144   0   0   0   2   1   0 |   b = K2
   3   0  70   2   1   0   0   0 |   c = K3
   1   0   1  58   1   0   0   0 |   d = K4
   0   0   4   3  51   6   0   0 |   e = K5
   1   0   0   0   0  23   0   0 |   f = K6
   0   0   0   0   0   0   0   0 |   g = K7
   0   0   0   0   0   0   0   0 |   h = K8

