
=== Classifier model (full training set) ===

Naive Bayes Classifier

                            Class
Attribute                      K1      K2      K3      K4      K5      K6      K7      K8
                            (0.1)  (0.35)  (0.18)  (0.15)  (0.15)  (0.06)     (0)     (0)
==========================================================================================
MPEG-7 Edge Histogram0
  mean                      1.5349  1.6081  0.5658  0.1803  2.2188  2.6667       0       0
  std. dev.                 1.9807  1.9053  1.2496  0.3845  1.9722  1.7717  0.0017  0.0017
  weight sum                    43     148      76      61      64      24       0       0
  precision                   0.01    0.01    0.01    0.01    0.01    0.01    0.01    0.01

MPEG-7 Edge Histogram1
  mean                      1.4651  1.5811  0.4079  0.1967  2.0781  2.0833       0       0
  std. dev.                 1.7699  1.7438  0.9202  0.5674  1.4927  1.1873  0.0017  0.0017
  weight sum                    43     148      76      61      64      24       0       0
  precision                   0.01    0.01    0.01    0.01    0.01    0.01    0.01    0.01

MPEG-7 Edge Histogram2
  mean                      2.3721  2.2297  4.3421  4.1639  4.6719   4.125       0       0
  std. dev.                 2.0462  1.9868  2.1247  1.6613  1.8376  1.3938  0.0017  0.0017
  weight sum                    43     148      76      61      64      24       0       0
  precision                   0.01    0.01    0.01    0.01    0.01    0.01    0.01    0.01

MPEG-7 Edge Histogram3
  mean                      1.5581  1.3716  0.2105  0.1475  3.1094  4.3333       0       0
  std. dev.                 1.8083  1.7487  0.7999  0.6735  2.3725  1.8181  0.0017  0.0017
  weight sum                    43     148      76      61      64      24       0       0
  precision                   0.01    0.01    0.01    0.01    0.01    0.01    0.01    0.01

MPEG-7 Edge Histogram4
  mean                      1.4186  0.6351  3.7895  3.7705  4.6406   4.125       0       0
  std. dev.                 1.5285    1.06  1.3603  1.5406  1.7798  1.5629  0.0017  0.0017
  weight sum                    43     148      76      61      64      24       0       0
  precision                   0.01    0.01    0.01    0.01    0.01    0.01    0.01    0.01

MPEG-7 Edge Histogram5
  mean                       1.093  0.9392  0.3026  0.3443   2.125  2.0833       0       0
  std. dev.                 1.4275  1.4295  0.7437  0.8849   2.125  1.9347  0.0017  0.0017
  weight sum                    43     148      76      61      64      24       0       0
  precision                   0.01    0.01    0.01    0.01    0.01    0.01    0.01    0.01

MPEG-7 Edge Histogram6
  mean                      2.8605  1.8176  5.5132  4.8525  4.0781     3.5       0       0
  std. dev.                 1.5639  1.4474    0.98  1.1989  1.5238  0.8165  0.0017  0.0017
  weight sum                    43     148      76      61      64      24       0       0
  precision                   0.01    0.01    0.01    0.01    0.01    0.01    0.01    0.01

MPEG-7 Edge Histogram7
  mean                      3.7907  2.4932  4.4211  4.1311       4  4.2083       0       0
  std. dev.                 1.6783  2.0681  2.1598  1.8859   1.299    1.04  0.0017  0.0017
  weight sum                    43     148      76      61      64      24       0       0
  precision                   0.01    0.01    0.01    0.01    0.01    0.01    0.01    0.01

MPEG-7 Edge Histogram8
  mean                       1.093  1.0405  1.2237  0.8852       2  2.5417       0       0
  std. dev.                 1.3608  1.4699   1.619  1.2944  1.3807  1.6325  0.0017  0.0017
  weight sum                    43     148      76      61      64      24       0       0
  precision                   0.01    0.01    0.01    0.01    0.01    0.01    0.01    0.01

MPEG-7 Edge Histogram9
  mean                      1.7907  0.8378  3.2368  2.9344  3.7031  4.3333       0       0
  std. dev.                 1.4069  1.1032  1.5966  1.2263  1.4107  1.6499  0.0017  0.0017
  weight sum                    43     148      76      61      64      24       0       0
  precision                   0.01    0.01    0.01    0.01    0.01    0.01    0.01    0.01

MPEG-7 Edge Histogram10
  mean                      1.2558  0.8919     0.5  0.3279  2.0625  2.0417       0       0
  std. dev.                 1.7533  1.3859   1.045   0.936  2.0068  1.5937  0.0017  0.0017
  weight sum                    43     148      76      61      64      24       0       0
  precision                   0.01    0.01    0.01    0.01    0.01    0.01    0.01    0.01

MPEG-7 Edge Histogram11
  mean                       2.907  1.7432  4.7105  4.1475  3.4531  3.6667       0       0
  std. dev.                 1.3946  1.3662  1.0615  1.3286  1.6195  1.0672  0.0017  0.0017
  weight sum                    43     148      76      61      64      24       0       0
  precision                   0.01    0.01    0.01    0.01    0.01    0.01    0.01    0.01

MPEG-7 Edge Histogram12
  mean                      1.2791  1.1351  1.5789  0.8033   2.125  2.9167       0       0
  std. dev.                 1.5299  1.5711  1.7034  1.1426  1.8414  1.3514  0.0017  0.0017
  weight sum                    43     148      76      61      64      24       0       0
  precision                   0.01    0.01    0.01    0.01    0.01    0.01    0.01    0.01

MPEG-7 Edge Histogram13
  mean                      4.0465  2.6959  4.8947  4.1967  4.4688  5.4167       0       0
  std. dev.                 1.7647  2.1737  2.0299  2.0311  1.6102  0.9091  0.0017  0.0017
  weight sum                    43     148      76      61      64      24       0       0
  precision                   0.01    0.01    0.01    0.01    0.01    0.01    0.01    0.01

MPEG-7 Edge Histogram14
  mean                      1.8605   0.777     3.5   3.377  3.9688  4.1667       0       0
  std. dev.                 1.4073  1.1078     1.5  1.5059  1.5509  1.1426  0.0017  0.0017
  weight sum                    43     148      76      61      64      24       0       0
  precision                   0.01    0.01    0.01    0.01    0.01    0.01    0.01    0.01

MPEG-7 Edge Histogram15
  mean                      1.5116  1.7905  0.3158  0.4754  2.8906  2.4167       0       0
  std. dev.                 1.9574  1.9216   0.711  1.2493  2.1731  1.2555  0.0017  0.0017
  weight sum                    43     148      76      61      64      24       0       0
  precision                   0.01    0.01    0.01    0.01    0.01    0.01    0.01    0.01

MPEG-7 Edge Histogram16
  mean                      1.6977  1.5676  0.2632  0.2131  1.8594  2.1667       0       0
  std. dev.                 1.9829  1.6281  0.9229  0.9429  1.7036  1.4044  0.0017  0.0017
  weight sum                    43     148      76      61      64      24       0       0
  precision                   0.01    0.01    0.01    0.01    0.01    0.01    0.01    0.01

MPEG-7 Edge Histogram17
  mean                      1.3721  1.6149  0.3947  0.1967  2.8906  4.4583       0       0
  std. dev.                 1.7121  1.7263  1.2781  0.9201     2.1   1.554  0.0017  0.0017
  weight sum                    43     148      76      61      64      24       0       0
  precision                   0.01    0.01    0.01    0.01    0.01    0.01    0.01    0.01

MPEG-7 Edge Histogram18
  mean                      1.7907  2.2703  3.8421  3.8197  3.6406    4.25       0       0
  std. dev.                 1.8371  2.2439  2.1646  1.9206  1.7443  1.2332  0.0017  0.0017
  weight sum                    43     148      76      61      64      24       0       0
  precision                   0.01    0.01    0.01    0.01    0.01    0.01    0.01    0.01

MPEG-7 Edge Histogram19
  mean                      1.4419  0.6689  3.1711  3.5082  3.8594  4.7917       0       0
  std. dev.                 1.7954  1.1589   1.802  1.3504  1.8781  1.3534  0.0017  0.0017
  weight sum                    43     148      76      61      64      24       0       0
  precision                   0.01    0.01    0.01    0.01    0.01    0.01    0.01    0.01

MPEG-7 Edge Histogram20
  mean                      4.1628  2.8041  5.5658  5.3115  4.4688  4.2917       0       0
  std. dev.                 1.4774  2.1329  1.1736  1.0487  1.3916  1.2409  0.0017  0.0017
  weight sum                    43     148      76      61      64      24       0       0
  precision                   0.01    0.01    0.01    0.01    0.01    0.01    0.01    0.01

MPEG-7 Edge Histogram21
  mean                       0.814  1.2432  0.6842  0.2951  1.8438  1.5417       0       0
  std. dev.                 1.0622  1.4172    1.32  0.6099  1.2402  1.5806  0.0017  0.0017
  weight sum                    43     148      76      61      64      24       0       0
  precision                   0.01    0.01    0.01    0.01    0.01    0.01    0.01    0.01

MPEG-7 Edge Histogram22
  mean                      3.6744  2.2095  4.6579  4.7705  4.5938  3.9167       0       0
  std. dev.                 1.6385  2.0076  1.9571  1.6235  1.2835  1.0375  0.0017  0.0017
  weight sum                    43     148      76      61      64      24       0       0
  precision                   0.01    0.01    0.01    0.01    0.01    0.01    0.01    0.01

MPEG-7 Edge Histogram23
  mean                      1.8837  1.7027  2.1316  0.8852       3  2.9583       0       0
  std. dev.                 1.6312  1.9011  1.8732  1.2816  1.8625  1.8366  0.0017  0.0017
  weight sum                    43     148      76      61      64      24       0       0
  precision                   0.01    0.01    0.01    0.01    0.01    0.01    0.01    0.01

MPEG-7 Edge Histogram24
  mean                      1.9302  0.6892  3.5132  3.2295  4.5156  3.5417       0       0
  std. dev.                 1.5611  1.2184  1.6741  1.3837  1.1725  2.1981  0.0017  0.0017
  weight sum                    43     148      76      61      64      24       0       0
  precision                   0.01    0.01    0.01    0.01    0.01    0.01    0.01    0.01

MPEG-7 Edge Histogram25
  mean                      1.9535  0.7432  0.7763  4.0492  1.3438  2.0833       0       0
  std. dev.                 1.1999  0.9595  0.9542  1.5303  0.9391  0.9965  0.0017  0.0017
  weight sum                    43     148      76      61      64      24       0       0
  precision                   0.01    0.01    0.01    0.01    0.01    0.01    0.01    0.01

MPEG-7 Edge Histogram26
  mean                      2.3953  3.0878  4.8026  1.8197  0.8594  1.7917       0       0
  std. dev.                 0.8664  1.3352  1.4329  0.9836  0.7472   0.865  0.0017  0.0017
  weight sum                    43     148      76      61      64      24       0       0
  precision                   0.01    0.01    0.01    0.01    0.01    0.01    0.01    0.01

MPEG-7 Edge Histogram27
  mean                      2.9767  0.8108  3.8553   4.377  2.1406  3.2083       0       0
  std. dev.                 1.6209    1.21  2.0501  1.9347  1.4455  1.2903  0.0017  0.0017
  weight sum                    43     148      76      61      64      24       0       0
  precision                   0.01    0.01    0.01    0.01    0.01    0.01    0.01    0.01

MPEG-7 Edge Histogram28
  mean                      2.5581  0.3514  3.9605  3.7213  3.8125   2.375       0       0
  std. dev.                 1.3691  0.6765  2.1971  1.9088  2.8055  1.3788  0.0017  0.0017
  weight sum                    43     148      76      61      64      24       0       0
  precision                   0.01    0.01    0.01    0.01    0.01    0.01    0.01    0.01

MPEG-7 Edge Histogram29
  mean                      1.7209  0.1689  3.0789  3.5574       4  3.2083       0       0
  std. dev.                 0.9959  0.4254  1.6525  1.3852  2.0233  1.0793  0.0017  0.0017
  weight sum                    43     148      76      61      64      24       0       0
  precision                   0.01    0.01    0.01    0.01    0.01    0.01    0.01    0.01

MPEG-7 Edge Histogram30
  mean                      2.5349  1.0541  2.8289  5.8361  1.2344    1.75       0       0
  std. dev.                 1.2266  0.9917  1.4725  1.1899  1.3316  0.9242  0.0017  0.0017
  weight sum                    43     148      76      61      64      24       0       0
  precision                   0.01    0.01    0.01    0.01    0.01    0.01    0.01    0.01

MPEG-7 Edge Histogram31
  mean                       1.907  2.9932  2.2763  1.2951  0.7656  1.5833       0       0
  std. dev.                 1.0524  1.3779  1.2937  0.9974  0.7014   0.493  0.0017  0.0017
  weight sum                    43     148      76      61      64      24       0       0
  precision                   0.01    0.01    0.01    0.01    0.01    0.01    0.01    0.01

MPEG-7 Edge Histogram32
  mean                      1.7674  0.3311  5.0789  3.1475  3.7969   2.375       0       0
  std. dev.                 1.1379  0.6616  2.6346   1.638  2.5992  1.4948  0.0017  0.0017
  weight sum                    43     148      76      61      64      24       0       0
  precision                   0.01    0.01    0.01    0.01    0.01    0.01    0.01    0.01

MPEG-7 Edge Histogram33
  mean                       3.093  0.9054  3.3684  2.9344  2.4063  4.0833       0       0
  std. dev.                 1.5524  1.2646  2.2527  1.6583  1.6462  0.9965  0.0017  0.0017
  weight sum                    43     148      76      61      64      24       0       0
  precision                   0.01    0.01    0.01    0.01    0.01    0.01    0.01    0.01

MPEG-7 Edge Histogram34
  mean                      1.8837  0.1757    3.75  2.8689    4.25  4.2917       0       0
  std. dev.                 1.2048  0.3979  1.5822  1.3364  1.9284  1.3687  0.0017  0.0017
  weight sum                    43     148      76      61      64      24       0       0
  precision                   0.01    0.01    0.01    0.01    0.01    0.01    0.01    0.01

MPEG-7 Edge Histogram35
  mean                      3.8605  2.8514  5.5789  5.6393  4.7656    3.75       0       0
  std. dev.                 1.6507  2.0904  1.2382  1.1313  1.5486  1.5612  0.0017  0.0017
  weight sum                    43     148      76      61      64      24       0       0
  precision                   0.01    0.01    0.01    0.01    0.01    0.01    0.01    0.01

MPEG-7 Edge Histogram36
  mean                      1.2093  1.2027  0.5263   0.377  1.7656  2.0417       0       0
  std. dev.                 1.7462  1.5595  1.1525  1.1617  1.2215  1.3988  0.0017  0.0017
  weight sum                    43     148      76      61      64      24       0       0
  precision                   0.01    0.01    0.01    0.01    0.01    0.01    0.01    0.01

MPEG-7 Edge Histogram37
  mean                      1.6977  1.9797  1.4079  1.1967  3.2344  3.7083       0       0
  std. dev.                 1.6072   2.015  1.5909  1.6076  1.8687  1.9253  0.0017  0.0017
  weight sum                    43     148      76      61      64      24       0       0
  precision                   0.01    0.01    0.01    0.01    0.01    0.01    0.01    0.01

MPEG-7 Edge Histogram38
  mean                      3.6279  2.3041  4.4868  4.3115  4.9844  4.7083       0       0
  std. dev.                 1.7524  2.1107  2.0358  2.1919  1.2808  1.0598  0.0017  0.0017
  weight sum                    43     148      76      61      64      24       0       0
  precision                   0.01    0.01    0.01    0.01    0.01    0.01    0.01    0.01

MPEG-7 Edge Histogram39
  mean                      1.8605  0.7973  3.1579  3.0492  4.4531  4.5417       0       0
  std. dev.                 1.6924  1.1853    1.77  1.4075  1.8786   1.554  0.0017  0.0017
  weight sum                    43     148      76      61      64      24       0       0
  precision                   0.01    0.01    0.01    0.01    0.01    0.01    0.01    0.01

MPEG-7 Edge Histogram40
  mean                      3.7674   2.027  5.0263  5.0492  4.3594  4.1667       0       0
  std. dev.                  1.597  1.8488  1.3666  1.1513  1.1506  1.4625  0.0017  0.0017
  weight sum                    43     148      76      61      64      24       0       0
  precision                   0.01    0.01    0.01    0.01    0.01    0.01    0.01    0.01

MPEG-7 Edge Histogram41
  mean                      1.2558  1.4932  0.4342  0.5082  1.5938  1.9583       0       0
  std. dev.                 1.2218  1.7379  0.9081  1.1821  1.2957  2.2263  0.0017  0.0017
  weight sum                    43     148      76      61      64      24       0       0
  precision                   0.01    0.01    0.01    0.01    0.01    0.01    0.01    0.01

MPEG-7 Edge Histogram42
  mean                      1.9767  1.2838  2.2237       1  2.9531  3.4167       0       0
  std. dev.                 1.3552  1.5468  1.9641  1.1014  2.0266  1.9561  0.0017  0.0017
  weight sum                    43     148      76      61      64      24       0       0
  precision                   0.01    0.01    0.01    0.01    0.01    0.01    0.01    0.01

MPEG-7 Edge Histogram43
  mean                      4.5814  2.3311  4.2895  4.8197  4.1719   4.625       0       0
  std. dev.                  1.883  2.0677  1.8051  1.6646  2.0276  0.9492  0.0017  0.0017
  weight sum                    43     148      76      61      64      24       0       0
  precision                   0.01    0.01    0.01    0.01    0.01    0.01    0.01    0.01

MPEG-7 Edge Histogram44
  mean                      2.1163  0.7703  3.9474  3.5082  3.9375    3.75       0       0
  std. dev.                 1.5282  1.2253  1.6772  1.2626  1.6759  1.6137  0.0017  0.0017
  weight sum                    43     148      76      61      64      24       0       0
  precision                   0.01    0.01    0.01    0.01    0.01    0.01    0.01    0.01

MPEG-7 Edge Histogram45
  mean                      2.2558  0.4189  0.9342  3.8525  1.2813  2.8333       0       0
  std. dev.                 1.3992    0.87   1.454  1.6077  1.1384  1.3123  0.0017  0.0017
  weight sum                    43     148      76      61      64      24       0       0
  precision                   0.01    0.01    0.01    0.01    0.01    0.01    0.01    0.01

MPEG-7 Edge Histogram46
  mean                      1.1395  3.0946  0.8158  2.0492  1.0938  1.4583       0       0
  std. dev.                  0.765  1.2211  1.2216   1.247  0.8238  0.4983  0.0017  0.0017
  weight sum                    43     148      76      61      64      24       0       0
  precision                   0.01    0.01    0.01    0.01    0.01    0.01    0.01    0.01

MPEG-7 Edge Histogram47
  mean                      1.3256  0.2973  5.9868  3.5738  4.2031  2.0833       0       0
  std. dev.                 1.1148  0.6724  2.2855  1.8058  2.2092  1.0769  0.0017  0.0017
  weight sum                    43     148      76      61      64      24       0       0
  precision                   0.01    0.01    0.01    0.01    0.01    0.01    0.01    0.01

MPEG-7 Edge Histogram48
  mean                      2.7442  0.9527  1.5395  4.0492  2.4375  5.4583       0       0
  std. dev.                 1.8056  1.2805  2.1548  2.0916   1.793  1.1539  0.0017  0.0017
  weight sum                    43     148      76      61      64      24       0       0
  precision                   0.01    0.01    0.01    0.01    0.01    0.01    0.01    0.01

MPEG-7 Edge Histogram49
  mean                      1.6279  0.1486  4.3816  3.3607  3.7344  4.2917       0       0
  std. dev.                 1.0348  0.4088  2.1211  1.5045  2.0174  1.4571  0.0017  0.0017
  weight sum                    43     148      76      61      64      24       0       0
  precision                   0.01    0.01    0.01    0.01    0.01    0.01    0.01    0.01

MPEG-7 Edge Histogram50
  mean                      2.0233  0.5405  6.2368  5.4098  1.2969       2       0       0
  std. dev.                 1.2848  0.8493  0.8866  1.6731  1.1549  1.0408  0.0017  0.0017
  weight sum                    43     148      76      61      64      24       0       0
  precision                   0.01    0.01    0.01    0.01    0.01    0.01    0.01    0.01

MPEG-7 Edge Histogram51
  mean                      1.2558   3.027  0.4868  1.3115  0.8906  1.2917       0       0
  std. dev.                 0.9667  1.1909  1.0065  0.8404  0.7314  0.7895  0.0017  0.0017
  weight sum                    43     148      76      61      64      24       0       0
  precision                   0.01    0.01    0.01    0.01    0.01    0.01    0.01    0.01

MPEG-7 Edge Histogram52
  mean                      3.5349  1.0608  2.6316  2.9672  2.4219  4.9583       0       0
  std. dev.                 1.5604  1.2532  2.1016   1.864  1.8524  1.1358  0.0017  0.0017
  weight sum                    43     148      76      61      64      24       0       0
  precision                   0.01    0.01    0.01    0.01    0.01    0.01    0.01    0.01

MPEG-7 Edge Histogram53
  mean                      1.6047  0.3514  2.0921  2.9016  4.0625  1.5417       0       0
  std. dev.                 1.0813  0.7058  2.2952  1.6467  2.3577    1.04  0.0017  0.0017
  weight sum                    43     148      76      61      64      24       0       0
  precision                   0.01    0.01    0.01    0.01    0.01    0.01    0.01    0.01

MPEG-7 Edge Histogram54
  mean                      1.9767  0.1959  2.0526  2.9016  4.0625  4.6667       0       0
  std. dev.                 1.0888  0.4296  1.7006  1.5333  1.9754  1.1055  0.0017  0.0017
  weight sum                    43     148      76      61      64      24       0       0
  precision                   0.01    0.01    0.01    0.01    0.01    0.01    0.01    0.01

MPEG-7 Edge Histogram55
  mean                      3.5581  2.6486  5.6184  5.3934  4.2969   4.125       0       0
  std. dev.                 1.4989   2.043  1.2457  1.2839   1.568  1.2686  0.0017  0.0017
  weight sum                    43     148      76      61      64      24       0       0
  precision                   0.01    0.01    0.01    0.01    0.01    0.01    0.01    0.01

MPEG-7 Edge Histogram56
  mean                      1.2558  1.3446  0.1974  0.4426  1.5313       2       0       0
  std. dev.                 1.3484  1.6387  0.6493  1.2613  1.2866  1.1902  0.0017  0.0017
  weight sum                    43     148      76      61      64      24       0       0
  precision                   0.01    0.01    0.01    0.01    0.01    0.01    0.01    0.01

MPEG-7 Edge Histogram57
  mean                      3.7442  2.2905  4.3026  4.3443  3.7969  4.7083       0       0
  std. dev.                 1.7796  1.9805  2.1522  1.9238  1.8556  0.9345  0.0017  0.0017
  weight sum                    43     148      76      61      64      24       0       0
  precision                   0.01    0.01    0.01    0.01    0.01    0.01    0.01    0.01

MPEG-7 Edge Histogram58
  mean                      2.2093  1.7905  0.5658  1.0984  3.2813   3.875       0       0
  std. dev.                 1.9596  1.8681  0.8481  1.5962  2.0499   1.301  0.0017  0.0017
  weight sum                    43     148      76      61      64      24       0       0
  precision                   0.01    0.01    0.01    0.01    0.01    0.01    0.01    0.01

MPEG-7 Edge Histogram59
  mean                      2.1395  0.7838  3.2895  3.7377    4.25  4.8333       0       0
  std. dev.                 1.5639  1.1714  1.6844  1.3538   1.591  1.5184  0.0017  0.0017
  weight sum                    43     148      76      61      64      24       0       0
  precision                   0.01    0.01    0.01    0.01    0.01    0.01    0.01    0.01

MPEG-7 Edge Histogram60
  mean                      1.8837  1.0068  0.4605  0.1475  3.2813   4.375       0       0
  std. dev.                 2.1044  1.4355  1.1291  0.4734  2.0346  1.9325  0.0017  0.0017
  weight sum                    43     148      76      61      64      24       0       0
  precision                   0.01    0.01    0.01    0.01    0.01    0.01    0.01    0.01

MPEG-7 Edge Histogram61
  mean                      1.4419  2.2905  0.4737  0.2295  1.7813    2.25       0       0
  std. dev.                 1.7294  2.3574  1.3999  0.6627  1.6151  1.6394  0.0017  0.0017
  weight sum                    43     148      76      61      64      24       0       0
  precision                   0.01    0.01    0.01    0.01    0.01    0.01    0.01    0.01

MPEG-7 Edge Histogram62
  mean                      1.8372     1.5  0.1974  0.0492    2.75   3.875       0       0
  std. dev.                  2.188  1.7763  0.4594  0.2162  2.3519  1.8555  0.0017  0.0017
  weight sum                    43     148      76      61      64      24       0       0
  precision                   0.01    0.01    0.01    0.01    0.01    0.01    0.01    0.01

MPEG-7 Edge Histogram63
  mean                      2.3953  1.5676  3.4079  4.1475  3.6563  3.9583       0       0
  std. dev.                 2.2838  1.6488  2.1654  1.8001  2.4317  1.8592  0.0017  0.0017
  weight sum                    43     148      76      61      64      24       0       0
  precision                   0.01    0.01    0.01    0.01    0.01    0.01    0.01    0.01

MPEG-7 Edge Histogram64
  mean                      1.2558  0.9122  3.1579  3.1639  3.3594  3.4167       0       0
  std. dev.                 1.6296  1.3652  1.6063  1.3205  2.0643  1.8911  0.0017  0.0017
  weight sum                    43     148      76      61      64      24       0       0
  precision                   0.01    0.01    0.01    0.01    0.01    0.01    0.01    0.01

MPEG-7 Edge Histogram65
  mean                      1.6279  1.2905  0.4342  0.3607  2.4531  4.0417       0       0
  std. dev.                 1.4146  1.5389  0.6557  0.7473  2.2703  1.1719  0.0017  0.0017
  weight sum                    43     148      76      61      64      24       0       0
  precision                   0.01    0.01    0.01    0.01    0.01    0.01    0.01    0.01

MPEG-7 Edge Histogram66
  mean                      3.2558  1.9392  5.1711  4.4098  4.6094   2.375       0       0
  std. dev.                 1.3656  1.8571   1.361  1.4752  1.3064  1.0333  0.0017  0.0017
  weight sum                    43     148      76      61      64      24       0       0
  precision                   0.01    0.01    0.01    0.01    0.01    0.01    0.01    0.01

MPEG-7 Edge Histogram67
  mean                      1.7674  1.4122  1.5395  1.4426  2.2031  2.9167       0       0
  std. dev.                 1.6959  1.6641  1.8169  1.8423  1.6219  1.5253  0.0017  0.0017
  weight sum                    43     148      76      61      64      24       0       0
  precision                   0.01    0.01    0.01    0.01    0.01    0.01    0.01    0.01

MPEG-7 Edge Histogram68
  mean                       3.814  2.3649  4.2895  4.2295  3.3906       4       0       0
  std. dev.                 1.8956  2.1471  2.1934  2.1983   1.432       1  0.0017  0.0017
  weight sum                    43     148      76      61      64      24       0       0
  precision                   0.01    0.01    0.01    0.01    0.01    0.01    0.01    0.01

MPEG-7 Edge Histogram69
  mean                      1.6279  0.8716  3.1579  2.9836  3.8281       4       0       0
  std. dev.                  1.258  1.2096  1.5479   1.594  1.4313     1.5  0.0017  0.0017
  weight sum                    43     148      76      61      64      24       0       0
  precision                   0.01    0.01    0.01    0.01    0.01    0.01    0.01    0.01

MPEG-7 Edge Histogram70
  mean                      1.6977  1.4054  0.5921  0.6066  2.2188  3.9583       0       0
  std. dev.                 1.7325   1.589  0.9757  1.2184  1.7719  1.3064  0.0017  0.0017
  weight sum                    43     148      76      61      64      24       0       0
  precision                   0.01    0.01    0.01    0.01    0.01    0.01    0.01    0.01

MPEG-7 Edge Histogram71
  mean                       3.186  1.8446  5.0921  4.1148  4.4375  3.2083       0       0
  std. dev.                  1.559  1.8589  1.4795  1.5587  1.3214  1.3838  0.0017  0.0017
  weight sum                    43     148      76      61      64      24       0       0
  precision                   0.01    0.01    0.01    0.01    0.01    0.01    0.01    0.01

MPEG-7 Edge Histogram72
  mean                      4.2326  2.4595  4.8684  3.9016    4.25  4.8333       0       0
  std. dev.                 1.8023  2.1914  1.8449  1.9728   1.479  0.7993  0.0017  0.0017
  weight sum                    43     148      76      61      64      24       0       0
  precision                   0.01    0.01    0.01    0.01    0.01    0.01    0.01    0.01

MPEG-7 Edge Histogram73
  mean                      1.4651  1.4122    1.25   1.377  2.4375  4.3333       0       0
  std. dev.                 1.8344  1.5331   1.479  1.8745  1.6852  1.0672  0.0017  0.0017
  weight sum                    43     148      76      61      64      24       0       0
  precision                   0.01    0.01    0.01    0.01    0.01    0.01    0.01    0.01

MPEG-7 Edge Histogram74
  mean                      2.0465  0.8108  3.6842  3.7377  4.6094  3.7917       0       0
  std. dev.                 1.4134    1.21  1.7563  1.5671  1.4428   1.224  0.0017  0.0017
  weight sum                    43     148      76      61      64      24       0       0
  precision                   0.01    0.01    0.01    0.01    0.01    0.01    0.01    0.01

MPEG-7 Edge Histogram75
  mean                      1.4651  1.5743  0.2237  0.3607  3.0313   4.125       0       0
  std. dev.                 1.7434  1.9386  0.8826  1.0717  2.0384  1.4234  0.0017  0.0017
  weight sum                    43     148      76      61      64      24       0       0
  precision                   0.01    0.01    0.01    0.01    0.01    0.01    0.01    0.01

MPEG-7 Edge Histogram76
  mean                      1.9767  1.9797  0.3026  0.2459   1.875   2.375       0       0
  std. dev.                 1.9587  2.1607  1.1812  1.0025  1.5662   1.438  0.0017  0.0017
  weight sum                    43     148      76      61      64      24       0       0
  precision                   0.01    0.01    0.01    0.01    0.01    0.01    0.01    0.01

MPEG-7 Edge Histogram77
  mean                      2.5116  1.7905  3.5395  3.3279  3.9063  4.2917       0       0
  std. dev.                  2.139  1.9356  2.3024  1.9646  2.6382  1.6951  0.0017  0.0017
  weight sum                    43     148      76      61      64      24       0       0
  precision                   0.01    0.01    0.01    0.01    0.01    0.01    0.01    0.01

MPEG-7 Edge Histogram78
  mean                      2.1163  1.5946  0.1184  0.2295  3.4063   4.375       0       0
  std. dev.                 2.3349  1.7965  0.4282  0.9983   2.255  1.0333  0.0017  0.0017
  weight sum                    43     148      76      61      64      24       0       0
  precision                   0.01    0.01    0.01    0.01    0.01    0.01    0.01    0.01

MPEG-7 Edge Histogram79
  mean                      1.8605  0.8243  3.4079  3.4262  4.1094  4.0833       0       0
  std. dev.                 2.0526  1.3493  1.7105  1.5519  1.6967    1.73  0.0017  0.0017
  weight sum                    43     148      76      61      64      24       0       0
  precision                   0.01    0.01    0.01    0.01    0.01    0.01    0.01    0.01



Time taken to build model: 0.15 seconds

Time taken to test model on training data: 0.06 seconds

=== Error on training data ===

Correctly Classified Instances         382               91.8269 %
Incorrectly Classified Instances        34                8.1731 %
Kappa statistic                          0.8961
Mean absolute error                      0.0214
Root mean squared error                  0.1401
Relative absolute error                 10.9615 %
Root relative squared error             44.8442 %
Total Number of Instances              416     


=== Detailed Accuracy By Class ===

                 TP Rate  FP Rate  Precision  Recall   F-Measure  MCC      ROC Area  PRC Area  Class
                 0.884    0.040    0.717      0.884    0.792      0.770    0.970     0.857     K1
                 0.919    0.011    0.978      0.919    0.948      0.921    0.994     0.984     K2
                 0.947    0.006    0.973      0.947    0.960      0.951    0.998     0.990     K3
                 0.934    0.014    0.919      0.934    0.927      0.914    0.992     0.976     K4
                 0.875    0.023    0.875      0.875    0.875      0.852    0.985     0.934     K5
                 0.958    0.003    0.958      0.958    0.958      0.956    0.987     0.944     K6
                 ?        0.000    ?          ?        ?          ?        ?         ?         K7
                 ?        0.000    ?          ?        ?          ?        ?         ?         K8
Weighted Avg.    0.918    0.015    0.925      0.918    0.920      0.901    0.990     0.961     


=== Confusion Matrix ===

   a   b   c   d   e   f   g   h   <-- classified as
  38   1   0   0   3   1   0   0 |   a = K1
   8 136   0   0   4   0   0   0 |   b = K2
   1   0  72   3   0   0   0   0 |   c = K3
   1   0   2  57   1   0   0   0 |   d = K4
   4   2   0   2  56   0   0   0 |   e = K5
   1   0   0   0   0  23   0   0 |   f = K6
   0   0   0   0   0   0   0   0 |   g = K7
   0   0   0   0   0   0   0   0 |   h = K8

Time taken to perform cross-validation: 0.1 seconds


=== Stratified cross-validation ===

Correctly Classified Instances         364               87.5    %
Incorrectly Classified Instances        52               12.5    %
Kappa statistic                          0.8417
Mean absolute error                      0.0313
Root mean squared error                  0.1697
Relative absolute error                 15.9829 %
Root relative squared error             54.2999 %
Total Number of Instances              416     


=== Detailed Accuracy By Class ===

                 TP Rate  FP Rate  Precision  Recall   F-Measure  MCC      ROC Area  PRC Area  Class
                 0.814    0.048    0.660      0.814    0.729      0.699    0.949     0.752     K1
                 0.899    0.015    0.971      0.899    0.933      0.900    0.993     0.981     K2
                 0.908    0.006    0.972      0.908    0.939      0.926    0.961     0.915     K3
                 0.902    0.017    0.902      0.902    0.902      0.885    0.961     0.895     K4
                 0.766    0.037    0.790      0.766    0.778      0.738    0.973     0.884     K5
                 0.958    0.023    0.719      0.958    0.821      0.818    0.964     0.926     K6
                 ?        0.000    ?          ?        ?          ?        ?         ?         K7
                 ?        0.000    ?          ?        ?          ?        ?         ?         K8
Weighted Avg.    0.875    0.021    0.886      0.875    0.878      0.852    0.973     0.914     


=== Confusion Matrix ===

   a   b   c   d   e   f   g   h   <-- classified as
  35   2   0   0   4   2   0   0 |   a = K1
  11 133   0   0   4   0   0   0 |   b = K2
   1   0  69   4   2   0   0   0 |   c = K3
   1   0   2  55   3   0   0   0 |   d = K4
   4   2   0   2  49   7   0   0 |   e = K5
   1   0   0   0   0  23   0   0 |   f = K6
   0   0   0   0   0   0   0   0 |   g = K7
   0   0   0   0   0   0   0   0 |   h = K8

