
=== Classifier model (full training set) ===

Naive Bayes Classifier

                           Class
Attribute                     K1       K2       K3       K4       K5       K6       K7       K8
                           (0.1)   (0.35)   (0.18)   (0.15)   (0.15)   (0.06)      (0)      (0)
================================================================================================
RGB Color Histogram0
  mean                   142.0825  136.595 243.5041 238.3472  90.6935 172.4385        0        0
  std. dev.              105.1377 102.5712  28.9155  31.0321  83.6617  93.6948   0.3484   0.3484
  weight sum                   43      148       76       61       64       24        0        0
  precision                2.0902   2.0902   2.0902   2.0902   2.0902   2.0902   2.0902   2.0902

RGB Color Histogram1
  mean                      6.548   6.6406   2.0271   3.3965  35.6104  89.4271        0        0
  std. dev.                8.4843  12.3648   4.5575   6.3832  66.3709  84.8292   0.8854   0.8854
  weight sum                   43      148       76       61       64       24        0        0
  precision                5.3125   5.3125   5.3125   5.3125   5.3125   5.3125   5.3125   5.3125

RGB Color Histogram2
  mean                          0        0        0        0  10.0547  27.5573        0        0
  std. dev.                1.4896   1.4896   1.4896   1.4896  25.5492  46.5778   1.4896   1.4896
  weight sum                   43      148       76       61       64       24        0        0
  precision                8.9375   8.9375   8.9375   8.9375   8.9375   8.9375   8.9375   8.9375

RGB Color Histogram3
  mean                          0        0        0        0   0.7083        0        0        0
  std. dev.                0.9444   0.9444   0.9444   0.9444   3.0876   0.9444   0.9444   0.9444
  weight sum                   43      148       76       61       64       24        0        0
  precision                5.6667   5.6667   5.6667   5.6667   5.6667   5.6667   5.6667   5.6667

RGB Color Histogram4
  mean                     2.3566   0.0901   0.2456   0.6557   8.3333  22.2222        0        0
  std. dev.                8.0763   0.5729   0.9843   1.5004  11.1206  14.7406   0.4444   0.4444
  weight sum                   43      148       76       61       64       24        0        0
  precision                2.6667   2.6667   2.6667   2.6667   2.6667   2.6667   2.6667   2.6667

RGB Color Histogram5
  mean                     3.6443   1.5882   2.3197   2.5689  18.8741  71.5515        0        0
  std. dev.                8.4844   6.5127   3.9211   4.3083  42.8336  72.4755   1.0882   1.0882
  weight sum                   43      148       76       61       64       24        0        0
  precision                6.5294   6.5294   6.5294   6.5294   6.5294   6.5294   6.5294   6.5294

RGB Color Histogram6
  mean                     0.2372        0        0        0  42.8719      170        0        0
  std. dev.                   1.7      1.7      1.7      1.7  52.3893  80.1348      1.7      1.7
  weight sum                   43      148       76       61       64       24        0        0
  precision                  10.2     10.2     10.2     10.2     10.2     10.2     10.2     10.2

RGB Color Histogram7
  mean                          0        0        0        0   28.112   2.3611        0        0
  std. dev.                2.3611   2.3611   2.3611   2.3611  58.4907   5.2796   2.3611   2.3611
  weight sum                   43      148       76       61       64       24        0        0
  precision               14.1667  14.1667  14.1667  14.1667  14.1667  14.1667  14.1667  14.1667

RGB Color Histogram8
  mean                          0        0        0        0        0        0        0        0
  std. dev.                0.0017   0.0017   0.0017   0.0017   0.0017   0.0017   0.0017   0.0017
  weight sum                   43      148       76       61       64       24        0        0
  precision                  0.01     0.01     0.01     0.01     0.01     0.01     0.01     0.01

RGB Color Histogram9
  mean                          0        0   0.0132   0.0328        0        0        0        0
  std. dev.                0.1667   0.1667   0.1667    0.254   0.1667   0.1667   0.1667   0.1667
  weight sum                   43      148       76       61       64       24        0        0
  precision                     1        1        1        1        1        1        1        1

RGB Color Histogram10
  mean                          0        0   0.0658    0.082   0.0625        0        0        0
  std. dev.                0.1667   0.1667   0.2963   0.3753   0.2421   0.1667   0.1667   0.1667
  weight sum                   43      148       76       61       64       24        0        0
  precision                     1        1        1        1        1        1        1        1

RGB Color Histogram11
  mean                          0        0        0        0  10.5469     2.25        0        0
  std. dev.                  2.25     2.25     2.25     2.25  27.9808   5.0312     2.25     2.25
  weight sum                   43      148       76       61       64       24        0        0
  precision                  13.5     13.5     13.5     13.5     13.5     13.5     13.5     13.5

RGB Color Histogram12
  mean                          0        0        0        0        0        0        0        0
  std. dev.                0.0017   0.0017   0.0017   0.0017   0.0017   0.0017   0.0017   0.0017
  weight sum                   43      148       76       61       64       24        0        0
  precision                  0.01     0.01     0.01     0.01     0.01     0.01     0.01     0.01

RGB Color Histogram13
  mean                          0        0        0        0        0        0        0        0
  std. dev.                0.0017   0.0017   0.0017   0.0017   0.0017   0.0017   0.0017   0.0017
  weight sum                   43      148       76       61       64       24        0        0
  precision                  0.01     0.01     0.01     0.01     0.01     0.01     0.01     0.01

RGB Color Histogram14
  mean                          0        0        0        0        0        0        0        0
  std. dev.                0.0017   0.0017   0.0017   0.0017   0.0017   0.0017   0.0017   0.0017
  weight sum                   43      148       76       61       64       24        0        0
  precision                  0.01     0.01     0.01     0.01     0.01     0.01     0.01     0.01

RGB Color Histogram15
  mean                          0        0   0.0592        0        0        0        0        0
  std. dev.                  0.25     0.25   0.3802     0.25     0.25     0.25     0.25     0.25
  weight sum                   43      148       76       61       64       24        0        0
  precision                   1.5      1.5      1.5      1.5      1.5      1.5      1.5      1.5

RGB Color Histogram16
  mean                   109.3798 147.6758  98.5453  59.5826  46.3368   9.0509        0        0
  std. dev.               79.8155  90.8153  72.6376  52.4823  66.9594   8.7079   0.2623   0.2623
  weight sum                   43      148       76       61       64       24        0        0
  precision                1.5741   1.5741   1.5741   1.5741   1.5741   1.5741   1.5741   1.5741

RGB Color Histogram17
  mean                    11.7735  12.7432   7.8341   5.6693  15.7649   3.2681        0        0
  std. dev.               10.5855  20.7972   6.9648  10.0917  26.0377   5.9048   0.5942   0.5942
  weight sum                   43      148       76       61       64       24        0        0
  precision                3.5652   3.5652   3.5652   3.5652   3.5652   3.5652   3.5652   3.5652

RGB Color Histogram18
  mean                          0        0        0        0    0.375        0        0        0
  std. dev.                     1        1        1        1   2.0879        1        1        1
  weight sum                   43      148       76       61       64       24        0        0
  precision                     6        6        6        6        6        6        6        6

RGB Color Histogram19
  mean                          0        0        0        0        0        0        0        0
  std. dev.                0.0017   0.0017   0.0017   0.0017   0.0017   0.0017   0.0017   0.0017
  weight sum                   43      148       76       61       64       24        0        0
  precision                  0.01     0.01     0.01     0.01     0.01     0.01     0.01     0.01

RGB Color Histogram20
  mean                    23.0575   6.9144   9.1687  14.7523  16.5494  41.6432        0        0
  std. dev.               50.0032  16.2097  25.2413  37.3273  15.3445  51.8654   0.6636   0.6636
  weight sum                   43      148       76       61       64       24        0        0
  precision                3.9818   3.9818   3.9818   3.9818   3.9818   3.9818   3.9818   3.9818

RGB Color Histogram21
  mean                   155.5121 143.9699  78.2547  68.8066  167.418 130.7337        0        0
  std. dev.               88.8345  87.1265  73.5489  79.6221  93.8259  73.6576    0.264    0.264
  weight sum                   43      148       76       61       64       24        0        0
  precision                1.5839   1.5839   1.5839   1.5839   1.5839   1.5839   1.5839   1.5839

RGB Color Histogram22
  mean                    14.2326  11.6849   9.0897  15.9613  12.3878  30.3295        0        0
  std. dev.               41.3046  26.5545  24.7564  36.2211  16.7979  39.9055   0.7727   0.7727
  weight sum                   43      148       76       61       64       24        0        0
  precision                4.6364   4.6364   4.6364   4.6364   4.6364   4.6364   4.6364   4.6364

RGB Color Histogram23
  mean                          0        0        0        0   3.8958        0        0        0
  std. dev.                1.2222   1.2222   1.2222   1.2222   9.7846   1.2222   1.2222   1.2222
  weight sum                   43      148       76       61       64       24        0        0
  precision                7.3333   7.3333   7.3333   7.3333   7.3333   7.3333   7.3333   7.3333

RGB Color Histogram24
  mean                          0        0        0   0.1265        0   5.1429        0        0
  std. dev.                0.6429   0.6429   0.6429   0.9796   0.6429   7.9257   0.6429   0.6429
  weight sum                   43      148       76       61       64       24        0        0
  precision                3.8571   3.8571   3.8571   3.8571   3.8571   3.8571   3.8571   3.8571

RGB Color Histogram25
  mean                          0    0.038   0.7393   0.7369   8.7798  32.7778        0        0
  std. dev.                0.9365   0.9365   2.6327   2.3808  14.7291  32.5899   0.9365   0.9365
  weight sum                   43      148       76       61       64       24        0        0
  precision                 5.619    5.619    5.619    5.619    5.619    5.619    5.619    5.619

RGB Color Histogram26
  mean                     0.2978   0.1153  22.2939  14.7626    6.135  46.7686        0        0
  std. dev.                1.4245   0.7113  33.7872  28.6929  13.8474   74.672   0.7113   0.7113
  weight sum                   43      148       76       61       64       24        0        0
  precision                4.2679   4.2679   4.2679   4.2679   4.2679   4.2679   4.2679   4.2679

RGB Color Histogram27
  mean                          0        0        0   0.4292   8.3864   1.6364        0        0
  std. dev.                2.1818   2.1818   2.1818   2.3312  27.7089   4.3294   2.1818   2.1818
  weight sum                   43      148       76       61       64       24        0        0
  precision               13.0909  13.0909  13.0909  13.0909  13.0909  13.0909  13.0909  13.0909

RGB Color Histogram28
  mean                          0        0        0        0        0        0        0        0
  std. dev.                0.0017   0.0017   0.0017   0.0017   0.0017   0.0017   0.0017   0.0017
  weight sum                   43      148       76       61       64       24        0        0
  precision                  0.01     0.01     0.01     0.01     0.01     0.01     0.01     0.01

RGB Color Histogram29
  mean                          0        0        0        0        0        0        0        0
  std. dev.                0.0017   0.0017   0.0017   0.0017   0.0017   0.0017   0.0017   0.0017
  weight sum                   43      148       76       61       64       24        0        0
  precision                  0.01     0.01     0.01     0.01     0.01     0.01     0.01     0.01

RGB Color Histogram30
  mean                          0        0        0   0.1311        0        0        0        0
  std. dev.                0.1667   0.1667   0.1667   0.4951   0.1667   0.1667   0.1667   0.1667
  weight sum                   43      148       76       61       64       24        0        0
  precision                     1        1        1        1        1        1        1        1

RGB Color Histogram31
  mean                          0        0   0.6118   0.4672        0        0        0        0
  std. dev.                  0.25     0.25   1.9494   2.1133     0.25     0.25     0.25     0.25
  weight sum                   43      148       76       61       64       24        0        0
  precision                   1.5      1.5      1.5      1.5      1.5      1.5      1.5      1.5

RGB Color Histogram32
  mean                     31.542  25.9195  14.4422  21.6892  15.0713    0.308        0        0
  std. dev.               64.9189    63.71  31.4284  44.4158  23.9889   1.0214   0.6159   0.6159
  weight sum                   43      148       76       61       64       24        0        0
  precision                3.6957   3.6957   3.6957   3.6957   3.6957   3.6957   3.6957   3.6957

RGB Color Histogram33
  mean                     0.4925   0.8347   1.5789   1.2729   2.4816   0.2941        0        0
  std. dev.                 1.223   2.6066   6.9981   4.6977   5.5693   0.9755   0.5882   0.5882
  weight sum                   43      148       76       61       64       24        0        0
  precision                3.5294   3.5294   3.5294   3.5294   3.5294   3.5294   3.5294   3.5294

RGB Color Histogram34
  mean                          0        0        0        0        0        0        0        0
  std. dev.                0.0017   0.0017   0.0017   0.0017   0.0017   0.0017   0.0017   0.0017
  weight sum                   43      148       76       61       64       24        0        0
  precision                  0.01     0.01     0.01     0.01     0.01     0.01     0.01     0.01

RGB Color Histogram35
  mean                          0        0        0        0        0        0        0        0
  std. dev.                0.0017   0.0017   0.0017   0.0017   0.0017   0.0017   0.0017   0.0017
  weight sum                   43      148       76       61       64       24        0        0
  precision                  0.01     0.01     0.01     0.01     0.01     0.01     0.01     0.01

RGB Color Histogram36
  mean                    14.2534  11.5772  19.8373  16.7213  14.3997   1.4912        0        0
  std. dev.               29.4587  35.3176  62.2111  43.2141  21.7082   3.3345   0.7456   0.7456
  weight sum                   43      148       76       61       64       24        0        0
  precision                4.4737   4.4737   4.4737   4.4737   4.4737   4.4737   4.4737   4.4737

RGB Color Histogram37
  mean                    42.6977  33.8086  16.5899   21.459  44.9349  10.8611        0        0
  std. dev.               63.7383  60.1976  15.1098  30.8012  58.7188  16.3923   0.4722   0.4722
  weight sum                   43      148       76       61       64       24        0        0
  precision                2.8333   2.8333   2.8333   2.8333   2.8333   2.8333   2.8333   2.8333

RGB Color Histogram38
  mean                     11.498  11.0377   7.4185   3.6497   6.4151   1.2047        0        0
  std. dev.               11.9373  18.6321   7.0874   6.1923  14.4427   2.1951   0.4819   0.4819
  weight sum                   43      148       76       61       64       24        0        0
  precision                2.8913   2.8913   2.8913   2.8913   2.8913   2.8913   2.8913   2.8913

RGB Color Histogram39
  mean                          0        0        0        0   0.5906        0        0        0
  std. dev.                0.2333   0.2333   0.2333   0.2333   1.6566   0.2333   0.2333   0.2333
  weight sum                   43      148       76       61       64       24        0        0
  precision                   1.4      1.4      1.4      1.4      1.4      1.4      1.4      1.4

RGB Color Histogram40
  mean                          0        0   0.3651   1.7691        0   3.8542        0        0
  std. dev.                0.5139   0.5139    2.828   5.9469   0.5139   6.1827   0.5139   0.5139
  weight sum                   43      148       76       61       64       24        0        0
  precision                3.0833   3.0833   3.0833   3.0833   3.0833   3.0833   3.0833   3.0833

RGB Color Histogram41
  mean                      0.759   1.0586   1.8037   6.2067  21.4193  52.4942        0        0
  std. dev.                4.0337   4.9792   8.0367  20.5893  29.9911  66.3696    1.088    1.088
  weight sum                   43      148       76       61       64       24        0        0
  precision                6.5278   6.5278   6.5278   6.5278   6.5278   6.5278   6.5278   6.5278

RGB Color Histogram42
  mean                    36.8205  30.1263 100.5828   76.057  88.9943 119.2537        0        0
  std. dev.               42.1461  46.7064  85.1974  79.3461  83.6406  89.8504   0.3172   0.3172
  weight sum                   43      148       76       61       64       24        0        0
  precision                 1.903    1.903    1.903    1.903    1.903    1.903    1.903    1.903

RGB Color Histogram43
  mean                     2.5089   5.7322  12.2596  12.4606  29.3465  18.5938        0        0
  std. dev.                3.8674  15.6781  25.9548  26.5134  66.2501  29.9288   0.8173   0.8173
  weight sum                   43      148       76       61       64       24        0        0
  precision                4.9038   4.9038   4.9038   4.9038   4.9038   4.9038   4.9038   4.9038

RGB Color Histogram44
  mean                          0        0        0   0.0656        0        0        0        0
  std. dev.                0.6667   0.6667   0.6667   0.6667   0.6667   0.6667   0.6667   0.6667
  weight sum                   43      148       76       61       64       24        0        0
  precision                     4        4        4        4        4        4        4        4

RGB Color Histogram45
  mean                          0        0        0   0.0721        0      3.3        0        0
  std. dev.                0.7333   0.7333   0.7333   0.7333   0.7333    6.751   0.7333   0.7333
  weight sum                   43      148       76       61       64       24        0        0
  precision                   4.4      4.4      4.4      4.4      4.4      4.4      4.4      4.4

RGB Color Histogram46
  mean                          0        0   0.2551   2.1185   0.5553   9.0192        0        0
  std. dev.                0.5385   0.5385   1.0167   7.3739   1.2189   8.3407   0.5385   0.5385
  weight sum                   43      148       76       61       64       24        0        0
  precision                3.2308   3.2308   3.2308   3.2308   3.2308   3.2308   3.2308   3.2308

RGB Color Histogram47
  mean                          0   0.0355   12.227  11.5328  16.4063   7.6563        0        0
  std. dev.                 0.875    0.875  32.0975  24.9676  32.9108   6.6025    0.875    0.875
  weight sum                   43      148       76       61       64       24        0        0
  precision                  5.25     5.25     5.25     5.25     5.25     5.25     5.25     5.25

RGB Color Histogram48
  mean                          0   1.8575   1.2581   4.3107   8.0305        0        0        0
  std. dev.                1.9921  20.5952   6.8768   16.487  15.6775   1.9921   1.9921   1.9921
  weight sum                   43      148       76       61       64       24        0        0
  precision               11.9524  11.9524  11.9524  11.9524  11.9524  11.9524  11.9524  11.9524

RGB Color Histogram49
  mean                          0        0   1.0658    0.166   2.2148        0        0        0
  std. dev.                1.6875   1.6875     9.23   1.6875   4.1857   1.6875   1.6875   1.6875
  weight sum                   43      148       76       61       64       24        0        0
  precision                10.125   10.125   10.125   10.125   10.125   10.125   10.125   10.125

RGB Color Histogram50
  mean                          0        0        0        0        0        0        0        0
  std. dev.                0.0017   0.0017   0.0017   0.0017   0.0017   0.0017   0.0017   0.0017
  weight sum                   43      148       76       61       64       24        0        0
  precision                  0.01     0.01     0.01     0.01     0.01     0.01     0.01     0.01

RGB Color Histogram51
  mean                          0        0        0        0        0        0        0        0
  std. dev.                0.0017   0.0017   0.0017   0.0017   0.0017   0.0017   0.0017   0.0017
  weight sum                   43      148       76       61       64       24        0        0
  precision                  0.01     0.01     0.01     0.01     0.01     0.01     0.01     0.01

RGB Color Histogram52
  mean                          0   8.3498        0   2.7333    7.509        0        0        0
  std. dev.                1.6346  38.6022   1.6346   10.526  12.8278   1.6346   1.6346   1.6346
  weight sum                   43      148       76       61       64       24        0        0
  precision                9.8077   9.8077   9.8077   9.8077   9.8077   9.8077   9.8077   9.8077

RGB Color Histogram53
  mean                     0.6977  10.7432   0.6908    2.582  19.6875        0        0        0
  std. dev.                4.5214  42.8468   3.2596  10.2426  37.6287     1.25     1.25     1.25
  weight sum                   43      148       76       61       64       24        0        0
  precision                   7.5      7.5      7.5      7.5      7.5      7.5      7.5      7.5

RGB Color Histogram54
  mean                          0   0.0311   0.4842   0.1508   2.6594        0        0        0
  std. dev.                0.7667   0.7667   1.5968   0.8192   8.8634   0.7667   0.7667   0.7667
  weight sum                   43      148       76       61       64       24        0        0
  precision                   4.6      4.6      4.6      4.6      4.6      4.6      4.6      4.6

RGB Color Histogram55
  mean                          0        0        0        0   0.0781        0        0        0
  std. dev.                0.1667   0.1667   0.1667   0.1667   0.3668   0.1667   0.1667   0.1667
  weight sum                   43      148       76       61       64       24        0        0
  precision                     1        1        1        1        1        1        1        1

RGB Color Histogram56
  mean                          0        0        0  16.1988        0        0        0        0
  std. dev.                5.3125   5.3125   5.3125  56.7336   5.3125   5.3125   5.3125   5.3125
  weight sum                   43      148       76       61       64       24        0        0
  precision                31.875   31.875   31.875   31.875   31.875   31.875   31.875   31.875

RGB Color Histogram57
  mean                     3.4651   0.6152   0.5446   3.3925   3.1042   0.6898        0        0
  std. dev.               22.4565   3.4817   3.8769  13.4379  11.4756   2.2879   1.3796   1.3796
  weight sum                   43      148       76       61       64       24        0        0
  precision                8.2778   8.2778   8.2778   8.2778   8.2778   8.2778   8.2778   8.2778

RGB Color Histogram58
  mean                       6.71   8.4777   6.8266    9.243  17.8676   9.8162        0        0
  std. dev.               10.8219  22.0354  13.5741  21.5987  33.3552  11.3206   0.4412   0.4412
  weight sum                   43      148       76       61       64       24        0        0
  precision                2.6471   2.6471   2.6471   2.6471   2.6471   2.6471   2.6471   2.6471

RGB Color Histogram59
  mean                     5.3378   6.8681   3.2974   2.5725   2.1591   0.5855        0        0
  std. dev.                9.2219  15.1778   4.9564   5.5246   7.3051   1.0142   0.3904   0.3904
  weight sum                   43      148       76       61       64       24        0        0
  precision                2.3421   2.3421   2.3421   2.3421   2.3421   2.3421   2.3421   2.3421

RGB Color Histogram60
  mean                          0        0        0    1.623        0        0        0        0
  std. dev.                   5.5      5.5      5.5  12.5713      5.5      5.5      5.5      5.5
  weight sum                   43      148       76       61       64       24        0        0
  precision                    33       33       33       33       33       33       33       33

RGB Color Histogram61
  mean                          0        0        0   0.4189        0    5.963        0        0
  std. dev.                0.8519   0.8519   0.8519    1.918   0.8519  12.8344   0.8519   0.8519
  weight sum                   43      148       76       61       64       24        0        0
  precision                5.1111   5.1111   5.1111   5.1111   5.1111   5.1111   5.1111   5.1111

RGB Color Histogram62
  mean                     1.0047   0.7297   0.7105   3.3639   3.5438    29.25        0        0
  std. dev.                3.5431   4.3331   3.9509  17.3585   6.4897  22.1508      0.9      0.9
  weight sum                   43      148       76       61       64       24        0        0
  precision                   5.4      5.4      5.4      5.4      5.4      5.4      5.4      5.4

RGB Color Histogram63
  mean                    51.2542  59.7964  34.2716  65.2056  83.0315  48.3817        0        0
  std. dev.               75.8984  91.2402  57.1945  91.7695  90.6086  50.1119   0.3795   0.3795
  weight sum                   43      148       76       61       64       24        0        0
  precision                2.2768   2.2768   2.2768   2.2768   2.2768   2.2768   2.2768   2.2768



Time taken to build model: 0.17 seconds

Time taken to test model on training data: 0.06 seconds

=== Error on training data ===

Correctly Classified Instances         241               57.9327 %
Incorrectly Classified Instances       175               42.0673 %
Kappa statistic                          0.4974
Mean absolute error                      0.1025
Root mean squared error                  0.3046
Relative absolute error                 52.392  %
Root relative squared error             97.506  %
Total Number of Instances              416     


=== Detailed Accuracy By Class ===

                 TP Rate  FP Rate  Precision  Recall   F-Measure  MCC      ROC Area  PRC Area  Class
                 0.930    0.327    0.247      0.930    0.390      0.377    0.852     0.437     K1
                 0.324    0.041    0.814      0.324    0.464      0.389    0.917     0.829     K2
                 0.724    0.103    0.611      0.724    0.663      0.583    0.905     0.711     K3
                 0.230    0.011    0.778      0.230    0.354      0.379    0.904     0.649     K4
                 0.938    0.006    0.968      0.938    0.952      0.944    0.996     0.984     K5
                 1.000    0.003    0.960      1.000    0.980      0.979    1.000     1.000     K6
                 ?        0.000    ?          ?        ?          ?        ?         ?         K7
                 ?        0.000    ?          ?        ?          ?        ?         ?         K8
Weighted Avg.    0.579    0.070    0.745      0.579    0.581      0.541    0.923     0.774     


=== Confusion Matrix ===

  a  b  c  d  e  f  g  h   <-- classified as
 40  3  0  0  0  0  0  0 |  a = K1
 96 48  2  0  2  0  0  0 |  b = K2
 14  3 55  4  0  0  0  0 |  c = K3
 12  5 29 14  0  1  0  0 |  d = K4
  0  0  4  0 60  0  0  0 |  e = K5
  0  0  0  0  0 24  0  0 |  f = K6
  0  0  0  0  0  0  0  0 |  g = K7
  0  0  0  0  0  0  0  0 |  h = K8

Time taken to perform cross-validation: 0.07 seconds


=== Stratified cross-validation ===

Correctly Classified Instances         214               51.4423 %
Incorrectly Classified Instances       202               48.5577 %
Kappa statistic                          0.4205
Mean absolute error                      0.118 
Root mean squared error                  0.3284
Relative absolute error                 60.2911 %
Root relative squared error            105.0861 %
Total Number of Instances              416     


=== Detailed Accuracy By Class ===

                 TP Rate  FP Rate  Precision  Recall   F-Measure  MCC      ROC Area  PRC Area  Class
                 0.767    0.332    0.210      0.767    0.330      0.273    0.768     0.254     K1
                 0.284    0.056    0.737      0.284    0.410      0.317    0.877     0.757     K2
                 0.618    0.118    0.540      0.618    0.577      0.476    0.831     0.530     K3
                 0.164    0.039    0.417      0.164    0.235      0.189    0.815     0.418     K4
                 0.906    0.020    0.892      0.906    0.899      0.881    0.984     0.894     K5
                 1.000    0.005    0.923      1.000    0.960      0.958    1.000     1.000     K6
                 ?        0.000    ?          ?        ?          ?        ?         ?         K7
                 ?        0.000    ?          ?        ?          ?        ?         ?         K8
Weighted Avg.    0.514    0.085    0.634      0.514    0.513      0.446    0.872     0.649     


=== Confusion Matrix ===

  a  b  c  d  e  f  g  h   <-- classified as
 33  6  1  2  1  0  0  0 |  a = K1
 96 42  4  2  4  0  0  0 |  b = K2
 15  3 47 10  1  0  0  0 |  c = K3
 13  4 31 10  1  2  0  0 |  d = K4
  0  2  4  0 58  0  0  0 |  e = K5
  0  0  0  0  0 24  0  0 |  f = K6
  0  0  0  0  0  0  0  0 |  g = K7
  0  0  0  0  0  0  0  0 |  h = K8

