
=== Classifier model (full training set) ===

Naive Bayes Classifier

                           Class
Attribute                     K1       K2       K3       K4       K5       K6       K7       K8
                           (0.1)   (0.35)   (0.18)   (0.15)   (0.15)   (0.06)      (0)      (0)
================================================================================================
RGB Color Histogram0
  mean                   123.1628 123.9189 187.0395 184.8033  27.2813  109.375        0        0
  std. dev.              108.9651 104.8954  59.4872  58.7099  64.6869 110.0598   0.0017   0.0017
  weight sum                   43      148       76       61       64       24        0        0
  precision                  0.01     0.01     0.01     0.01     0.01     0.01     0.01     0.01

RGB Color Histogram1
  mean                     4.0233   5.4527   3.6711   6.5902  25.7813  20.7083        0        0
  std. dev.                7.7053  10.7209   5.3763  11.0459  54.7961  34.5308   0.0017   0.0017
  weight sum                   43      148       76       61       64       24        0        0
  precision                  0.01     0.01     0.01     0.01     0.01     0.01     0.01     0.01

RGB Color Histogram2
  mean                          0        0        0        0   2.8438  17.0833        0        0
  std. dev.                0.0017   0.0017   0.0017   0.0017  10.0347  39.3742   0.0017   0.0017
  weight sum                   43      148       76       61       64       24        0        0
  precision                  0.01     0.01     0.01     0.01     0.01     0.01     0.01     0.01

RGB Color Histogram3
  mean                          0        0        0        0        0        0        0        0
  std. dev.                0.0017   0.0017   0.0017   0.0017   0.0017   0.0017   0.0017   0.0017
  weight sum                   43      148       76       61       64       24        0        0
  precision                  0.01     0.01     0.01     0.01     0.01     0.01     0.01     0.01

RGB Color Histogram4
  mean                      2.814   0.0541     0.25   0.4426     2.75  17.1667        0        0
  std. dev.               10.5461   0.3243   0.6309    1.397    5.534  20.9079   0.0017   0.0017
  weight sum                   43      148       76       61       64       24        0        0
  precision                  0.01     0.01     0.01     0.01     0.01     0.01     0.01     0.01

RGB Color Histogram5
  mean                     2.6047   1.2973   5.3289   4.9836  10.5625   64.875        0        0
  std. dev.                7.6162   4.7937   5.5307   7.5324  32.3776  48.1173   0.0017   0.0017
  weight sum                   43      148       76       61       64       24        0        0
  precision                  0.01     0.01     0.01     0.01     0.01     0.01     0.01     0.01

RGB Color Histogram6
  mean                     0.0698        0        0   0.0328  23.7031 160.1667        0        0
  std. dev.                0.4521   0.0017   0.0017    0.254  28.3613  77.0588   0.0017   0.0017
  weight sum                   43      148       76       61       64       24        0        0
  precision                  0.01     0.01     0.01     0.01     0.01     0.01     0.01     0.01

RGB Color Histogram7
  mean                          0        0        0        0   8.9688        0        0        0
  std. dev.                0.0017   0.0017   0.0017   0.0017    25.02   0.0017   0.0017   0.0017
  weight sum                   43      148       76       61       64       24        0        0
  precision                  0.01     0.01     0.01     0.01     0.01     0.01     0.01     0.01

RGB Color Histogram8
  mean                          0        0        0        0        0        0        0        0
  std. dev.                0.0017   0.0017   0.0017   0.0017   0.0017   0.0017   0.0017   0.0017
  weight sum                   43      148       76       61       64       24        0        0
  precision                  0.01     0.01     0.01     0.01     0.01     0.01     0.01     0.01

RGB Color Histogram9
  mean                          0        0   0.0132        0        0        0        0        0
  std. dev.                0.0017   0.0017    0.114   0.0017   0.0017   0.0017   0.0017   0.0017
  weight sum                   43      148       76       61       64       24        0        0
  precision                  0.01     0.01     0.01     0.01     0.01     0.01     0.01     0.01

RGB Color Histogram10
  mean                          0        0        0        0        0        0        0        0
  std. dev.                0.0017   0.0017   0.0017   0.0017   0.0017   0.0017   0.0017   0.0017
  weight sum                   43      148       76       61       64       24        0        0
  precision                  0.01     0.01     0.01     0.01     0.01     0.01     0.01     0.01

RGB Color Histogram11
  mean                          0        0        0        0   0.5313        0        0        0
  std. dev.                0.0017   0.0017   0.0017   0.0017    2.345   0.0017   0.0017   0.0017
  weight sum                   43      148       76       61       64       24        0        0
  precision                  0.01     0.01     0.01     0.01     0.01     0.01     0.01     0.01

RGB Color Histogram12
  mean                          0        0        0        0        0        0        0        0
  std. dev.                0.0017   0.0017   0.0017   0.0017   0.0017   0.0017   0.0017   0.0017
  weight sum                   43      148       76       61       64       24        0        0
  precision                  0.01     0.01     0.01     0.01     0.01     0.01     0.01     0.01

RGB Color Histogram13
  mean                          0        0        0        0        0        0        0        0
  std. dev.                0.0017   0.0017   0.0017   0.0017   0.0017   0.0017   0.0017   0.0017
  weight sum                   43      148       76       61       64       24        0        0
  precision                  0.01     0.01     0.01     0.01     0.01     0.01     0.01     0.01

RGB Color Histogram14
  mean                          0        0        0        0        0        0        0        0
  std. dev.                0.0017   0.0017   0.0017   0.0017   0.0017   0.0017   0.0017   0.0017
  weight sum                   43      148       76       61       64       24        0        0
  precision                  0.01     0.01     0.01     0.01     0.01     0.01     0.01     0.01

RGB Color Histogram15
  mean                          0        0        0        0        0        0        0        0
  std. dev.                0.0017   0.0017   0.0017   0.0017   0.0017   0.0017   0.0017   0.0017
  weight sum                   43      148       76       61       64       24        0        0
  precision                  0.01     0.01     0.01     0.01     0.01     0.01     0.01     0.01

RGB Color Histogram16
  mean                    90.5581 139.0878  99.4211   60.918   12.625   2.3333        0        0
  std. dev.               76.1358  94.1632  85.1392  64.1656  33.3052   4.1096   0.0017   0.0017
  weight sum                   43      148       76       61       64       24        0        0
  precision                  0.01     0.01     0.01     0.01     0.01     0.01     0.01     0.01

RGB Color Histogram17
  mean                     9.4186  13.2703  24.1974  14.6557  28.8438   1.4167        0        0
  std. dev.                9.6526  19.4858  25.7207  25.4255  51.4308   4.1324   0.0017   0.0017
  weight sum                   43      148       76       61       64       24        0        0
  precision                  0.01     0.01     0.01     0.01     0.01     0.01     0.01     0.01

RGB Color Histogram18
  mean                          0        0        0        0   0.3125        0        0        0
  std. dev.                0.0017   0.0017   0.0017   0.0017   1.7399   0.0017   0.0017   0.0017
  weight sum                   43      148       76       61       64       24        0        0
  precision                  0.01     0.01     0.01     0.01     0.01     0.01     0.01     0.01

RGB Color Histogram19
  mean                          0        0        0        0        0        0        0        0
  std. dev.                0.0017   0.0017   0.0017   0.0017   0.0017   0.0017   0.0017   0.0017
  weight sum                   43      148       76       61       64       24        0        0
  precision                  0.01     0.01     0.01     0.01     0.01     0.01     0.01     0.01

RGB Color Histogram20
  mean                    24.7209   7.4054  16.5395   21.918   5.4375      9.5        0        0
  std. dev.                58.035  17.9013  48.4593  46.5175    9.199   8.3566   0.0017   0.0017
  weight sum                   43      148       76       61       64       24        0        0
  precision                  0.01     0.01     0.01     0.01     0.01     0.01     0.01     0.01

RGB Color Histogram21
  mean                    171.093 157.4527 189.3553 162.7541 208.2969 183.3333        0        0
  std. dev.               87.0786  87.2616  80.7272  87.3286  83.1201  73.7692   0.0017   0.0017
  weight sum                   43      148       76       61       64       24        0        0
  precision                  0.01     0.01     0.01     0.01     0.01     0.01     0.01     0.01

RGB Color Histogram22
  mean                    13.6047  10.1892     13.5  30.3443  30.6406  77.6667        0        0
  std. dev.               42.7182  24.3969  30.0182  57.3579  38.5905  69.7147   0.0017   0.0017
  weight sum                   43      148       76       61       64       24        0        0
  precision                  0.01     0.01     0.01     0.01     0.01     0.01     0.01     0.01

RGB Color Histogram23
  mean                          0   0.0068        0        0   5.1719        0        0        0
  std. dev.                0.0017   0.0819   0.0017   0.0017  16.2284   0.0017   0.0017   0.0017
  weight sum                   43      148       76       61       64       24        0        0
  precision                  0.01     0.01     0.01     0.01     0.01     0.01     0.01     0.01

RGB Color Histogram24
  mean                          0        0        0        0        0   0.0833        0        0
  std. dev.                0.0017   0.0017   0.0017   0.0017   0.0017   0.2764   0.0017   0.0017
  weight sum                   43      148       76       61       64       24        0        0
  precision                  0.01     0.01     0.01     0.01     0.01     0.01     0.01     0.01

RGB Color Histogram25
  mean                          0        0   0.3816   0.5082   3.1875  45.6667        0        0
  std. dev.                0.0017   0.0017   1.5301      1.5   6.5428  44.8717   0.0017   0.0017
  weight sum                   43      148       76       61       64       24        0        0
  precision                  0.01     0.01     0.01     0.01     0.01     0.01     0.01     0.01

RGB Color Histogram26
  mean                     0.1163   0.1081  20.0789  17.6393   3.6563  43.2083        0        0
  std. dev.                0.7536    0.467  39.1884   39.501     6.94  32.4487   0.0017   0.0017
  weight sum                   43      148       76       61       64       24        0        0
  precision                  0.01     0.01     0.01     0.01     0.01     0.01     0.01     0.01

RGB Color Histogram27
  mean                          0   0.0135   0.0132    0.623      8.5        0        0        0
  std. dev.                0.0017   0.1638    0.114   4.8254  28.5712   0.0017   0.0017   0.0017
  weight sum                   43      148       76       61       64       24        0        0
  precision                  0.01     0.01     0.01     0.01     0.01     0.01     0.01     0.01

RGB Color Histogram28
  mean                          0        0        0        0        0        0        0        0
  std. dev.                0.0017   0.0017   0.0017   0.0017   0.0017   0.0017   0.0017   0.0017
  weight sum                   43      148       76       61       64       24        0        0
  precision                  0.01     0.01     0.01     0.01     0.01     0.01     0.01     0.01

RGB Color Histogram29
  mean                          0        0        0        0        0        0        0        0
  std. dev.                0.0017   0.0017   0.0017   0.0017   0.0017   0.0017   0.0017   0.0017
  weight sum                   43      148       76       61       64       24        0        0
  precision                  0.01     0.01     0.01     0.01     0.01     0.01     0.01     0.01

RGB Color Histogram30
  mean                          0        0   0.0132        0        0        0        0        0
  std. dev.                0.0017   0.0017    0.114   0.0017   0.0017   0.0017   0.0017   0.0017
  weight sum                   43      148       76       61       64       24        0        0
  precision                  0.01     0.01     0.01     0.01     0.01     0.01     0.01     0.01

RGB Color Histogram31
  mean                          0        0   0.0263        0        0        0        0        0
  std. dev.                0.0017   0.0017   0.2279   0.0017   0.0017   0.0017   0.0017   0.0017
  weight sum                   43      148       76       61       64       24        0        0
  precision                  0.01     0.01     0.01     0.01     0.01     0.01     0.01     0.01

RGB Color Histogram32
  mean                    24.3256  19.7635  11.8026  19.5246    0.125        0        0        0
  std. dev.               58.8797   56.587  39.3272  48.3839    0.696   0.0017   0.0017   0.0017
  weight sum                   43      148       76       61       64       24        0        0
  precision                  0.01     0.01     0.01     0.01     0.01     0.01     0.01     0.01

RGB Color Histogram33
  mean                     0.1395   0.3311   3.2368   1.7869   1.5938        0        0        0
  std. dev.                0.5095   1.5742  10.3921   4.9922   8.6958   0.0017   0.0017   0.0017
  weight sum                   43      148       76       61       64       24        0        0
  precision                  0.01     0.01     0.01     0.01     0.01     0.01     0.01     0.01

RGB Color Histogram34
  mean                          0        0        0        0        0        0        0        0
  std. dev.                0.0017   0.0017   0.0017   0.0017   0.0017   0.0017   0.0017   0.0017
  weight sum                   43      148       76       61       64       24        0        0
  precision                  0.01     0.01     0.01     0.01     0.01     0.01     0.01     0.01

RGB Color Histogram35
  mean                          0        0        0        0        0        0        0        0
  std. dev.                0.0017   0.0017   0.0017   0.0017   0.0017   0.0017   0.0017   0.0017
  weight sum                   43      148       76       61       64       24        0        0
  precision                  0.01     0.01     0.01     0.01     0.01     0.01     0.01     0.01

RGB Color Histogram36
  mean                    11.5349  12.1689  17.9342  23.0328        0        0        0        0
  std. dev.               23.5711  37.9257   63.251   64.905   0.0017   0.0017   0.0017   0.0017
  weight sum                   43      148       76       61       64       24        0        0
  precision                  0.01     0.01     0.01     0.01     0.01     0.01     0.01     0.01

RGB Color Histogram37
  mean                    58.4419  45.4662  26.5789  39.8197  57.4219   7.2083        0        0
  std. dev.               71.0965  72.4578  45.3493  57.2508   58.668  12.6194   0.0017   0.0017
  weight sum                   43      148       76       61       64       24        0        0
  precision                  0.01     0.01     0.01     0.01     0.01     0.01     0.01     0.01

RGB Color Histogram38
  mean                    14.0465  12.1757  11.6316   5.0492  20.1875     0.25        0        0
  std. dev.               13.8848  19.7315  19.1537  11.8563   54.188   0.8292   0.0017   0.0017
  weight sum                   43      148       76       61       64       24        0        0
  precision                  0.01     0.01     0.01     0.01     0.01     0.01     0.01     0.01

RGB Color Histogram39
  mean                          0        0        0        0        0        0        0        0
  std. dev.                0.0017   0.0017   0.0017   0.0017   0.0017   0.0017   0.0017   0.0017
  weight sum                   43      148       76       61       64       24        0        0
  precision                  0.01     0.01     0.01     0.01     0.01     0.01     0.01     0.01

RGB Color Histogram40
  mean                          0        0        0   1.8361        0        0        0        0
  std. dev.                0.0017   0.0017   0.0017   7.6075   0.0017   0.0017   0.0017   0.0017
  weight sum                   43      148       76       61       64       24        0        0
  precision                  0.01     0.01     0.01     0.01     0.01     0.01     0.01     0.01

RGB Color Histogram41
  mean                     0.5349   1.7297   0.6579   3.2787  20.3594  51.0833        0        0
  std. dev.                1.9211   8.8978   3.5115   7.6397  46.0694  70.7436   0.0017   0.0017
  weight sum                   43      148       76       61       64       24        0        0
  precision                  0.01     0.01     0.01     0.01     0.01     0.01     0.01     0.01

RGB Color Histogram42
  mean                    32.2558  32.3514  78.7105  86.3934 105.2188      102        0        0
  std. dev.               45.5474  53.4036 102.8191 104.1867   85.822  89.4283   0.0017   0.0017
  weight sum                   43      148       76       61       64       24        0        0
  precision                  0.01     0.01     0.01     0.01     0.01     0.01     0.01     0.01

RGB Color Histogram43
  mean                     1.5581   5.0541        6   8.5246  26.2031   1.8333        0        0
  std. dev.                 2.679  15.0763  26.6858  37.9843  66.1575   3.8909   0.0017   0.0017
  weight sum                   43      148       76       61       64       24        0        0
  precision                  0.01     0.01     0.01     0.01     0.01     0.01     0.01     0.01

RGB Color Histogram44
  mean                          0        0        0        0        0        0        0        0
  std. dev.                0.0017   0.0017   0.0017   0.0017   0.0017   0.0017   0.0017   0.0017
  weight sum                   43      148       76       61       64       24        0        0
  precision                  0.01     0.01     0.01     0.01     0.01     0.01     0.01     0.01

RGB Color Histogram45
  mean                          0        0        0        0        0     0.25        0        0
  std. dev.                0.0017   0.0017   0.0017   0.0017   0.0017   0.8292   0.0017   0.0017
  weight sum                   43      148       76       61       64       24        0        0
  precision                  0.01     0.01     0.01     0.01     0.01     0.01     0.01     0.01

RGB Color Histogram46
  mean                          0        0   0.1053   1.4426   0.0156   0.1667        0        0
  std. dev.                0.0017   0.0017   0.9116  10.4073    0.124   0.3727   0.0017   0.0017
  weight sum                   43      148       76       61       64       24        0        0
  precision                  0.01     0.01     0.01     0.01     0.01     0.01     0.01     0.01

RGB Color Histogram47
  mean                          0   0.0473   6.2763   3.4754   9.0938   0.6667        0        0
  std. dev.                0.0017   0.3737  34.6165   15.302  29.9216   1.3123   0.0017   0.0017
  weight sum                   43      148       76       61       64       24        0        0
  precision                  0.01     0.01     0.01     0.01     0.01     0.01     0.01     0.01

RGB Color Histogram48
  mean                          0      1.5     0.25   2.9508        0        0        0        0
  std. dev.                0.0017  18.0223   1.8505  15.6869   0.0017   0.0017   0.0017   0.0017
  weight sum                   43      148       76       61       64       24        0        0
  precision                  0.01     0.01     0.01     0.01     0.01     0.01     0.01     0.01

RGB Color Histogram49
  mean                          0        0   0.6447   0.0656        0        0        0        0
  std. dev.                0.0017   0.0017   4.9383   0.3562   0.0017   0.0017   0.0017   0.0017
  weight sum                   43      148       76       61       64       24        0        0
  precision                  0.01     0.01     0.01     0.01     0.01     0.01     0.01     0.01

RGB Color Histogram50
  mean                          0        0        0        0        0        0        0        0
  std. dev.                0.0017   0.0017   0.0017   0.0017   0.0017   0.0017   0.0017   0.0017
  weight sum                   43      148       76       61       64       24        0        0
  precision                  0.01     0.01     0.01     0.01     0.01     0.01     0.01     0.01

RGB Color Histogram51
  mean                          0        0        0        0        0        0        0        0
  std. dev.                0.0017   0.0017   0.0017   0.0017   0.0017   0.0017   0.0017   0.0017
  weight sum                   43      148       76       61       64       24        0        0
  precision                  0.01     0.01     0.01     0.01     0.01     0.01     0.01     0.01

RGB Color Histogram52
  mean                          0   8.3176        0    3.541        0        0        0        0
  std. dev.                0.0017   39.886   0.0017  13.6845   0.0017   0.0017   0.0017   0.0017
  weight sum                   43      148       76       61       64       24        0        0
  precision                  0.01     0.01     0.01     0.01     0.01     0.01     0.01     0.01

RGB Color Histogram53
  mean                     0.3488  11.8108   1.6316   3.7705   6.6406        0        0        0
  std. dev.                2.2607   44.204    8.657  16.6284  13.2504   0.0017   0.0017   0.0017
  weight sum                   43      148       76       61       64       24        0        0
  precision                  0.01     0.01     0.01     0.01     0.01     0.01     0.01     0.01

RGB Color Histogram54
  mean                          0   0.1081   0.1447   0.1803   0.3906        0        0        0
  std. dev.                0.0017   0.6166   0.9134   0.6897   1.3876   0.0017   0.0017   0.0017
  weight sum                   43      148       76       61       64       24        0        0
  precision                  0.01     0.01     0.01     0.01     0.01     0.01     0.01     0.01

RGB Color Histogram55
  mean                          0        0        0        0        0        0        0        0
  std. dev.                0.0017   0.0017   0.0017   0.0017   0.0017   0.0017   0.0017   0.0017
  weight sum                   43      148       76       61       64       24        0        0
  precision                  0.01     0.01     0.01     0.01     0.01     0.01     0.01     0.01

RGB Color Histogram56
  mean                          0        0        0  16.6066        0        0        0        0
  std. dev.                0.0017   0.0017   0.0017  62.6932   0.0017   0.0017   0.0017   0.0017
  weight sum                   43      148       76       61       64       24        0        0
  precision                  0.01     0.01     0.01     0.01     0.01     0.01     0.01     0.01

RGB Color Histogram57
  mean                     2.2093   1.1014   0.0395   0.0492        0        0        0        0
  std. dev.               13.5605   5.4398   0.3419   0.3809   0.0017   0.0017   0.0017   0.0017
  weight sum                   43      148       76       61       64       24        0        0
  precision                  0.01     0.01     0.01     0.01     0.01     0.01     0.01     0.01

RGB Color Histogram58
  mean                     8.0465  12.7365   4.1447   9.1475   9.3281   0.6667        0        0
  std. dev.               15.5847  31.4201  16.7369  28.8517  19.1467   1.5456   0.0017   0.0017
  weight sum                   43      148       76       61       64       24        0        0
  precision                  0.01     0.01     0.01     0.01     0.01     0.01     0.01     0.01

RGB Color Histogram59
  mean                     3.1628   8.5135   1.0789    0.541    0.125   0.0833        0        0
  std. dev.                8.4823  18.4462   4.8061   2.8548   0.5728   0.2764   0.0017   0.0017
  weight sum                   43      148       76       61       64       24        0        0
  precision                  0.01     0.01     0.01     0.01     0.01     0.01     0.01     0.01

RGB Color Histogram60
  mean                          0        0        0   0.0164        0        0        0        0
  std. dev.                0.0017   0.0017   0.0017    0.127   0.0017   0.0017   0.0017   0.0017
  weight sum                   43      148       76       61       64       24        0        0
  precision                  0.01     0.01     0.01     0.01     0.01     0.01     0.01     0.01

RGB Color Histogram61
  mean                          0        0        0        0        0        0        0        0
  std. dev.                0.0017   0.0017   0.0017   0.0017   0.0017   0.0017   0.0017   0.0017
  weight sum                   43      148       76       61       64       24        0        0
  precision                  0.01     0.01     0.01     0.01     0.01     0.01     0.01     0.01

RGB Color Histogram62
  mean                     1.6279   0.9527   0.6974   1.8689   0.9531   2.6667        0        0
  std. dev.                6.3796   5.2958    5.925  10.8906   2.8086   6.0873   0.0017   0.0017
  weight sum                   43      148       76       61       64       24        0        0
  precision                  0.01     0.01     0.01     0.01     0.01     0.01     0.01     0.01

RGB Color Histogram63
  mean                    37.2558  50.2297   4.9079  35.9508  28.9688   1.6667        0        0
  std. dev.               73.3425  83.1631  29.8805  86.6323  62.2723   3.7491   0.0017   0.0017
  weight sum                   43      148       76       61       64       24        0        0
  precision                  0.01     0.01     0.01     0.01     0.01     0.01     0.01     0.01



Time taken to build model: 0.16 seconds

Time taken to test model on training data: 0.07 seconds

=== Error on training data ===

Correctly Classified Instances         210               50.4808 %
Incorrectly Classified Instances       206               49.5192 %
Kappa statistic                          0.4178
Mean absolute error                      0.1235
Root mean squared error                  0.351 
Relative absolute error                 63.1445 %
Root relative squared error            112.344  %
Total Number of Instances              416     


=== Detailed Accuracy By Class ===

                 TP Rate  FP Rate  Precision  Recall   F-Measure  MCC      ROC Area  PRC Area  Class
                 1.000    0.421    0.215      1.000    0.354      0.353    0.858     0.331     K1
                 0.250    0.045    0.755      0.250    0.376      0.305    0.895     0.781     K2
                 0.461    0.065    0.614      0.461    0.526      0.445    0.836     0.592     K3
                 0.148    0.006    0.818      0.148    0.250      0.313    0.844     0.563     K4
                 0.969    0.011    0.939      0.969    0.954      0.945    0.999     0.997     K5
                 1.000    0.023    0.727      1.000    0.842      0.843    0.992     0.800     K6
                 ?        0.000    ?          ?        ?          ?        ?         ?         K7
                 ?        0.000    ?          ?        ?          ?        ?         ?         K8
Weighted Avg.    0.505    0.075    0.709      0.505    0.498      0.466    0.894     0.702     


=== Confusion Matrix ===

   a   b   c   d   e   f   g   h   <-- classified as
  43   0   0   0   0   0   0   0 |   a = K1
 109  37   2   0   0   0   0   0 |   b = K2
  29   5  35   2   1   4   0   0 |   c = K3
  19   5  20   9   3   5   0   0 |   d = K4
   0   2   0   0  62   0   0   0 |   e = K5
   0   0   0   0   0  24   0   0 |   f = K6
   0   0   0   0   0   0   0   0 |   g = K7
   0   0   0   0   0   0   0   0 |   h = K8

Time taken to perform cross-validation: 0.08 seconds


=== Stratified cross-validation ===

Correctly Classified Instances         213               51.2019 %
Incorrectly Classified Instances       203               48.7981 %
Kappa statistic                          0.4189
Mean absolute error                      0.1204
Root mean squared error                  0.3302
Relative absolute error                 61.4893 %
Root relative squared error            105.6693 %
Total Number of Instances              416     


=== Detailed Accuracy By Class ===

                 TP Rate  FP Rate  Precision  Recall   F-Measure  MCC      ROC Area  PRC Area  Class
                 0.698    0.365    0.181      0.698    0.287      0.207    0.722     0.252     K1
                 0.318    0.056    0.758      0.318    0.448      0.352    0.867     0.731     K2
                 0.487    0.065    0.627      0.487    0.548      0.468    0.792     0.491     K3
                 0.197    0.042    0.444      0.197    0.273      0.222    0.724     0.347     K4
                 0.984    0.023    0.887      0.984    0.933      0.922    0.996     0.959     K5
                 1.000    0.018    0.774      1.000    0.873      0.872    1.000     1.000     K6
                 ?        0.000    ?          ?        ?          ?        ?         ?         K7
                 ?        0.000    ?          ?        ?          ?        ?         ?         K8
Weighted Avg.    0.512    0.080    0.649      0.512    0.523      0.457    0.845     0.632     


=== Confusion Matrix ===

  a  b  c  d  e  f  g  h   <-- classified as
 30  6  2  5  0  0  0  0 |  a = K1
 94 47  3  2  2  0  0  0 |  b = K2
 24  3 37  7  2  3  0  0 |  c = K3
 18  6 17 12  4  4  0  0 |  d = K4
  0  0  0  1 63  0  0  0 |  e = K5
  0  0  0  0  0 24  0  0 |  f = K6
  0  0  0  0  0  0  0  0 |  g = K7
  0  0  0  0  0  0  0  0 |  h = K8

