
=== Classifier model (full training set) ===

Naive Bayes Classifier

                     Class
Attribute               K1      K2      K3      K4      K5      K6      K7      K8
                     (0.1)  (0.35)  (0.18)  (0.15)  (0.15)  (0.06)     (0)     (0)
===================================================================================
Gabor Features0
  mean               5.8906  5.5222  5.4129  6.7584  7.9398  7.1814       0       0
  std. dev.          2.8148  3.0532  1.6525  2.7748  2.1924  1.3001  0.0056  0.0056
  weight sum             43     148      76      61      64      24       0       0
  precision          0.0339  0.0339  0.0339  0.0339  0.0339  0.0339  0.0339  0.0339

Gabor Features1
  mean               0.0577   0.053  0.1112  0.1129  0.0726  0.0683       0       0
  std. dev.          0.0287  0.0293  0.0658  0.0741  0.0247   0.008  0.0002  0.0002
  weight sum             43     148      76      61      64      24       0       0
  precision          0.0012  0.0012  0.0012  0.0012  0.0012  0.0012  0.0012  0.0012

Gabor Features2
  mean               5.8926   5.524  5.4148  6.7607  7.9425  7.1838       0       0
  std. dev.          2.8158  3.0542   1.653  2.7757  2.1932  1.3005  0.0056  0.0056
  weight sum             43     148      76      61      64      24       0       0
  precision          0.0339  0.0339  0.0339  0.0339  0.0339  0.0339  0.0339  0.0339

Gabor Features3
  mean               0.0577   0.053  0.1112   0.113  0.0726  0.0684       0       0
  std. dev.          0.0287  0.0293  0.0658  0.0741  0.0247   0.008  0.0002  0.0002
  weight sum             43     148      76      61      64      24       0       0
  precision          0.0012  0.0012  0.0012  0.0012  0.0012  0.0012  0.0012  0.0012

Gabor Features4
  mean               5.8926   5.524  5.4148  6.7607  7.9425  7.1838       0       0
  std. dev.          2.8158  3.0542   1.653  2.7757  2.1932  1.3005  0.0056  0.0056
  weight sum             43     148      76      61      64      24       0       0
  precision          0.0339  0.0339  0.0339  0.0339  0.0339  0.0339  0.0339  0.0339

Gabor Features5
  mean               0.0577   0.053  0.1112   0.113  0.0726  0.0684       0       0
  std. dev.          0.0287  0.0293  0.0658  0.0741  0.0247   0.008  0.0002  0.0002
  weight sum             43     148      76      61      64      24       0       0
  precision          0.0012  0.0012  0.0012  0.0012  0.0012  0.0012  0.0012  0.0012

Gabor Features6
  mean               5.8906  5.5222  5.4129  6.7584  7.9398  7.1814       0       0
  std. dev.          2.8148  3.0532  1.6525  2.7748  2.1924  1.3001  0.0056  0.0056
  weight sum             43     148      76      61      64      24       0       0
  precision          0.0339  0.0339  0.0339  0.0339  0.0339  0.0339  0.0339  0.0339

Gabor Features7
  mean               0.0577   0.053  0.1112  0.1129  0.0726  0.0683       0       0
  std. dev.          0.0287  0.0293  0.0658  0.0741  0.0247   0.008  0.0002  0.0002
  weight sum             43     148      76      61      64      24       0       0
  precision          0.0012  0.0012  0.0012  0.0012  0.0012  0.0012  0.0012  0.0012

Gabor Features8
  mean               5.8926   5.524  5.4148  6.7607  7.9425  7.1838       0       0
  std. dev.          2.8158  3.0542   1.653  2.7757  2.1932  1.3005  0.0056  0.0056
  weight sum             43     148      76      61      64      24       0       0
  precision          0.0339  0.0339  0.0339  0.0339  0.0339  0.0339  0.0339  0.0339

Gabor Features9
  mean               0.0577   0.053  0.1112   0.113  0.0726  0.0684       0       0
  std. dev.          0.0287  0.0293  0.0658  0.0741  0.0247   0.008  0.0002  0.0002
  weight sum             43     148      76      61      64      24       0       0
  precision          0.0012  0.0012  0.0012  0.0012  0.0012  0.0012  0.0012  0.0012

Gabor Features10
  mean               5.8926   5.524  5.4148  6.7607  7.9425  7.1838       0       0
  std. dev.          2.8158  3.0542   1.653  2.7757  2.1932  1.3005  0.0056  0.0056
  weight sum             43     148      76      61      64      24       0       0
  precision          0.0339  0.0339  0.0339  0.0339  0.0339  0.0339  0.0339  0.0339

Gabor Features11
  mean               0.0577   0.053  0.1112   0.113  0.0726  0.0684       0       0
  std. dev.          0.0287  0.0293  0.0658  0.0741  0.0247   0.008  0.0002  0.0002
  weight sum             43     148      76      61      64      24       0       0
  precision          0.0012  0.0012  0.0012  0.0012  0.0012  0.0012  0.0012  0.0012

Gabor Features12
  mean               6.0876  5.7069   5.594  6.9845  8.2054  7.4216       0       0
  std. dev.           2.909  3.1553  1.7077  2.8676  2.2658  1.3436  0.0058  0.0058
  weight sum             43     148      76      61      64      24       0       0
  precision           0.035   0.035   0.035   0.035   0.035   0.035   0.035   0.035

Gabor Features13
  mean               0.0596  0.0547  0.1149  0.1167   0.075  0.0706       0       0
  std. dev.          0.0297  0.0303   0.068  0.0765  0.0255  0.0083  0.0002  0.0002
  weight sum             43     148      76      61      64      24       0       0
  precision          0.0013  0.0013  0.0013  0.0013  0.0013  0.0013  0.0013  0.0013

Gabor Features14
  mean               6.0897  5.7088  5.5959  6.9869  8.2082  7.4241       0       0
  std. dev.            2.91  3.1563  1.7083  2.8685  2.2665   1.344  0.0058  0.0058
  weight sum             43     148      76      61      64      24       0       0
  precision           0.035   0.035   0.035   0.035   0.035   0.035   0.035   0.035

Gabor Features15
  mean               0.0597  0.0548   0.115  0.1167  0.0751  0.0706       0       0
  std. dev.          0.0297  0.0303   0.068  0.0766  0.0255  0.0083  0.0002  0.0002
  weight sum             43     148      76      61      64      24       0       0
  precision          0.0013  0.0013  0.0013  0.0013  0.0013  0.0013  0.0013  0.0013

Gabor Features16
  mean               6.0897  5.7088  5.5959  6.9869  8.2082  7.4241       0       0
  std. dev.            2.91  3.1563  1.7083  2.8685  2.2665   1.344  0.0058  0.0058
  weight sum             43     148      76      61      64      24       0       0
  precision           0.035   0.035   0.035   0.035   0.035   0.035   0.035   0.035

Gabor Features17
  mean               0.0597  0.0548   0.115  0.1167  0.0751  0.0706       0       0
  std. dev.          0.0297  0.0303   0.068  0.0766  0.0255  0.0083  0.0002  0.0002
  weight sum             43     148      76      61      64      24       0       0
  precision          0.0013  0.0013  0.0013  0.0013  0.0013  0.0013  0.0013  0.0013

Gabor Features18
  mean               6.0876  5.7069   5.594  6.9845  8.2054  7.4216       0       0
  std. dev.           2.909  3.1553  1.7077  2.8676  2.2658  1.3436  0.0058  0.0058
  weight sum             43     148      76      61      64      24       0       0
  precision           0.035   0.035   0.035   0.035   0.035   0.035   0.035   0.035

Gabor Features19
  mean               0.0596  0.0547  0.1149  0.1167   0.075  0.0706       0       0
  std. dev.          0.0297  0.0303   0.068  0.0765  0.0255  0.0083  0.0002  0.0002
  weight sum             43     148      76      61      64      24       0       0
  precision          0.0013  0.0013  0.0013  0.0013  0.0013  0.0013  0.0013  0.0013

Gabor Features20
  mean               6.0897  5.7088  5.5959  6.9869  8.2082  7.4241       0       0
  std. dev.            2.91  3.1563  1.7083  2.8685  2.2665   1.344  0.0058  0.0058
  weight sum             43     148      76      61      64      24       0       0
  precision           0.035   0.035   0.035   0.035   0.035   0.035   0.035   0.035

Gabor Features21
  mean               0.0597  0.0548   0.115  0.1167  0.0751  0.0706       0       0
  std. dev.          0.0297  0.0303   0.068  0.0766  0.0255  0.0083  0.0002  0.0002
  weight sum             43     148      76      61      64      24       0       0
  precision          0.0013  0.0013  0.0013  0.0013  0.0013  0.0013  0.0013  0.0013

Gabor Features22
  mean               6.0897  5.7088  5.5959  6.9869  8.2082  7.4241       0       0
  std. dev.            2.91  3.1563  1.7083  2.8685  2.2665   1.344  0.0058  0.0058
  weight sum             43     148      76      61      64      24       0       0
  precision           0.035   0.035   0.035   0.035   0.035   0.035   0.035   0.035

Gabor Features23
  mean               0.0597  0.0548   0.115  0.1167  0.0751  0.0706       0       0
  std. dev.          0.0297  0.0303   0.068  0.0766  0.0255  0.0083  0.0002  0.0002
  weight sum             43     148      76      61      64      24       0       0
  precision          0.0013  0.0013  0.0013  0.0013  0.0013  0.0013  0.0013  0.0013

Gabor Features24
  mean                6.082  5.7016  5.5888   6.978  8.1978  7.4147       0       0
  std. dev.          2.9063  3.1524  1.7062  2.8649  2.2637  1.3423  0.0058  0.0058
  weight sum             43     148      76      61      64      24       0       0
  precision           0.035   0.035   0.035   0.035   0.035   0.035   0.035   0.035

Gabor Features25
  mean               0.0596  0.0547  0.1148  0.1166   0.075  0.0705       0       0
  std. dev.          0.0297  0.0303  0.0679  0.0765  0.0255  0.0083  0.0002  0.0002
  weight sum             43     148      76      61      64      24       0       0
  precision          0.0013  0.0013  0.0013  0.0013  0.0013  0.0013  0.0013  0.0013

Gabor Features26
  mean                6.084  5.7035  5.5907  6.9804  8.2006  7.4172       0       0
  std. dev.          2.9073  3.1534  1.7067  2.8659  2.2644  1.3428  0.0058  0.0058
  weight sum             43     148      76      61      64      24       0       0
  precision           0.035   0.035   0.035   0.035   0.035   0.035   0.035   0.035

Gabor Features27
  mean               0.0596  0.0547  0.1149  0.1166   0.075  0.0706       0       0
  std. dev.          0.0297  0.0303  0.0679  0.0765  0.0255  0.0083  0.0002  0.0002
  weight sum             43     148      76      61      64      24       0       0
  precision          0.0013  0.0013  0.0013  0.0013  0.0013  0.0013  0.0013  0.0013

Gabor Features28
  mean                6.084  5.7035  5.5907  6.9804  8.2006  7.4172       0       0
  std. dev.          2.9073  3.1534  1.7067  2.8659  2.2644  1.3428  0.0058  0.0058
  weight sum             43     148      76      61      64      24       0       0
  precision           0.035   0.035   0.035   0.035   0.035   0.035   0.035   0.035

Gabor Features29
  mean               0.0596  0.0547  0.1149  0.1166   0.075  0.0706       0       0
  std. dev.          0.0297  0.0303  0.0679  0.0765  0.0255  0.0083  0.0002  0.0002
  weight sum             43     148      76      61      64      24       0       0
  precision          0.0013  0.0013  0.0013  0.0013  0.0013  0.0013  0.0013  0.0013

Gabor Features30
  mean                6.082  5.7016  5.5888   6.978  8.1978  7.4147       0       0
  std. dev.          2.9063  3.1524  1.7062  2.8649  2.2637  1.3423  0.0058  0.0058
  weight sum             43     148      76      61      64      24       0       0
  precision           0.035   0.035   0.035   0.035   0.035   0.035   0.035   0.035

Gabor Features31
  mean               0.0596  0.0547  0.1148  0.1166   0.075  0.0705       0       0
  std. dev.          0.0297  0.0303  0.0679  0.0765  0.0255  0.0083  0.0002  0.0002
  weight sum             43     148      76      61      64      24       0       0
  precision          0.0013  0.0013  0.0013  0.0013  0.0013  0.0013  0.0013  0.0013

Gabor Features32
  mean                6.084  5.7035  5.5907  6.9804  8.2006  7.4172       0       0
  std. dev.          2.9073  3.1534  1.7067  2.8659  2.2644  1.3428  0.0058  0.0058
  weight sum             43     148      76      61      64      24       0       0
  precision           0.035   0.035   0.035   0.035   0.035   0.035   0.035   0.035

Gabor Features33
  mean               0.0596  0.0547  0.1149  0.1166   0.075  0.0706       0       0
  std. dev.          0.0297  0.0303  0.0679  0.0765  0.0255  0.0083  0.0002  0.0002
  weight sum             43     148      76      61      64      24       0       0
  precision          0.0013  0.0013  0.0013  0.0013  0.0013  0.0013  0.0013  0.0013

Gabor Features34
  mean                6.084  5.7035  5.5907  6.9804  8.2006  7.4172       0       0
  std. dev.          2.9073  3.1534  1.7067  2.8659  2.2644  1.3428  0.0058  0.0058
  weight sum             43     148      76      61      64      24       0       0
  precision           0.035   0.035   0.035   0.035   0.035   0.035   0.035   0.035

Gabor Features35
  mean               0.0596  0.0547  0.1149  0.1166   0.075  0.0706       0       0
  std. dev.          0.0297  0.0303  0.0679  0.0765  0.0255  0.0083  0.0002  0.0002
  weight sum             43     148      76      61      64      24       0       0
  precision          0.0013  0.0013  0.0013  0.0013  0.0013  0.0013  0.0013  0.0013

Gabor Features36
  mean                6.066  5.6866  5.5742  6.9597  8.1763  7.3953       0       0
  std. dev.          2.8987  3.1441  1.7017  2.8574  2.2577  1.3388  0.0058  0.0058
  weight sum             43     148      76      61      64      24       0       0
  precision          0.0349  0.0349  0.0349  0.0349  0.0349  0.0349  0.0349  0.0349

Gabor Features37
  mean               0.0594  0.0545  0.1145  0.1163  0.0748  0.0704       0       0
  std. dev.          0.0296  0.0302  0.0677  0.0763  0.0254  0.0083  0.0002  0.0002
  weight sum             43     148      76      61      64      24       0       0
  precision          0.0013  0.0013  0.0013  0.0013  0.0013  0.0013  0.0013  0.0013

Gabor Features38
  mean               6.0681  5.6886  5.5761  6.9621  8.1791  7.3978       0       0
  std. dev.          2.8997  3.1452  1.7023  2.8584  2.2585  1.3392  0.0058  0.0058
  weight sum             43     148      76      61      64      24       0       0
  precision          0.0349  0.0349  0.0349  0.0349  0.0349  0.0349  0.0349  0.0349

Gabor Features39
  mean               0.0595  0.0546  0.1145  0.1163  0.0748  0.0704       0       0
  std. dev.          0.0296  0.0302  0.0677  0.0763  0.0254  0.0083  0.0002  0.0002
  weight sum             43     148      76      61      64      24       0       0
  precision          0.0013  0.0013  0.0013  0.0013  0.0013  0.0013  0.0013  0.0013

Gabor Features40
  mean               6.0681  5.6886  5.5761  6.9621  8.1791  7.3978       0       0
  std. dev.          2.8997  3.1452  1.7023  2.8584  2.2585  1.3392  0.0058  0.0058
  weight sum             43     148      76      61      64      24       0       0
  precision          0.0349  0.0349  0.0349  0.0349  0.0349  0.0349  0.0349  0.0349

Gabor Features41
  mean               0.0595  0.0546  0.1145  0.1163  0.0748  0.0704       0       0
  std. dev.          0.0296  0.0302  0.0677  0.0763  0.0254  0.0083  0.0002  0.0002
  weight sum             43     148      76      61      64      24       0       0
  precision          0.0013  0.0013  0.0013  0.0013  0.0013  0.0013  0.0013  0.0013

Gabor Features42
  mean                6.066  5.6866  5.5742  6.9597  8.1763  7.3953       0       0
  std. dev.          2.8987  3.1441  1.7017  2.8574  2.2577  1.3388  0.0058  0.0058
  weight sum             43     148      76      61      64      24       0       0
  precision          0.0349  0.0349  0.0349  0.0349  0.0349  0.0349  0.0349  0.0349

Gabor Features43
  mean               0.0594  0.0545  0.1145  0.1163  0.0748  0.0704       0       0
  std. dev.          0.0296  0.0302  0.0677  0.0763  0.0254  0.0083  0.0002  0.0002
  weight sum             43     148      76      61      64      24       0       0
  precision          0.0013  0.0013  0.0013  0.0013  0.0013  0.0013  0.0013  0.0013

Gabor Features44
  mean               6.0681  5.6886  5.5761  6.9621  8.1791  7.3978       0       0
  std. dev.          2.8997  3.1452  1.7023  2.8584  2.2585  1.3392  0.0058  0.0058
  weight sum             43     148      76      61      64      24       0       0
  precision          0.0349  0.0349  0.0349  0.0349  0.0349  0.0349  0.0349  0.0349

Gabor Features45
  mean               0.0595  0.0546  0.1145  0.1163  0.0748  0.0704       0       0
  std. dev.          0.0296  0.0302  0.0677  0.0763  0.0254  0.0083  0.0002  0.0002
  weight sum             43     148      76      61      64      24       0       0
  precision          0.0013  0.0013  0.0013  0.0013  0.0013  0.0013  0.0013  0.0013

Gabor Features46
  mean               6.0681  5.6886  5.5761  6.9621  8.1791  7.3978       0       0
  std. dev.          2.8997  3.1452  1.7023  2.8584  2.2585  1.3392  0.0058  0.0058
  weight sum             43     148      76      61      64      24       0       0
  precision          0.0349  0.0349  0.0349  0.0349  0.0349  0.0349  0.0349  0.0349

Gabor Features47
  mean               0.0595  0.0546  0.1145  0.1163  0.0748  0.0704       0       0
  std. dev.          0.0296  0.0302  0.0677  0.0763  0.0254  0.0083  0.0002  0.0002
  weight sum             43     148      76      61      64      24       0       0
  precision          0.0013  0.0013  0.0013  0.0013  0.0013  0.0013  0.0013  0.0013

Gabor Features48
  mean               6.0207  5.6441  5.5325  6.9077  8.1152    7.34       0       0
  std. dev.           2.877  3.1206   1.689  2.8361  2.2409  1.3288  0.0058  0.0058
  weight sum             43     148      76      61      64      24       0       0
  precision          0.0346  0.0346  0.0346  0.0346  0.0346  0.0346  0.0346  0.0346

Gabor Features49
  mean                0.059  0.0541  0.1137  0.1154  0.0742  0.0698       0       0
  std. dev.          0.0294    0.03  0.0672  0.0757  0.0252  0.0082  0.0002  0.0002
  weight sum             43     148      76      61      64      24       0       0
  precision          0.0013  0.0013  0.0013  0.0013  0.0013  0.0013  0.0013  0.0013

Gabor Features50
  mean               6.0227   5.646  5.5344  6.9101  8.1179  7.3425       0       0
  std. dev.           2.878  3.1216  1.6895   2.837  2.2416  1.3292  0.0058  0.0058
  weight sum             43     148      76      61      64      24       0       0
  precision          0.0346  0.0346  0.0346  0.0346  0.0346  0.0346  0.0346  0.0346

Gabor Features51
  mean                0.059  0.0542  0.1137  0.1155  0.0742  0.0699       0       0
  std. dev.          0.0294    0.03  0.0672  0.0757  0.0252  0.0082  0.0002  0.0002
  weight sum             43     148      76      61      64      24       0       0
  precision          0.0013  0.0013  0.0013  0.0013  0.0013  0.0013  0.0013  0.0013

Gabor Features52
  mean               6.0227   5.646  5.5344  6.9101  8.1179  7.3425       0       0
  std. dev.           2.878  3.1216  1.6895   2.837  2.2416  1.3292  0.0058  0.0058
  weight sum             43     148      76      61      64      24       0       0
  precision          0.0346  0.0346  0.0346  0.0346  0.0346  0.0346  0.0346  0.0346

Gabor Features53
  mean                0.059  0.0542  0.1137  0.1155  0.0742  0.0699       0       0
  std. dev.          0.0294    0.03  0.0672  0.0757  0.0252  0.0082  0.0002  0.0002
  weight sum             43     148      76      61      64      24       0       0
  precision          0.0013  0.0013  0.0013  0.0013  0.0013  0.0013  0.0013  0.0013

Gabor Features54
  mean               6.0207  5.6441  5.5325  6.9077  8.1152    7.34       0       0
  std. dev.           2.877  3.1206   1.689  2.8361  2.2409  1.3288  0.0058  0.0058
  weight sum             43     148      76      61      64      24       0       0
  precision          0.0346  0.0346  0.0346  0.0346  0.0346  0.0346  0.0346  0.0346

Gabor Features55
  mean                0.059  0.0541  0.1137  0.1154  0.0742  0.0698       0       0
  std. dev.          0.0294    0.03  0.0672  0.0757  0.0252  0.0082  0.0002  0.0002
  weight sum             43     148      76      61      64      24       0       0
  precision          0.0013  0.0013  0.0013  0.0013  0.0013  0.0013  0.0013  0.0013

Gabor Features56
  mean               6.0227   5.646  5.5344  6.9101  8.1179  7.3425       0       0
  std. dev.           2.878  3.1216  1.6895   2.837  2.2416  1.3292  0.0058  0.0058
  weight sum             43     148      76      61      64      24       0       0
  precision          0.0346  0.0346  0.0346  0.0346  0.0346  0.0346  0.0346  0.0346

Gabor Features57
  mean                0.059  0.0542  0.1137  0.1155  0.0742  0.0699       0       0
  std. dev.          0.0294    0.03  0.0672  0.0757  0.0252  0.0082  0.0002  0.0002
  weight sum             43     148      76      61      64      24       0       0
  precision          0.0013  0.0013  0.0013  0.0013  0.0013  0.0013  0.0013  0.0013

Gabor Features58
  mean               6.0227   5.646  5.5344  6.9101  8.1179  7.3425       0       0
  std. dev.           2.878  3.1216  1.6895   2.837  2.2416  1.3292  0.0058  0.0058
  weight sum             43     148      76      61      64      24       0       0
  precision          0.0346  0.0346  0.0346  0.0346  0.0346  0.0346  0.0346  0.0346

Gabor Features59
  mean                0.059  0.0542  0.1137  0.1155  0.0742  0.0699       0       0
  std. dev.          0.0294    0.03  0.0672  0.0757  0.0252  0.0082  0.0002  0.0002
  weight sum             43     148      76      61      64      24       0       0
  precision          0.0013  0.0013  0.0013  0.0013  0.0013  0.0013  0.0013  0.0013



Time taken to build model: 0.16 seconds

Time taken to test model on training data: 0.06 seconds

=== Error on training data ===

Correctly Classified Instances         181               43.5096 %
Incorrectly Classified Instances       235               56.4904 %
Kappa statistic                          0.2958
Mean absolute error                      0.1424
Root mean squared error                  0.3666
Relative absolute error                 72.7844 %
Root relative squared error            117.3362 %
Total Number of Instances              416     


=== Detailed Accuracy By Class ===

                 TP Rate  FP Rate  Precision  Recall   F-Measure  MCC      ROC Area  PRC Area  Class
                 0.070    0.035    0.188      0.070    0.102      0.055    0.582     0.143     K1
                 0.574    0.172    0.649      0.574    0.609      0.415    0.724     0.629     K2
                 0.263    0.053    0.526      0.263    0.351      0.282    0.809     0.504     K3
                 0.230    0.034    0.538      0.230    0.322      0.286    0.687     0.368     K4
                 0.594    0.230    0.319      0.594    0.415      0.290    0.757     0.283     K5
                 0.875    0.166    0.244      0.875    0.382      0.408    0.916     0.379     K6
                 ?        0.000    ?          ?        ?          ?        ?         ?         K7
                 ?        0.000    ?          ?        ?          ?        ?         ?         K8
Weighted Avg.    0.435    0.124    0.489      0.435    0.425      0.315    0.735     0.450     


=== Confusion Matrix ===

  a  b  c  d  e  f  g  h   <-- classified as
  3 17  1  2  7 13  0  0 |  a = K1
  4 85  2  1 37 19  0  0 |  b = K2
  6 12 20  7 18 13  0  0 |  c = K3
  3 10  7 14 17 10  0  0 |  d = K4
  0  6  8  2 38 10  0  0 |  e = K5
  0  1  0  0  2 21  0  0 |  f = K6
  0  0  0  0  0  0  0  0 |  g = K7
  0  0  0  0  0  0  0  0 |  h = K8

Time taken to perform cross-validation: 0.08 seconds


=== Stratified cross-validation ===

Correctly Classified Instances         169               40.625  %
Incorrectly Classified Instances       247               59.375  %
Kappa statistic                          0.2684
Mean absolute error                      0.1502
Root mean squared error                  0.3771
Relative absolute error                 76.7389 %
Root relative squared error            120.7006 %
Total Number of Instances              416     


=== Detailed Accuracy By Class ===

                 TP Rate  FP Rate  Precision  Recall   F-Measure  MCC      ROC Area  PRC Area  Class
                 0.093    0.072    0.129      0.093    0.108      0.024    0.523     0.117     K1
                 0.541    0.134    0.690      0.541    0.606      0.434    0.710     0.574     K2
                 0.250    0.056    0.500      0.250    0.333      0.260    0.792     0.442     K3
                 0.197    0.048    0.414      0.197    0.267      0.207    0.647     0.319     K4
                 0.531    0.230    0.296      0.531    0.380      0.243    0.734     0.252     K5
                 0.833    0.171    0.230      0.833    0.360      0.380    0.899     0.355     K6
                 ?        0.000    ?          ?        ?          ?        ?         ?         K7
                 ?        0.000    ?          ?        ?          ?        ?         ?         K8
Weighted Avg.    0.406    0.118    0.469      0.406    0.406      0.294    0.711     0.403     


=== Confusion Matrix ===

  a  b  c  d  e  f  g  h   <-- classified as
  4 16  1  2  7 13  0  0 |  a = K1
  8 80  1  1 40 18  0  0 |  b = K2
 10  8 19 10 15 14  0  0 |  c = K3
  5  8  9 12 16 11  0  0 |  d = K4
  4  3  8  4 34 11  0  0 |  e = K5
  0  1  0  0  3 20  0  0 |  f = K6
  0  0  0  0  0  0  0  0 |  g = K7
  0  0  0  0  0  0  0  0 |  h = K8

