
=== Classifier model (full training set) ===

Naive Bayes Classifier

                           Class
Attribute                     K1       K2       K3       K4       K5       K6       K7       K8
                           (0.1)   (0.35)   (0.18)   (0.15)   (0.15)   (0.06)      (0)      (0)
================================================================================================
RGB Color Histogram0
  mean                    91.3256  74.5811 225.8947 231.0656 137.2969       77        0        0
  std. dev.               66.5564  59.0474   46.258  46.8132 109.5328  54.5329   0.0017   0.0017
  weight sum                   43      148       76       61       64       24        0        0
  precision                  0.01     0.01     0.01     0.01     0.01     0.01     0.01     0.01

RGB Color Histogram1
  mean                    25.6279  11.5541  13.5263  24.3279    18.75  21.7917        0        0
  std. dev.               45.9084  20.1572  16.2525  31.7509  35.1056  13.6778   0.0017   0.0017
  weight sum                   43      148       76       61       64       24        0        0
  precision                  0.01     0.01     0.01     0.01     0.01     0.01     0.01     0.01

RGB Color Histogram2
  mean                     0.1395   0.8176        0        0  30.2656   31.125        0        0
  std. dev.                 0.765   4.8366   0.0017   0.0017  53.9671  74.4884   0.0017   0.0017
  weight sum                   43      148       76       61       64       24        0        0
  precision                  0.01     0.01     0.01     0.01     0.01     0.01     0.01     0.01

RGB Color Histogram3
  mean                          0        0        0        0   2.7813    4.625        0        0
  std. dev.                0.0017   0.0017   0.0017   0.0017   11.521  11.3901   0.0017   0.0017
  weight sum                   43      148       76       61       64       24        0        0
  precision                  0.01     0.01     0.01     0.01     0.01     0.01     0.01     0.01

RGB Color Histogram4
  mean                     5.0233   3.5811   5.9474   7.4262  42.4688  19.9583        0        0
  std. dev.               10.1557   8.2191   10.141  12.8783  52.0498  14.5645   0.0017   0.0017
  weight sum                   43      148       76       61       64       24        0        0
  precision                  0.01     0.01     0.01     0.01     0.01     0.01     0.01     0.01

RGB Color Histogram5
  mean                     5.1163   3.0541   9.0395   9.7049   8.1563  20.1667        0        0
  std. dev.               12.1908   7.5443   7.5401  11.6018  15.1288  10.5264   0.0017   0.0017
  weight sum                   43      148       76       61       64       24        0        0
  precision                  0.01     0.01     0.01     0.01     0.01     0.01     0.01     0.01

RGB Color Histogram6
  mean                      1.907   1.1622   0.0263        0  38.1094 125.3333        0        0
  std. dev.                8.1034    4.185   0.1601   0.0017  71.3607 114.1617   0.0017   0.0017
  weight sum                   43      148       76       61       64       24        0        0
  precision                  0.01     0.01     0.01     0.01     0.01     0.01     0.01     0.01

RGB Color Histogram7
  mean                          0        0        0        0  36.7969     8.25        0        0
  std. dev.                0.0017   0.0017   0.0017   0.0017  66.4979  32.2287   0.0017   0.0017
  weight sum                   43      148       76       61       64       24        0        0
  precision                  0.01     0.01     0.01     0.01     0.01     0.01     0.01     0.01

RGB Color Histogram8
  mean                          0   0.0068        0        0   0.9531        0        0        0
  std. dev.                0.0017   0.0819   0.0017   0.0017   2.4072   0.0017   0.0017   0.0017
  weight sum                   43      148       76       61       64       24        0        0
  precision                  0.01     0.01     0.01     0.01     0.01     0.01     0.01     0.01

RGB Color Histogram9
  mean                     0.0233   0.0135   0.0132   0.0328        0        0        0        0
  std. dev.                0.1507   0.1155    0.114    0.254   0.0017   0.0017   0.0017   0.0017
  weight sum                   43      148       76       61       64       24        0        0
  precision                  0.01     0.01     0.01     0.01     0.01     0.01     0.01     0.01

RGB Color Histogram10
  mean                     0.0233   0.2297   0.0658   0.0492   2.0938  13.0417        0        0
  std. dev.                0.1507    1.853   0.5698   0.3809   7.3712  42.5024   0.0017   0.0017
  weight sum                   43      148       76       61       64       24        0        0
  precision                  0.01     0.01     0.01     0.01     0.01     0.01     0.01     0.01

RGB Color Histogram11
  mean                     0.0465   0.0135        0        0  95.4844  71.0417        0        0
  std. dev.                0.3014   0.1638   0.0017   0.0017  103.731  94.1632   0.0017   0.0017
  weight sum                   43      148       76       61       64       24        0        0
  precision                  0.01     0.01     0.01     0.01     0.01     0.01     0.01     0.01

RGB Color Histogram12
  mean                          0        0        0        0        0        0        0        0
  std. dev.                0.0017   0.0017   0.0017   0.0017   0.0017   0.0017   0.0017   0.0017
  weight sum                   43      148       76       61       64       24        0        0
  precision                  0.01     0.01     0.01     0.01     0.01     0.01     0.01     0.01

RGB Color Histogram13
  mean                          0        0        0        0        0        0        0        0
  std. dev.                0.0017   0.0017   0.0017   0.0017   0.0017   0.0017   0.0017   0.0017
  weight sum                   43      148       76       61       64       24        0        0
  precision                  0.01     0.01     0.01     0.01     0.01     0.01     0.01     0.01

RGB Color Histogram14
  mean                          0        0        0        0        0        0        0        0
  std. dev.                0.0017   0.0017   0.0017   0.0017   0.0017   0.0017   0.0017   0.0017
  weight sum                   43      148       76       61       64       24        0        0
  precision                  0.01     0.01     0.01     0.01     0.01     0.01     0.01     0.01

RGB Color Histogram15
  mean                          0        0        0        0      0.5   27.375        0        0
  std. dev.                0.0017   0.0017   0.0017   0.0017   1.2119  49.1476   0.0017   0.0017
  weight sum                   43      148       76       61       64       24        0        0
  precision                  0.01     0.01     0.01     0.01     0.01     0.01     0.01     0.01

RGB Color Histogram16
  mean                    63.1395  48.0405  34.8816  32.0984  18.6094    6.125        0        0
  std. dev.               73.0488  51.4273  21.4482  30.9869  19.0161   6.0643   0.0017   0.0017
  weight sum                   43      148       76       61       64       24        0        0
  precision                  0.01     0.01     0.01     0.01     0.01     0.01     0.01     0.01

RGB Color Histogram17
  mean                    23.6744  19.4797  25.7763  24.5246  20.7969   3.5833        0        0
  std. dev.               20.0438  27.6832  27.3922  33.3573  32.9589    7.455   0.0017   0.0017
  weight sum                   43      148       76       61       64       24        0        0
  precision                  0.01     0.01     0.01     0.01     0.01     0.01     0.01     0.01

RGB Color Histogram18
  mean                     0.0698   0.9324        0   0.0164   8.4688   1.3333        0        0
  std. dev.                0.3338   8.3396   0.0017    0.127  15.7639   4.4222   0.0017   0.0017
  weight sum                   43      148       76       61       64       24        0        0
  precision                  0.01     0.01     0.01     0.01     0.01     0.01     0.01     0.01

RGB Color Histogram19
  mean                          0        0        0        0     0.75        0        0        0
  std. dev.                0.0017   0.0017   0.0017   0.0017   2.5311   0.0017   0.0017   0.0017
  weight sum                   43      148       76       61       64       24        0        0
  precision                  0.01     0.01     0.01     0.01     0.01     0.01     0.01     0.01

RGB Color Histogram20
  mean                    38.6047  24.4324   4.9868   9.8689  44.2344   28.375        0        0
  std. dev.               61.7659  43.7147   6.6303  11.2534  53.0842  30.5871   0.0017   0.0017
  weight sum                   43      148       76       61       64       24        0        0
  precision                  0.01     0.01     0.01     0.01     0.01     0.01     0.01     0.01

RGB Color Histogram21
  mean                   121.8605  72.4527    88.75   85.082  60.6406 135.2083        0        0
  std. dev.               83.1255  73.8945  90.2018  80.6086  61.5473  86.3925   0.0017   0.0017
  weight sum                   43      148       76       61       64       24        0        0
  precision                  0.01     0.01     0.01     0.01     0.01     0.01     0.01     0.01

RGB Color Histogram22
  mean                    17.3721  15.9662   8.3947  15.3115   12.875  13.6667        0        0
  std. dev.               18.3734  29.9947  16.6505   31.929  15.9408  17.7287   0.0017   0.0017
  weight sum                   43      148       76       61       64       24        0        0
  precision                  0.01     0.01     0.01     0.01     0.01     0.01     0.01     0.01

RGB Color Histogram23
  mean                     2.8605   1.1757   0.0132   1.7377   8.8125   2.7917        0        0
  std. dev.               18.5379   7.6306    0.114  10.9812  16.2075    6.904   0.0017   0.0017
  weight sum                   43      148       76       61       64       24        0        0
  precision                  0.01     0.01     0.01     0.01     0.01     0.01     0.01     0.01

RGB Color Histogram24
  mean                     0.1628   0.3986        0        0  40.1406  10.3333        0        0
  std. dev.                0.7449   2.9745   0.0017   0.0017  82.5462  19.0015   0.0017   0.0017
  weight sum                   43      148       76       61       64       24        0        0
  precision                  0.01     0.01     0.01     0.01     0.01     0.01     0.01     0.01

RGB Color Histogram25
  mean                     1.8372   0.9865   0.7895   2.0656   7.6094  29.3333        0        0
  std. dev.                4.3344   3.2173   1.2281   3.3675  11.2994  22.8504   0.0017   0.0017
  weight sum                   43      148       76       61       64       24        0        0
  precision                  0.01     0.01     0.01     0.01     0.01     0.01     0.01     0.01

RGB Color Histogram26
  mean                     4.1628   2.5135   7.1974  14.0492   5.4844   18.875        0        0
  std. dev.                8.6318   6.3197   7.2982  33.2104   7.8581  16.4654   0.0017   0.0017
  weight sum                   43      148       76       61       64       24        0        0
  precision                  0.01     0.01     0.01     0.01     0.01     0.01     0.01     0.01

RGB Color Histogram27
  mean                     2.3256   1.1892   0.1842   4.6066  15.2969  17.4583        0        0
  std. dev.               10.0781   6.7106   0.7202  19.6921  52.2038  21.8917   0.0017   0.0017
  weight sum                   43      148       76       61       64       24        0        0
  precision                  0.01     0.01     0.01     0.01     0.01     0.01     0.01     0.01

RGB Color Histogram28
  mean                          0        0        0        0   0.2969        0        0        0
  std. dev.                0.0017   0.0017   0.0017   0.0017   0.8231   0.0017   0.0017   0.0017
  weight sum                   43      148       76       61       64       24        0        0
  precision                  0.01     0.01     0.01     0.01     0.01     0.01     0.01     0.01

RGB Color Histogram29
  mean                          0        0        0        0        0   0.5833        0        0
  std. dev.                0.0017   0.0017   0.0017   0.0017   0.0017   1.3819   0.0017   0.0017
  weight sum                   43      148       76       61       64       24        0        0
  precision                  0.01     0.01     0.01     0.01     0.01     0.01     0.01     0.01

RGB Color Histogram30
  mean                          0   0.0068        0    0.541        0        0        0        0
  std. dev.                0.0017   0.0819   0.0017   3.3219   0.0017   0.0017   0.0017   0.0017
  weight sum                   43      148       76       61       64       24        0        0
  precision                  0.01     0.01     0.01     0.01     0.01     0.01     0.01     0.01

RGB Color Histogram31
  mean                          0   0.0068   0.4342        6     2.25   8.5833        0        0
  std. dev.                0.0017   0.0819   1.7194  33.2645  11.8189  11.9997   0.0017   0.0017
  weight sum                   43      148       76       61       64       24        0        0
  precision                  0.01     0.01     0.01     0.01     0.01     0.01     0.01     0.01

RGB Color Histogram32
  mean                    73.4419 112.8919  63.0658  31.5082  20.3594   0.0833        0        0
  std. dev.               97.0246 104.1927  69.7264  47.5386  33.0163   0.2764   0.0017   0.0017
  weight sum                   43      148       76       61       64       24        0        0
  precision                  0.01     0.01     0.01     0.01     0.01     0.01     0.01     0.01

RGB Color Histogram33
  mean                    10.4651   8.1554  27.9605  11.5738  20.7969   0.1667        0        0
  std. dev.                25.327  12.2385  34.4901  21.9519  33.2167   0.5528   0.0017   0.0017
  weight sum                   43      148       76       61       64       24        0        0
  precision                  0.01     0.01     0.01     0.01     0.01     0.01     0.01     0.01

RGB Color Histogram34
  mean                          0   0.3851   0.0132   0.0328  12.5781        0        0        0
  std. dev.                0.0017   3.7946    0.114    0.254  20.3775   0.0017   0.0017   0.0017
  weight sum                   43      148       76       61       64       24        0        0
  precision                  0.01     0.01     0.01     0.01     0.01     0.01     0.01     0.01

RGB Color Histogram35
  mean                          0        0        0        0   0.7656        0        0        0
  std. dev.                0.0017   0.0017   0.0017   0.0017   1.7024   0.0017   0.0017   0.0017
  weight sum                   43      148       76       61       64       24        0        0
  precision                  0.01     0.01     0.01     0.01     0.01     0.01     0.01     0.01

RGB Color Histogram36
  mean                    15.7442  24.4459   7.6579  21.8197   5.4219   1.4167        0        0
  std. dev.               46.4914  44.7519  20.6235  30.8813   12.577    2.465   0.0017   0.0017
  weight sum                   43      148       76       61       64       24        0        0
  precision                  0.01     0.01     0.01     0.01     0.01     0.01     0.01     0.01

RGB Color Histogram37
  mean                    61.7674  68.9459  65.0395  65.9344  39.0938      8.5        0        0
  std. dev.               52.8279  58.1988  47.2236  59.2203  52.9651   9.9666   0.0017   0.0017
  weight sum                   43      148       76       61       64       24        0        0
  precision                  0.01     0.01     0.01     0.01     0.01     0.01     0.01     0.01

RGB Color Histogram38
  mean                    27.5116  27.7297  24.7237  16.2623  27.2344   0.7083        0        0
  std. dev.               23.8692  36.7551  25.5773  26.6211   36.675   1.4283   0.0017   0.0017
  weight sum                   43      148       76       61       64       24        0        0
  precision                  0.01     0.01     0.01     0.01     0.01     0.01     0.01     0.01

RGB Color Histogram39
  mean                     1.5349   0.4122        0   0.2459   5.8125        0        0        0
  std. dev.                9.9472   2.4382   0.0017     1.25  10.6123   0.0017   0.0017   0.0017
  weight sum                   43      148       76       61       64       24        0        0
  precision                  0.01     0.01     0.01     0.01     0.01     0.01     0.01     0.01

RGB Color Histogram40
  mean                     0.4419   0.7838   0.2368   0.7705  18.8438   9.5833        0        0
  std. dev.                2.2753   5.9882   1.7234   3.5639  40.1949  19.3324   0.0017   0.0017
  weight sum                   43      148       76       61       64       24        0        0
  precision                  0.01     0.01     0.01     0.01     0.01     0.01     0.01     0.01

RGB Color Histogram41
  mean                    16.5581  12.4257   6.6711  10.8852  21.9063   35.625        0        0
  std. dev.               26.1439  27.6056   9.8065  27.1451  23.5118  36.9908   0.0017   0.0017
  weight sum                   43      148       76       61       64       24        0        0
  precision                  0.01     0.01     0.01     0.01     0.01     0.01     0.01     0.01

RGB Color Histogram42
  mean                   120.3953 118.9797 128.7632 106.4918 149.5156  94.1667        0        0
  std. dev.               86.9052  79.9825  88.2923   79.969  98.8967  85.2402   0.0017   0.0017
  weight sum                   43      148       76       61       64       24        0        0
  precision                  0.01     0.01     0.01     0.01     0.01     0.01     0.01     0.01

RGB Color Histogram43
  mean                         23  21.9392  58.2105  56.9344  39.0469  43.6667        0        0
  std. dev.                42.399  35.7996  45.4479  64.7335   59.653  80.7732   0.0017   0.0017
  weight sum                   43      148       76       61       64       24        0        0
  precision                  0.01     0.01     0.01     0.01     0.01     0.01     0.01     0.01

RGB Color Histogram44
  mean                          0        0        0   0.0164  13.5469   2.3333        0        0
  std. dev.                0.0017   0.0017   0.0017    0.127  31.6721   5.9489   0.0017   0.0017
  weight sum                   43      148       76       61       64       24        0        0
  precision                  0.01     0.01     0.01     0.01     0.01     0.01     0.01     0.01

RGB Color Histogram45
  mean                          0   0.2432        0   0.3607   1.9063  12.9167        0        0
  std. dev.                0.0017   2.0848   0.0017   1.7465   3.8354  20.7544   0.0017   0.0017
  weight sum                   43      148       76       61       64       24        0        0
  precision                  0.01     0.01     0.01     0.01     0.01     0.01     0.01     0.01

RGB Color Histogram46
  mean                     4.3721   2.2297   2.2368  17.3279   4.5156  21.1667        0        0
  std. dev.               12.5532   7.2458     4.85   36.838  13.3931  25.5452   0.0017   0.0017
  weight sum                   43      148       76       61       64       24        0        0
  precision                  0.01     0.01     0.01     0.01     0.01     0.01     0.01     0.01

RGB Color Histogram47
  mean                     2.6047   3.1892  95.3421   80.459  51.5625  39.9167        0        0
  std. dev.                5.3489   6.2063  75.7174   76.467   77.708  68.3989   0.0017   0.0017
  weight sum                   43      148       76       61       64       24        0        0
  precision                  0.01     0.01     0.01     0.01     0.01     0.01     0.01     0.01

RGB Color Histogram48
  mean                    46.1163  87.8919   5.5789  12.1639  63.8594        0        0        0
  std. dev.               80.1502 112.6675  24.6903  37.0397  74.7473   0.0017   0.0017   0.0017
  weight sum                   43      148       76       61       64       24        0        0
  precision                  0.01     0.01     0.01     0.01     0.01     0.01     0.01     0.01

RGB Color Histogram49
  mean                     0.6512   3.0743   0.5789   0.9344  10.8438        0        0        0
  std. dev.                1.3274  13.0824   3.1383   4.4348  14.4744   0.0017   0.0017   0.0017
  weight sum                   43      148       76       61       64       24        0        0
  precision                  0.01     0.01     0.01     0.01     0.01     0.01     0.01     0.01

RGB Color Histogram50
  mean                          0   0.2365        0        0   5.5313        0        0        0
  std. dev.                0.0017   2.7073   0.0017   0.0017  10.4343   0.0017   0.0017   0.0017
  weight sum                   43      148       76       61       64       24        0        0
  precision                  0.01     0.01     0.01     0.01     0.01     0.01     0.01     0.01

RGB Color Histogram51
  mean                          0        0        0        0   1.2188        0        0        0
  std. dev.                0.0017   0.0017   0.0017   0.0017   2.2533   0.0017   0.0017   0.0017
  weight sum                   43      148       76       61       64       24        0        0
  precision                  0.01     0.01     0.01     0.01     0.01     0.01     0.01     0.01

RGB Color Histogram52
  mean                    52.6279  53.2905   4.2895   7.2623  17.8281        0        0        0
  std. dev.               80.2058  89.8345  14.9998  24.8166   31.668   0.0017   0.0017   0.0017
  weight sum                   43      148       76       61       64       24        0        0
  precision                  0.01     0.01     0.01     0.01     0.01     0.01     0.01     0.01

RGB Color Histogram53
  mean                    58.2326  40.9459   2.8684   6.0656    30.25        0        0        0
  std. dev.               80.6574   69.257   10.496  19.7408  54.9645   0.0017   0.0017   0.0017
  weight sum                   43      148       76       61       64       24        0        0
  precision                  0.01     0.01     0.01     0.01     0.01     0.01     0.01     0.01

RGB Color Histogram54
  mean                     3.7907   3.2432   0.4605    0.459  11.5938        0        0        0
  std. dev.                6.5328   6.3837   1.3711   0.9334  28.2139   0.0017   0.0017   0.0017
  weight sum                   43      148       76       61       64       24        0        0
  precision                  0.01     0.01     0.01     0.01     0.01     0.01     0.01     0.01

RGB Color Histogram55
  mean                          0   0.0541        0   0.0164   3.1406        0        0        0
  std. dev.                0.0017   0.3817   0.0017    0.127    9.024   0.0017   0.0017   0.0017
  weight sum                   43      148       76       61       64       24        0        0
  precision                  0.01     0.01     0.01     0.01     0.01     0.01     0.01     0.01

RGB Color Histogram56
  mean                     0.1163   1.2838  20.6974   25.459        0        0        0        0
  std. dev.                0.4425   8.9435  66.6943  69.3207   0.0017   0.0017   0.0017   0.0017
  weight sum                   43      148       76       61       64       24        0        0
  precision                  0.01     0.01     0.01     0.01     0.01     0.01     0.01     0.01

RGB Color Histogram57
  mean                     11.907   6.7635  11.8289  20.8852   5.2344   0.6667        0        0
  std. dev.               27.4826  17.4547  45.8141  60.7497  18.3727   1.1785   0.0017   0.0017
  weight sum                   43      148       76       61       64       24        0        0
  precision                  0.01     0.01     0.01     0.01     0.01     0.01     0.01     0.01

RGB Color Histogram58
  mean                    66.4884  54.5405  26.3158  22.8525  55.2969   3.0833        0        0
  std. dev.               58.6287  49.6602  32.8778  36.5037  56.1865   4.0816   0.0017   0.0017
  weight sum                   43      148       76       61       64       24        0        0
  precision                  0.01     0.01     0.01     0.01     0.01     0.01     0.01     0.01

RGB Color Histogram59
  mean                    46.3953  40.1149    22.75  14.5738  15.3906   0.1667        0        0
  std. dev.                63.275  45.2007  18.3849  25.1066  36.1601   0.3727   0.0017   0.0017
  weight sum                   43      148       76       61       64       24        0        0
  precision                  0.01     0.01     0.01     0.01     0.01     0.01     0.01     0.01

RGB Color Histogram60
  mean                          0   0.0473   0.1842    3.377   1.2031   0.6667        0        0
  std. dev.                0.0017   0.5734   0.8064  18.0129   3.1284   1.9293   0.0017   0.0017
  weight sum                   43      148       76       61       64       24        0        0
  precision                  0.01     0.01     0.01     0.01     0.01     0.01     0.01     0.01

RGB Color Histogram61
  mean                          0   0.1486   2.3421   4.8852   1.4219    10.75        0        0
  std. dev.                0.0017   1.3016  10.8283  14.9448   3.2104  23.2168   0.0017   0.0017
  weight sum                   43      148       76       61       64       24        0        0
  precision                  0.01     0.01     0.01     0.01     0.01     0.01     0.01     0.01

RGB Color Histogram62
  mean                     8.2558   7.4932   4.8684  10.3934  39.2188  24.6667        0        0
  std. dev.               10.0258  16.8621  14.8354  26.0317   48.803  17.2691   0.0017   0.0017
  weight sum                   43      148       76       61       64       24        0        0
  precision                  0.01     0.01     0.01     0.01     0.01     0.01     0.01     0.01

RGB Color Histogram63
  mean                   167.6512 151.3919       65  54.4262 141.3906  86.2917        0        0
  std. dev.               49.1277  54.4528  51.4684  58.2475  75.0649  39.5648   0.0017   0.0017
  weight sum                   43      148       76       61       64       24        0        0
  precision                  0.01     0.01     0.01     0.01     0.01     0.01     0.01     0.01



Time taken to build model: 0.15 seconds

Time taken to test model on training data: 0.07 seconds

=== Error on training data ===

Correctly Classified Instances         237               56.9712 %
Incorrectly Classified Instances       179               43.0288 %
Kappa statistic                          0.4953
Mean absolute error                      0.1076
Root mean squared error                  0.3275
Relative absolute error                 55.0177 %
Root relative squared error            104.8105 %
Total Number of Instances              416     


=== Detailed Accuracy By Class ===

                 TP Rate  FP Rate  Precision  Recall   F-Measure  MCC      ROC Area  PRC Area  Class
                 0.977    0.249    0.311      0.977    0.472      0.473    0.874     0.317     K1
                 0.088    0.000    1.000      0.088    0.161      0.242    0.918     0.840     K2
                 0.947    0.206    0.507      0.947    0.661      0.604    0.936     0.674     K3
                 0.426    0.020    0.788      0.426    0.553      0.532    0.928     0.647     K4
                 0.938    0.026    0.870      0.938    0.902      0.885    0.984     0.880     K5
                 1.000    0.000    1.000      1.000    1.000      1.000    1.000     1.000     K6
                 ?        0.000    ?          ?        ?          ?        ?         ?         K7
                 ?        0.000    ?          ?        ?          ?        ?         ?         K8
Weighted Avg.    0.570    0.070    0.788      0.570    0.505      0.517    0.933     0.742     


=== Confusion Matrix ===

  a  b  c  d  e  f  g  h   <-- classified as
 42  0  1  0  0  0  0  0 |  a = K1
 87 13 36  3  9  0  0  0 |  b = K2
  0  0 72  4  0  0  0  0 |  c = K3
  2  0 33 26  0  0  0  0 |  d = K4
  4  0  0  0 60  0  0  0 |  e = K5
  0  0  0  0  0 24  0  0 |  f = K6
  0  0  0  0  0  0  0  0 |  g = K7
  0  0  0  0  0  0  0  0 |  h = K8

Time taken to perform cross-validation: 0.08 seconds


=== Stratified cross-validation ===

Correctly Classified Instances         271               65.1442 %
Incorrectly Classified Instances       145               34.8558 %
Kappa statistic                          0.5654
Mean absolute error                      0.0899
Root mean squared error                  0.2851
Relative absolute error                 45.9241 %
Root relative squared error             91.258  %
Total Number of Instances              416     


=== Detailed Accuracy By Class ===

                 TP Rate  FP Rate  Precision  Recall   F-Measure  MCC      ROC Area  PRC Area  Class
                 0.442    0.134    0.275      0.442    0.339      0.252    0.796     0.269     K1
                 0.568    0.078    0.800      0.568    0.664      0.539    0.891     0.774     K2
                 0.855    0.135    0.586      0.855    0.695      0.629    0.922     0.710     K3
                 0.328    0.039    0.588      0.328    0.421      0.372    0.880     0.540     K4
                 0.938    0.037    0.822      0.938    0.876      0.854    0.978     0.814     K5
                 0.958    0.003    0.958      0.958    0.958      0.956    1.000     0.995     K6
                 ?        0.000    ?          ?        ?          ?        ?         ?         K7
                 ?        0.000    ?          ?        ?          ?        ?         ?         K8
Weighted Avg.    0.651    0.078    0.688      0.651    0.650      0.574    0.905     0.695     


=== Confusion Matrix ===

  a  b  c  d  e  f  g  h   <-- classified as
 19 20  1  1  2  0  0  0 |  a = K1
 44 84 11  2  7  0  0  0 |  b = K2
  1  1 65  9  0  0  0  0 |  c = K3
  3  0 34 20  3  1  0  0 |  d = K4
  2  0  0  2 60  0  0  0 |  e = K5
  0  0  0  0  1 23  0  0 |  f = K6
  0  0  0  0  0  0  0  0 |  g = K7
  0  0  0  0  0  0  0  0 |  h = K8

