
=== Classifier model (full training set) ===

Naive Bayes Classifier

                           Class
Attribute                     K1       K2       K3       K4       K5       K6       K7       K8
                           (0.1)   (0.35)   (0.18)   (0.15)   (0.15)   (0.06)      (0)      (0)
================================================================================================
RGB Color Histogram0
  mean                        255      255 254.6711 253.8852      255      255        0        0
  std. dev.                0.0017   0.0017     2.43   8.6348   0.0017   0.0017   0.0017   0.0017
  weight sum                   43      148       76       61       64       24        0        0
  precision                  0.01     0.01     0.01     0.01     0.01     0.01     0.01     0.01

RGB Color Histogram1
  mean                     3.9535   4.7432   4.4737   5.5082  23.1094  23.3333        0        0
  std. dev.                2.1015   2.9342   2.8353    3.181   8.2993   3.8478   0.0017   0.0017
  weight sum                   43      148       76       61       64       24        0        0
  precision                  0.01     0.01     0.01     0.01     0.01     0.01     0.01     0.01

RGB Color Histogram2
  mean                          0        0   0.1053   0.6885   8.8125   7.3333        0        0
  std. dev.                0.0017   0.0017   0.5978   1.8951   6.6518   3.3871   0.0017   0.0017
  weight sum                   43      148       76       61       64       24        0        0
  precision                  0.01     0.01     0.01     0.01     0.01     0.01     0.01     0.01

RGB Color Histogram3
  mean                          0        0   0.0263   0.2459  14.4219   5.0417        0        0
  std. dev.                0.0017   0.0017   0.2279    1.263  16.6816   3.7581   0.0017   0.0017
  weight sum                   43      148       76       61       64       24        0        0
  precision                  0.01     0.01     0.01     0.01     0.01     0.01     0.01     0.01

RGB Color Histogram4
  mean                     0.7907   1.2703   4.9605   5.7377  12.5313   8.6667        0        0
  std. dev.                0.5929   1.3636   2.7215   3.6345   5.5985   2.0138   0.0017   0.0017
  weight sum                   43      148       76       61       64       24        0        0
  precision                  0.01     0.01     0.01     0.01     0.01     0.01     0.01     0.01

RGB Color Histogram5
  mean                      2.814   3.9257   5.7632   4.7869    8.875    5.375        0        0
  std. dev.                1.4184    3.188   3.6594   2.5097   3.8263   1.6282   0.0017   0.0017
  weight sum                   43      148       76       61       64       24        0        0
  precision                  0.01     0.01     0.01     0.01     0.01     0.01     0.01     0.01

RGB Color Histogram6
  mean                     0.0233   0.0338   0.2763   0.4262     4.25   1.9167        0        0
  std. dev.                0.1507   0.2705   0.4472   0.6885   3.4324   0.9538   0.0017   0.0017
  weight sum                   43      148       76       61       64       24        0        0
  precision                  0.01     0.01     0.01     0.01     0.01     0.01     0.01     0.01

RGB Color Histogram7
  mean                          0        0   0.0132   0.0164   8.7344   1.6667        0        0
  std. dev.                0.0017   0.0017    0.114    0.127   8.0278   1.0274   0.0017   0.0017
  weight sum                   43      148       76       61       64       24        0        0
  precision                  0.01     0.01     0.01     0.01     0.01     0.01     0.01     0.01

RGB Color Histogram8
  mean                          0        0   0.0658   0.4918   1.2813   0.6667        0        0
  std. dev.                0.0017   0.0017   0.3378   1.5324   1.8996   0.7454   0.0017   0.0017
  weight sum                   43      148       76       61       64       24        0        0
  precision                  0.01     0.01     0.01     0.01     0.01     0.01     0.01     0.01

RGB Color Histogram9
  mean                          0        0   0.9737   0.7213   0.9688   0.3333        0        0
  std. dev.                0.0017   0.0017   1.1695   1.1181   1.0454   0.4714   0.0017   0.0017
  weight sum                   43      148       76       61       64       24        0        0
  precision                  0.01     0.01     0.01     0.01     0.01     0.01     0.01     0.01

RGB Color Histogram10
  mean                          0   0.0203   0.7632   0.4098   1.2969     0.25        0        0
  std. dev.                0.0017   0.1409   0.9158   0.6866   1.7018    0.433   0.0017   0.0017
  weight sum                   43      148       76       61       64       24        0        0
  precision                  0.01     0.01     0.01     0.01     0.01     0.01     0.01     0.01

RGB Color Histogram11
  mean                          0        0   0.0263        0   6.3281   1.0833        0        0
  std. dev.                0.0017   0.0017   0.1601   0.0017   5.7311   1.1149   0.0017   0.0017
  weight sum                   43      148       76       61       64       24        0        0
  precision                  0.01     0.01     0.01     0.01     0.01     0.01     0.01     0.01

RGB Color Histogram12
  mean                          0        0        0   0.2787   0.1563     0.25        0        0
  std. dev.                0.0017   0.0017   0.0017   1.6005   0.6179    0.433   0.0017   0.0017
  weight sum                   43      148       76       61       64       24        0        0
  precision                  0.01     0.01     0.01     0.01     0.01     0.01     0.01     0.01

RGB Color Histogram13
  mean                          0        0   0.0658   0.0656   0.3594        0        0        0
  std. dev.                0.0017   0.0017   0.2963   0.3995   0.8171   0.0017   0.0017   0.0017
  weight sum                   43      148       76       61       64       24        0        0
  precision                  0.01     0.01     0.01     0.01     0.01     0.01     0.01     0.01

RGB Color Histogram14
  mean                          0        0   0.3684   0.4098   0.5625        0        0        0
  std. dev.                0.0017   0.0017   0.7921   1.1926   1.4238   0.0017   0.0017   0.0017
  weight sum                   43      148       76       61       64       24        0        0
  precision                  0.01     0.01     0.01     0.01     0.01     0.01     0.01     0.01

RGB Color Histogram15
  mean                          0        0   0.5263   0.6066   6.6094      1.5        0        0
  std. dev.                0.0017   0.0017    1.251     1.73   7.1624   1.9791   0.0017   0.0017
  weight sum                   43      148       76       61       64       24        0        0
  precision                  0.01     0.01     0.01     0.01     0.01     0.01     0.01     0.01

RGB Color Histogram16
  mean                     4.4419   7.4392  14.2895  13.5902  21.9063  11.4583        0        0
  std. dev.                3.5326   6.8844   8.2619   6.5671   6.8436   3.7747   0.0017   0.0017
  weight sum                   43      148       76       61       64       24        0        0
  precision                  0.01     0.01     0.01     0.01     0.01     0.01     0.01     0.01

RGB Color Histogram17
  mean                     0.8837   1.2365   2.7105   2.8033   5.5469   3.8333        0        0
  std. dev.                0.6891   1.0614   1.4673    1.587   2.9471    0.986   0.0017   0.0017
  weight sum                   43      148       76       61       64       24        0        0
  precision                  0.01     0.01     0.01     0.01     0.01     0.01     0.01     0.01

RGB Color Histogram18
  mean                          0        0   0.0263   0.0164   0.6719   0.7917        0        0
  std. dev.                0.0017   0.0017   0.1601    0.127   1.0615   0.5758   0.0017   0.0017
  weight sum                   43      148       76       61       64       24        0        0
  precision                  0.01     0.01     0.01     0.01     0.01     0.01     0.01     0.01

RGB Color Histogram19
  mean                          0        0        0   0.0328   0.0938   0.0833        0        0
  std. dev.                0.0017   0.0017   0.0017    0.254   0.2915   0.2764   0.0017   0.0017
  weight sum                   43      148       76       61       64       24        0        0
  precision                  0.01     0.01     0.01     0.01     0.01     0.01     0.01     0.01

RGB Color Histogram20
  mean                     1.0233   0.8514   2.1842   2.9016   6.6719   5.2083        0        0
  std. dev.                0.6984   0.8331   3.1527   2.9236   4.3627   0.9991   0.0017   0.0017
  weight sum                   43      148       76       61       64       24        0        0
  precision                  0.01     0.01     0.01     0.01     0.01     0.01     0.01     0.01

RGB Color Histogram21
  mean                     25.186  21.9865   8.2237   8.8197  14.5625  10.0417        0        0
  std. dev.                8.9137   9.1482   4.4503   5.5942   8.5966   5.6971   0.0017   0.0017
  weight sum                   43      148       76       61       64       24        0        0
  precision                  0.01     0.01     0.01     0.01     0.01     0.01     0.01     0.01

RGB Color Histogram22
  mean                     1.1163   0.6757   0.8816   0.8852    2.125    1.875        0        0
  std. dev.                0.9932   0.8638   0.6482   1.0573   1.3863   0.9709   0.0017   0.0017
  weight sum                   43      148       76       61       64       24        0        0
  precision                  0.01     0.01     0.01     0.01     0.01     0.01     0.01     0.01

RGB Color Histogram23
  mean                          0        0   0.0132   0.0164   0.1875    0.375        0        0
  std. dev.                0.0017   0.0017    0.114    0.127   0.3903   0.4841   0.0017   0.0017
  weight sum                   43      148       76       61       64       24        0        0
  precision                  0.01     0.01     0.01     0.01     0.01     0.01     0.01     0.01

RGB Color Histogram24
  mean                          0        0   0.1316   0.2787   1.0313   0.7083        0        0
  std. dev.                0.0017   0.0017   0.4685   0.7272   1.9998    0.611   0.0017   0.0017
  weight sum                   43      148       76       61       64       24        0        0
  precision                  0.01     0.01     0.01     0.01     0.01     0.01     0.01     0.01

RGB Color Histogram25
  mean                     0.0698   0.1216   0.8553    0.918   1.7656   1.2917        0        0
  std. dev.                0.2548   0.3839   0.8691   0.8925   1.6273    0.611   0.0017   0.0017
  weight sum                   43      148       76       61       64       24        0        0
  precision                  0.01     0.01     0.01     0.01     0.01     0.01     0.01     0.01

RGB Color Histogram26
  mean                     1.3023   1.0473   2.3816   1.6557   1.9063   0.7917        0        0
  std. dev.                1.1917   1.3423   1.6541   1.5877   1.3077   0.4061   0.0017   0.0017
  weight sum                   43      148       76       61       64       24        0        0
  precision                  0.01     0.01     0.01     0.01     0.01     0.01     0.01     0.01

RGB Color Histogram27
  mean                          0        0   0.0658   0.0656   0.7188   0.3333        0        0
  std. dev.                0.0017   0.0017   0.2963   0.2475   1.2805   0.4714   0.0017   0.0017
  weight sum                   43      148       76       61       64       24        0        0
  precision                  0.01     0.01     0.01     0.01     0.01     0.01     0.01     0.01

RGB Color Histogram28
  mean                          0        0        0   0.2295   0.1094   0.0833        0        0
  std. dev.                0.0017   0.0017   0.0017   0.9477   0.3121   0.2764   0.0017   0.0017
  weight sum                   43      148       76       61       64       24        0        0
  precision                  0.01     0.01     0.01     0.01     0.01     0.01     0.01     0.01

RGB Color Histogram29
  mean                          0        0   0.0132   0.0656   0.0313        0        0        0
  std. dev.                0.0017   0.0017    0.114   0.3067    0.174   0.0017   0.0017   0.0017
  weight sum                   43      148       76       61       64       24        0        0
  precision                  0.01     0.01     0.01     0.01     0.01     0.01     0.01     0.01

RGB Color Histogram30
  mean                          0        0   0.4079   0.3934   0.1875        0        0        0
  std. dev.                0.0017   0.0017   0.6723   0.7527   0.5266   0.0017   0.0017   0.0017
  weight sum                   43      148       76       61       64       24        0        0
  precision                  0.01     0.01     0.01     0.01     0.01     0.01     0.01     0.01

RGB Color Histogram31
  mean                     0.0233   0.0676   1.4474   1.4098   1.7188        1        0        0
  std. dev.                0.1507      0.3   1.7121   2.3215   2.2533        1   0.0017   0.0017
  weight sum                   43      148       76       61       64       24        0        0
  precision                  0.01     0.01     0.01     0.01     0.01     0.01     0.01     0.01

RGB Color Histogram32
  mean                          0   0.1014   3.3816   2.8033   9.7969   2.5833        0        0
  std. dev.                0.0017   0.5165   3.5093   2.8791   4.7043    1.754   0.0017   0.0017
  weight sum                   43      148       76       61       64       24        0        0
  precision                  0.01     0.01     0.01     0.01     0.01     0.01     0.01     0.01

RGB Color Histogram33
  mean                          0        0     0.75    0.623   0.4531   0.3333        0        0
  std. dev.                0.0017   0.0017   0.7801   0.8131   0.6106   0.4714   0.0017   0.0017
  weight sum                   43      148       76       61       64       24        0        0
  precision                  0.01     0.01     0.01     0.01     0.01     0.01     0.01     0.01

RGB Color Histogram34
  mean                          0        0        0   0.0164    0.125        0        0        0
  std. dev.                0.0017   0.0017   0.0017    0.127   0.4146   0.0017   0.0017   0.0017
  weight sum                   43      148       76       61       64       24        0        0
  precision                  0.01     0.01     0.01     0.01     0.01     0.01     0.01     0.01

RGB Color Histogram35
  mean                          0        0        0   0.1311   0.0313        0        0        0
  std. dev.                0.0017   0.0017   0.0017   1.0159    0.174   0.0017   0.0017   0.0017
  weight sum                   43      148       76       61       64       24        0        0
  precision                  0.01     0.01     0.01     0.01     0.01     0.01     0.01     0.01

RGB Color Histogram36
  mean                          0        0   0.3026   0.4426   1.7188   1.1667        0        0
  std. dev.                0.0017   0.0017   0.5624   0.9148   2.0114   0.7993   0.0017   0.0017
  weight sum                   43      148       76       61       64       24        0        0
  precision                  0.01     0.01     0.01     0.01     0.01     0.01     0.01     0.01

RGB Color Histogram37
  mean                     0.4419   0.5338   1.8421   1.4098   2.2969   0.9167        0        0
  std. dev.                0.8436   1.0095   1.3674   1.0303    1.578    0.493   0.0017   0.0017
  weight sum                   43      148       76       61       64       24        0        0
  precision                  0.01     0.01     0.01     0.01     0.01     0.01     0.01     0.01

RGB Color Histogram38
  mean                          0   0.0338   0.6447   0.4918    0.875    0.625        0        0
  std. dev.                0.0017   0.1807   1.3249   0.6683    0.875   0.4841   0.0017   0.0017
  weight sum                   43      148       76       61       64       24        0        0
  precision                  0.01     0.01     0.01     0.01     0.01     0.01     0.01     0.01

RGB Color Histogram39
  mean                          0        0   0.0395   0.0984   0.0313   0.0833        0        0
  std. dev.                0.0017   0.0017   0.2534   0.5641    0.174   0.2764   0.0017   0.0017
  weight sum                   43      148       76       61       64       24        0        0
  precision                  0.01     0.01     0.01     0.01     0.01     0.01     0.01     0.01

RGB Color Histogram40
  mean                          0        0   0.1974   0.3934   0.7031   0.5833        0        0
  std. dev.                0.0017   0.0017   0.5385   1.2184    1.246   0.9538   0.0017   0.0017
  weight sum                   43      148       76       61       64       24        0        0
  precision                  0.01     0.01     0.01     0.01     0.01     0.01     0.01     0.01

RGB Color Histogram41
  mean                     0.0698   0.0541   0.6711   0.5082   2.4063    1.375        0        0
  std. dev.                0.2548   0.2261   1.3118   1.1959   2.2411   0.8069   0.0017   0.0017
  weight sum                   43      148       76       61       64       24        0        0
  precision                  0.01     0.01     0.01     0.01     0.01     0.01     0.01     0.01

RGB Color Histogram42
  mean                     7.7442   5.7297      3.5   3.4918   5.2031   3.0833        0        0
  std. dev.                3.8464   4.0179   3.6939   2.6589   3.0474   2.3437   0.0017   0.0017
  weight sum                   43      148       76       61       64       24        0        0
  precision                  0.01     0.01     0.01     0.01     0.01     0.01     0.01     0.01

RGB Color Histogram43
  mean                     0.4186   0.1757      0.5   0.3934   1.1406     0.75        0        0
  std. dev.                  0.58   0.4893   0.7522   0.7306   0.9821   0.7773   0.0017   0.0017
  weight sum                   43      148       76       61       64       24        0        0
  precision                  0.01     0.01     0.01     0.01     0.01     0.01     0.01     0.01

RGB Color Histogram44
  mean                          0        0   0.0921    0.377   0.3438      0.5        0        0
  std. dev.                0.0017   0.0017   0.5661   1.2952     0.87   0.6455   0.0017   0.0017
  weight sum                   43      148       76       61       64       24        0        0
  precision                  0.01     0.01     0.01     0.01     0.01     0.01     0.01     0.01

RGB Color Histogram45
  mean                          0        0   0.0526   0.1803   0.3906   0.1667        0        0
  std. dev.                0.0017   0.0017    0.276   0.4962   0.9782   0.3727   0.0017   0.0017
  weight sum                   43      148       76       61       64       24        0        0
  precision                  0.01     0.01     0.01     0.01     0.01     0.01     0.01     0.01

RGB Color Histogram46
  mean                     0.0233   0.0338   0.6579    0.541     0.75   0.7917        0        0
  std. dev.                0.1507   0.1807   0.6987   0.7804   0.7706   0.4061   0.0017   0.0017
  weight sum                   43      148       76       61       64       24        0        0
  precision                  0.01     0.01     0.01     0.01     0.01     0.01     0.01     0.01

RGB Color Histogram47
  mean                     1.5814   0.9662   4.5132   3.9672   3.9531    2.125        0        0
  std. dev.                1.8074   1.7684   2.9177   3.2186   3.3234   0.9709   0.0017   0.0017
  weight sum                   43      148       76       61       64       24        0        0
  precision                  0.01     0.01     0.01     0.01     0.01     0.01     0.01     0.01

RGB Color Histogram48
  mean                          0        0   1.5526   1.7049  34.4219   2.4167        0        0
  std. dev.                0.0017   0.0017   3.2783   3.3892  35.2393    2.431   0.0017   0.0017
  weight sum                   43      148       76       61       64       24        0        0
  precision                  0.01     0.01     0.01     0.01     0.01     0.01     0.01     0.01

RGB Color Histogram49
  mean                          0        0   0.6053   0.3934    0.875   0.0833        0        0
  std. dev.                0.0017   0.0017   1.2781   0.8547   1.5155   0.2764   0.0017   0.0017
  weight sum                   43      148       76       61       64       24        0        0
  precision                  0.01     0.01     0.01     0.01     0.01     0.01     0.01     0.01

RGB Color Histogram50
  mean                          0        0   0.0789    0.082   0.1406        0        0        0
  std. dev.                0.0017   0.0017   0.3894   0.2743   0.4282   0.0017   0.0017   0.0017
  weight sum                   43      148       76       61       64       24        0        0
  precision                  0.01     0.01     0.01     0.01     0.01     0.01     0.01     0.01

RGB Color Histogram51
  mean                          0        0   0.0263   0.0164    0.375        0        0        0
  std. dev.                0.0017   0.0017   0.2279    0.127   1.1659   0.0017   0.0017   0.0017
  weight sum                   43      148       76       61       64       24        0        0
  precision                  0.01     0.01     0.01     0.01     0.01     0.01     0.01     0.01

RGB Color Histogram52
  mean                          0        0   0.1184   0.2295   5.4688      1.5        0        0
  std. dev.                0.0017   0.0017   0.6063   0.7331   6.4903   1.3229   0.0017   0.0017
  weight sum                   43      148       76       61       64       24        0        0
  precision                  0.01     0.01     0.01     0.01     0.01     0.01     0.01     0.01

RGB Color Histogram53
  mean                          0        0   0.4474   0.2459   0.7344     0.25        0        0
  std. dev.                0.0017   0.0017   0.6568    0.501   1.2777   0.5951   0.0017   0.0017
  weight sum                   43      148       76       61       64       24        0        0
  precision                  0.01     0.01     0.01     0.01     0.01     0.01     0.01     0.01

RGB Color Histogram54
  mean                          0        0   0.6053   0.3607   0.2656   0.1667        0        0
  std. dev.                0.0017   0.0017   0.8596   0.7473   0.5075   0.3727   0.0017   0.0017
  weight sum                   43      148       76       61       64       24        0        0
  precision                  0.01     0.01     0.01     0.01     0.01     0.01     0.01     0.01

RGB Color Histogram55
  mean                          0        0   0.1184   0.0984   0.1406        0        0        0
  std. dev.                0.0017   0.0017   0.5372   0.2978   0.3476   0.0017   0.0017   0.0017
  weight sum                   43      148       76       61       64       24        0        0
  precision                  0.01     0.01     0.01     0.01     0.01     0.01     0.01     0.01

RGB Color Histogram56
  mean                          0        0   0.1447   0.8033   2.4219   1.9167        0        0
  std. dev.                0.0017   0.0017   1.0476   4.3751   3.1265   1.7058   0.0017   0.0017
  weight sum                   43      148       76       61       64       24        0        0
  precision                  0.01     0.01     0.01     0.01     0.01     0.01     0.01     0.01

RGB Color Histogram57
  mean                          0        0   0.1447   0.2787   1.0781   0.6667        0        0
  std. dev.                0.0017   0.0017   0.6429    0.771   1.4717   0.7454   0.0017   0.0017
  weight sum                   43      148       76       61       64       24        0        0
  precision                  0.01     0.01     0.01     0.01     0.01     0.01     0.01     0.01

RGB Color Histogram58
  mean                     0.0465   0.1486   1.6579   0.9016   1.9375   0.5833        0        0
  std. dev.                0.3014    0.425   1.8032    0.918   1.3448    0.493   0.0017   0.0017
  weight sum                   43      148       76       61       64       24        0        0
  precision                  0.01     0.01     0.01     0.01     0.01     0.01     0.01     0.01

RGB Color Histogram59
  mean                     0.0233   0.0068   1.2237   0.8361    1.625    0.875        0        0
  std. dev.                0.1507   0.0819   1.3917   1.2698    1.663   0.7806   0.0017   0.0017
  weight sum                   43      148       76       61       64       24        0        0
  precision                  0.01     0.01     0.01     0.01     0.01     0.01     0.01     0.01

RGB Color Histogram60
  mean                          0        0   0.4474   1.0656   1.2656     5.75        0        0
  std. dev.                0.0017   0.0017   3.0149   4.2266   1.8561   5.6881   0.0017   0.0017
  weight sum                   43      148       76       61       64       24        0        0
  precision                  0.01     0.01     0.01     0.01     0.01     0.01     0.01     0.01

RGB Color Histogram61
  mean                          0        0   0.4079   1.1967   1.4688   3.9167        0        0
  std. dev.                0.0017   0.0017    1.865   3.4821   1.7851    3.148   0.0017   0.0017
  weight sum                   43      148       76       61       64       24        0        0
  precision                  0.01     0.01     0.01     0.01     0.01     0.01     0.01     0.01

RGB Color Histogram62
  mean                     0.0698   0.0608   1.0789    2.082      3.5     6.25        0        0
  std. dev.                0.3338   0.2901   2.9503   6.2366     2.58   3.7997   0.0017   0.0017
  weight sum                   43      148       76       61       64       24        0        0
  precision                  0.01     0.01     0.01     0.01     0.01     0.01     0.01     0.01

RGB Color Histogram63
  mean                    14.3488   9.1959  92.1316  79.9836  69.3125  63.8333        0        0
  std. dev.               10.2183  10.5604  64.3259  59.1842  40.0924  27.3871   0.0017   0.0017
  weight sum                   43      148       76       61       64       24        0        0
  precision                  0.01     0.01     0.01     0.01     0.01     0.01     0.01     0.01



Time taken to build model: 0.15 seconds

Time taken to test model on training data: 0.07 seconds

=== Error on training data ===

Correctly Classified Instances         207               49.7596 %
Incorrectly Classified Instances       209               50.2404 %
Kappa statistic                          0.4055
Mean absolute error                      0.1263
Root mean squared error                  0.3534
Relative absolute error                 64.532  %
Root relative squared error            113.1113 %
Total Number of Instances              416     


=== Detailed Accuracy By Class ===

                 TP Rate  FP Rate  Precision  Recall   F-Measure  MCC      ROC Area  PRC Area  Class
                 0.977    0.330    0.255      0.977    0.404      0.403    0.930     0.635     K1
                 0.176    0.090    0.520      0.176    0.263      0.127    0.884     0.658     K2
                 0.868    0.106    0.647      0.868    0.742      0.685    0.941     0.738     K3
                 0.082    0.006    0.714      0.082    0.147      0.210    0.886     0.536     K4
                 0.688    0.011    0.917      0.688    0.786      0.764    0.974     0.905     K5
                 1.000    0.051    0.545      1.000    0.706      0.719    0.980     0.600     K6
                 ?        0.000    ?          ?        ?          ?        ?         ?         K7
                 ?        0.000    ?          ?        ?          ?        ?         ?         K8
Weighted Avg.    0.498    0.091    0.607      0.498    0.454      0.402    0.919     0.687     


=== Confusion Matrix ===

   a   b   c   d   e   f   g   h   <-- classified as
  42   1   0   0   0   0   0   0 |   a = K1
 121  26   1   0   0   0   0   0 |   b = K2
   0   7  66   2   1   0   0   0 |   c = K3
   2  14  33   5   3   4   0   0 |   d = K4
   0   2   2   0  44  16   0   0 |   e = K5
   0   0   0   0   0  24   0   0 |   f = K6
   0   0   0   0   0   0   0   0 |   g = K7
   0   0   0   0   0   0   0   0 |   h = K8

Time taken to perform cross-validation: 0.09 seconds


=== Stratified cross-validation ===

Correctly Classified Instances         262               62.9808 %
Incorrectly Classified Instances       154               37.0192 %
Kappa statistic                          0.5355
Mean absolute error                      0.0988
Root mean squared error                  0.2876
Relative absolute error                 50.4941 %
Root relative squared error             92.029  %
Total Number of Instances              416     


=== Detailed Accuracy By Class ===

                 TP Rate  FP Rate  Precision  Recall   F-Measure  MCC      ROC Area  PRC Area  Class
                 0.767    0.129    0.407      0.767    0.532      0.491    0.902     0.510     K1
                 0.635    0.127    0.734      0.635    0.681      0.527    0.873     0.669     K2
                 0.789    0.109    0.619      0.789    0.694      0.622    0.879     0.593     K3
                 0.115    0.028    0.412      0.115    0.179      0.155    0.796     0.376     K4
                 0.688    0.023    0.846      0.688    0.759      0.725    0.969     0.848     K5
                 1.000    0.043    0.585      1.000    0.738      0.748    0.994     0.876     K6
                 ?        0.000    ?          ?        ?          ?        ?         ?         K7
                 ?        0.000    ?          ?        ?          ?        ?         ?         K8
Weighted Avg.    0.630    0.088    0.641      0.630    0.610      0.529    0.887     0.635     


=== Confusion Matrix ===

  a  b  c  d  e  f  g  h   <-- classified as
 33 10  0  0  0  0  0  0 |  a = K1
 48 94  5  1  0  0  0  0 |  b = K2
  0  6 60  8  2  0  0  0 |  c = K3
  0 16 31  7  6  1  0  0 |  d = K4
  0  2  1  1 44 16  0  0 |  e = K5
  0  0  0  0  0 24  0  0 |  f = K6
  0  0  0  0  0  0  0  0 |  g = K7
  0  0  0  0  0  0  0  0 |  h = K8

