
=== Classifier model (full training set) ===

Naive Bayes Classifier

                           Class
Attribute                     K1       K2       K3       K4       K5       K6       K7       K8
                           (0.1)   (0.35)   (0.18)   (0.15)   (0.15)   (0.06)      (0)      (0)
================================================================================================
RGB Color Histogram0
  mean                   123.1229   123.89 187.0502 184.7876  27.3214 109.5026        0        0
  std. dev.              108.9651 104.8797  59.4213  58.7832  64.6755 109.9415   0.2891   0.2891
  weight sum                   43      148       76       61       64       24        0        0
  precision                1.7347   1.7347   1.7347   1.7347   1.7347   1.7347   1.7347   1.7347

RGB Color Histogram1
  mean                     3.8615   5.5295   3.6674    6.708  25.9448  21.4971        0        0
  std. dev.                7.7673  10.9795   5.6887  11.1321  54.8697  34.9922   0.9884   0.9884
  weight sum                   43      148       76       61       64       24        0        0
  precision                5.9302   5.9302   5.9302   5.9302   5.9302   5.9302   5.9302   5.9302

RGB Color Histogram2
  mean                          0        0        0        0   2.9792   17.875        0        0
  std. dev.                3.9722   3.9722   3.9722   3.9722   9.8808  40.8483   3.9722   3.9722
  weight sum                   43      148       76       61       64       24        0        0
  precision               23.8333  23.8333  23.8333  23.8333  23.8333  23.8333  23.8333  23.8333

RGB Color Histogram3
  mean                          0        0        0        0        0        0        0        0
  std. dev.                0.0017   0.0017   0.0017   0.0017   0.0017   0.0017   0.0017   0.0017
  weight sum                   43      148       76       61       64       24        0        0
  precision                  0.01     0.01     0.01     0.01     0.01     0.01     0.01     0.01

RGB Color Histogram4
  mean                     2.7579   0.0501   0.1463    0.486    3.011  16.9853        0        0
  std. dev.               10.4541   0.6176   0.7216   1.7076   5.7439  20.7418   0.6176   0.6176
  weight sum                   43      148       76       61       64       24        0        0
  precision                3.7059   3.7059   3.7059   3.7059   3.7059   3.7059   3.7059   3.7059

RGB Color Histogram5
  mean                     2.3891   1.1238   5.2137   4.8117   10.701  65.0214        0        0
  std. dev.                7.5617   4.8285   5.7409   7.8476    32.39  47.9405   0.8153   0.8153
  weight sum                   43      148       76       61       64       24        0        0
  precision                4.8919   4.8919   4.8919   4.8919   4.8919   4.8919   4.8919   4.8919

RGB Color Histogram6
  mean                          0        0        0        0  24.7363 159.8177        0        0
  std. dev.                1.7708   1.7708   1.7708   1.7708  29.2221  77.4411   1.7708   1.7708
  weight sum                   43      148       76       61       64       24        0        0
  precision                10.625   10.625   10.625   10.625   10.625   10.625   10.625   10.625

RGB Color Histogram7
  mean                          0        0        0        0     8.75        0        0        0
  std. dev.                3.1111   3.1111   3.1111   3.1111  24.9064   3.1111   3.1111   3.1111
  weight sum                   43      148       76       61       64       24        0        0
  precision               18.6667  18.6667  18.6667  18.6667  18.6667  18.6667  18.6667  18.6667

RGB Color Histogram8
  mean                          0        0        0        0        0        0        0        0
  std. dev.                0.0017   0.0017   0.0017   0.0017   0.0017   0.0017   0.0017   0.0017
  weight sum                   43      148       76       61       64       24        0        0
  precision                  0.01     0.01     0.01     0.01     0.01     0.01     0.01     0.01

RGB Color Histogram9
  mean                          0        0   0.0132        0        0        0        0        0
  std. dev.                0.1667   0.1667   0.1667   0.1667   0.1667   0.1667   0.1667   0.1667
  weight sum                   43      148       76       61       64       24        0        0
  precision                     1        1        1        1        1        1        1        1

RGB Color Histogram10
  mean                          0        0        0        0        0        0        0        0
  std. dev.                0.0017   0.0017   0.0017   0.0017   0.0017   0.0017   0.0017   0.0017
  weight sum                   43      148       76       61       64       24        0        0
  precision                  0.01     0.01     0.01     0.01     0.01     0.01     0.01     0.01

RGB Color Histogram11
  mean                          0        0        0        0   0.6094        0        0        0
  std. dev.                1.0833   1.0833   1.0833   1.0833    2.496   1.0833   1.0833   1.0833
  weight sum                   43      148       76       61       64       24        0        0
  precision                   6.5      6.5      6.5      6.5      6.5      6.5      6.5      6.5

RGB Color Histogram12
  mean                          0        0        0        0        0        0        0        0
  std. dev.                0.0017   0.0017   0.0017   0.0017   0.0017   0.0017   0.0017   0.0017
  weight sum                   43      148       76       61       64       24        0        0
  precision                  0.01     0.01     0.01     0.01     0.01     0.01     0.01     0.01

RGB Color Histogram13
  mean                          0        0        0        0        0        0        0        0
  std. dev.                0.0017   0.0017   0.0017   0.0017   0.0017   0.0017   0.0017   0.0017
  weight sum                   43      148       76       61       64       24        0        0
  precision                  0.01     0.01     0.01     0.01     0.01     0.01     0.01     0.01

RGB Color Histogram14
  mean                          0        0        0        0        0        0        0        0
  std. dev.                0.0017   0.0017   0.0017   0.0017   0.0017   0.0017   0.0017   0.0017
  weight sum                   43      148       76       61       64       24        0        0
  precision                  0.01     0.01     0.01     0.01     0.01     0.01     0.01     0.01

RGB Color Histogram15
  mean                          0        0        0        0        0        0        0        0
  std. dev.                0.0017   0.0017   0.0017   0.0017   0.0017   0.0017   0.0017   0.0017
  weight sum                   43      148       76       61       64       24        0        0
  precision                  0.01     0.01     0.01     0.01     0.01     0.01     0.01     0.01

RGB Color Histogram16
  mean                    90.5102 139.1408  99.4836   60.876  12.6504   2.2578        0        0
  std. dev.               76.1646  94.1337  85.1137  64.1328  33.4354   3.9286   0.2656   0.2656
  weight sum                   43      148       76       61       64       24        0        0
  precision                1.5938   1.5938   1.5938   1.5938   1.5938   1.5938   1.5938   1.5938

RGB Color Histogram17
  mean                     9.4585  13.2886  24.0451  14.5679  28.9018   1.3929        0        0
  std. dev.                9.5775  19.4733  25.7062  25.5135  51.4262   3.8566   0.4643   0.4643
  weight sum                   43      148       76       61       64       24        0        0
  precision                2.7857   2.7857   2.7857   2.7857   2.7857   2.7857   2.7857   2.7857

RGB Color Histogram18
  mean                          0        0        0        0   0.3125        0        0        0
  std. dev.                1.6667   1.6667   1.6667   1.6667   1.7399   1.6667   1.6667   1.6667
  weight sum                   43      148       76       61       64       24        0        0
  precision                    10       10       10       10       10       10       10       10

RGB Color Histogram19
  mean                          0        0        0        0        0        0        0        0
  std. dev.                0.0017   0.0017   0.0017   0.0017   0.0017   0.0017   0.0017   0.0017
  weight sum                   43      148       76       61       64       24        0        0
  precision                  0.01     0.01     0.01     0.01     0.01     0.01     0.01     0.01

RGB Color Histogram20
  mean                    24.4245   7.1547  16.4351  21.7519   5.1324   9.0042        0        0
  std. dev.               58.2171  17.9663  48.4945  46.7071   9.2595   8.7262   0.7203   0.7203
  weight sum                   43      148       76       61       64       24        0        0
  precision                 4.322    4.322    4.322    4.322    4.322    4.322    4.322    4.322

RGB Color Histogram21
  mean                   171.0997   157.47 189.3361 162.7973 208.2818 183.3187        0        0
  std. dev.               87.0718  87.2149  80.7191  87.2874   83.124  73.6667   0.2993   0.2993
  weight sum                   43      148       76       61       64       24        0        0
  precision                1.7958   1.7958   1.7958   1.7958   1.7958   1.7958   1.7958   1.7958

RGB Color Histogram22
  mean                    13.6653   10.188  13.5669  30.2922  30.7201  77.9167        0        0
  std. dev.               42.7099  24.3124   30.008  57.5485  38.4723  69.6634   0.6159   0.6159
  weight sum                   43      148       76       61       64       24        0        0
  precision                3.6957   3.6957   3.6957   3.6957   3.6957   3.6957   3.6957   3.6957

RGB Color Histogram23
  mean                          0        0        0        0   4.9479        0        0        0
  std. dev.                2.1111   2.1111   2.1111   2.1111  16.0874   2.1111   2.1111   2.1111
  weight sum                   43      148       76       61       64       24        0        0
  precision               12.6667  12.6667  12.6667  12.6667  12.6667  12.6667  12.6667  12.6667

RGB Color Histogram24
  mean                          0        0        0        0        0   0.0833        0        0
  std. dev.                0.1667   0.1667   0.1667   0.1667   0.1667   0.2764   0.1667   0.1667
  weight sum                   43      148       76       61       64       24        0        0
  precision                     1        1        1        1        1        1        1        1

RGB Color Histogram25
  mean                          0        0   0.2939   0.6102   3.4896  46.2176        0        0
  std. dev.                1.2407   1.2407   1.4496   2.0421   6.8342  44.0408   1.2407   1.2407
  weight sum                   43      148       76       61       64       24        0        0
  precision                7.4444   7.4444   7.4444   7.4444   7.4444   7.4444   7.4444   7.4444

RGB Color Histogram26
  mean                     0.1011   0.0587  20.0691  17.4531   3.6665  43.4545        0        0
  std. dev.                0.7242   0.7242  39.0262  39.5263   6.8802  32.4457   0.7242   0.7242
  weight sum                   43      148       76       61       64       24        0        0
  precision                4.3455   4.3455   4.3455   4.3455   4.3455   4.3455   4.3455   4.3455

RGB Color Histogram27
  mean                          0        0        0   0.6995   8.6667        0        0        0
  std. dev.                3.5556   3.5556   3.5556   5.4179  29.1433   3.5556   3.5556   3.5556
  weight sum                   43      148       76       61       64       24        0        0
  precision               21.3333  21.3333  21.3333  21.3333  21.3333  21.3333  21.3333  21.3333

RGB Color Histogram28
  mean                          0        0        0        0        0        0        0        0
  std. dev.                0.0017   0.0017   0.0017   0.0017   0.0017   0.0017   0.0017   0.0017
  weight sum                   43      148       76       61       64       24        0        0
  precision                  0.01     0.01     0.01     0.01     0.01     0.01     0.01     0.01

RGB Color Histogram29
  mean                          0        0        0        0        0        0        0        0
  std. dev.                0.0017   0.0017   0.0017   0.0017   0.0017   0.0017   0.0017   0.0017
  weight sum                   43      148       76       61       64       24        0        0
  precision                  0.01     0.01     0.01     0.01     0.01     0.01     0.01     0.01

RGB Color Histogram30
  mean                          0        0   0.0132        0        0        0        0        0
  std. dev.                0.1667   0.1667   0.1667   0.1667   0.1667   0.1667   0.1667   0.1667
  weight sum                   43      148       76       61       64       24        0        0
  precision                     1        1        1        1        1        1        1        1

RGB Color Histogram31
  mean                          0        0   0.0263        0        0        0        0        0
  std. dev.                0.3333   0.3333   0.3333   0.3333   0.3333   0.3333   0.3333   0.3333
  weight sum                   43      148       76       61       64       24        0        0
  precision                     2        2        2        2        2        2        2        2

RGB Color Histogram32
  mean                    24.3023  19.6959  11.8421  19.5902   0.1563        0        0        0
  std. dev.               59.0386  56.4975  39.4522  48.4962     0.87   0.8333   0.8333   0.8333
  weight sum                   43      148       76       61       64       24        0        0
  precision                     5        5        5        5        5        5        5        5

RGB Color Histogram33
  mean                     0.1008   0.2928    3.307   1.7049    1.625        0        0        0
  std. dev.                0.7222   1.6449  10.5413   4.9176   9.0476   0.7222   0.7222   0.7222
  weight sum                   43      148       76       61       64       24        0        0
  precision                4.3333   4.3333   4.3333   4.3333   4.3333   4.3333   4.3333   4.3333

RGB Color Histogram34
  mean                          0        0        0        0        0        0        0        0
  std. dev.                0.0017   0.0017   0.0017   0.0017   0.0017   0.0017   0.0017   0.0017
  weight sum                   43      148       76       61       64       24        0        0
  precision                  0.01     0.01     0.01     0.01     0.01     0.01     0.01     0.01

RGB Color Histogram35
  mean                          0        0        0        0        0        0        0        0
  std. dev.                0.0017   0.0017   0.0017   0.0017   0.0017   0.0017   0.0017   0.0017
  weight sum                   43      148       76       61       64       24        0        0
  precision                  0.01     0.01     0.01     0.01     0.01     0.01     0.01     0.01

RGB Color Histogram36
  mean                    11.4651  12.2523  17.9693  22.9454        0        0        0        0
  std. dev.               23.5866  37.9392  63.2711  64.8655   0.9444   0.9444   0.9444   0.9444
  weight sum                   43      148       76       61       64       24        0        0
  precision                5.6667   5.6667   5.6667   5.6667   5.6667   5.6667   5.6667   5.6667

RGB Color Histogram37
  mean                    58.4022  45.4588  26.6024  39.7131   57.311   7.2098        0        0
  std. dev.               71.0712  72.5563  45.3935  57.2798  58.7522  12.9074   0.3795   0.3795
  weight sum                   43      148       76       61       64       24        0        0
  precision                2.2768   2.2768   2.2768   2.2768   2.2768   2.2768   2.2768   2.2768

RGB Color Histogram38
  mean                    14.0743  12.1245  11.4713   4.9259  19.9043   0.3527        0        0
  std. dev.               13.7432   19.726  19.1226  11.9256  54.0566   1.1697   0.7054   0.7054
  weight sum                   43      148       76       61       64       24        0        0
  precision                4.2321   4.2321   4.2321   4.2321   4.2321   4.2321   4.2321   4.2321

RGB Color Histogram39
  mean                          0        0        0        0        0        0        0        0
  std. dev.                0.0017   0.0017   0.0017   0.0017   0.0017   0.0017   0.0017   0.0017
  weight sum                   43      148       76       61       64       24        0        0
  precision                  0.01     0.01     0.01     0.01     0.01     0.01     0.01     0.01

RGB Color Histogram40
  mean                          0        0        0   1.7213        0        0        0        0
  std. dev.                  1.75     1.75     1.75   7.6477     1.75     1.75     1.75     1.75
  weight sum                   43      148       76       61       64       24        0        0
  precision                  10.5     10.5     10.5     10.5     10.5     10.5     10.5     10.5

RGB Color Histogram41
  mean                     0.5739   1.5562   0.5412   3.1015  20.3075  49.3548        0        0
  std. dev.                2.0956   8.8342   3.0823   7.7629   46.486  71.5141    1.371    1.371
  weight sum                   43      148       76       61       64       24        0        0
  precision                8.2258   8.2258   8.2258   8.2258   8.2258   8.2258   8.2258   8.2258

RGB Color Histogram42
  mean                    32.0994  32.3887  78.7409  86.4062 105.3483  102.156        0        0
  std. dev.               45.4878  53.3364 102.8452 104.1944  85.7347   89.203   0.3899   0.3899
  weight sum                   43      148       76       61       64       24        0        0
  precision                2.3394   2.3394   2.3394   2.3394   2.3394   2.3394   2.3394   2.3394

RGB Color Histogram43
  mean                     1.5249    4.972   5.9436   8.3607  25.9554   1.8214        0        0
  std. dev.                2.9639  15.1515  26.4468   38.003  66.0864   4.3359   1.2143   1.2143
  weight sum                   43      148       76       61       64       24        0        0
  precision                7.2857   7.2857   7.2857   7.2857   7.2857   7.2857   7.2857   7.2857

RGB Color Histogram44
  mean                          0        0        0        0        0        0        0        0
  std. dev.                0.0017   0.0017   0.0017   0.0017   0.0017   0.0017   0.0017   0.0017
  weight sum                   43      148       76       61       64       24        0        0
  precision                  0.01     0.01     0.01     0.01     0.01     0.01     0.01     0.01

RGB Color Histogram45
  mean                          0        0        0        0        0     0.25        0        0
  std. dev.                   0.5      0.5      0.5      0.5      0.5   0.8292      0.5      0.5
  weight sum                   43      148       76       61       64       24        0        0
  precision                     3        3        3        3        3        3        3        3

RGB Color Histogram46
  mean                          0        0        0   1.3443        0        0        0        0
  std. dev.                3.4167   3.4167   3.4167  10.4126   3.4167   3.4167   3.4167   3.4167
  weight sum                   43      148       76       61       64       24        0        0
  precision                  20.5     20.5     20.5     20.5     20.5     20.5     20.5     20.5

RGB Color Histogram47
  mean                          0        0    6.345   3.6138   9.0417        0        0        0
  std. dev.                2.2963   2.2963   34.729  15.9551  29.3505   2.2963   2.2963   2.2963
  weight sum                   43      148       76       61       64       24        0        0
  precision               13.7778  13.7778  13.7778  13.7778  13.7778  13.7778  13.7778  13.7778

RGB Color Histogram48
  mean                          0   1.4865   0.4135   2.5761        0        0        0        0
  std. dev.                5.2381  18.0227   5.2381  14.2783   5.2381   5.2381   5.2381   5.2381
  weight sum                   43      148       76       61       64       24        0        0
  precision               31.4286  31.4286  31.4286  31.4286  31.4286  31.4286  31.4286  31.4286

RGB Color Histogram49
  mean                          0        0   0.5658        0        0        0        0        0
  std. dev.                2.3889   2.3889   4.8999   2.3889   2.3889   2.3889   2.3889   2.3889
  weight sum                   43      148       76       61       64       24        0        0
  precision               14.3333  14.3333  14.3333  14.3333  14.3333  14.3333  14.3333  14.3333

RGB Color Histogram50
  mean                          0        0        0        0        0        0        0        0
  std. dev.                0.0017   0.0017   0.0017   0.0017   0.0017   0.0017   0.0017   0.0017
  weight sum                   43      148       76       61       64       24        0        0
  precision                  0.01     0.01     0.01     0.01     0.01     0.01     0.01     0.01

RGB Color Histogram51
  mean                          0        0        0        0        0        0        0        0
  std. dev.                0.0017   0.0017   0.0017   0.0017   0.0017   0.0017   0.0017   0.0017
  weight sum                   43      148       76       61       64       24        0        0
  precision                  0.01     0.01     0.01     0.01     0.01     0.01     0.01     0.01

RGB Color Histogram52
  mean                          0   8.4823        0   3.5372        0        0        0        0
  std. dev.                3.2692  40.6089   3.2692  13.9871   3.2692   3.2692   3.2692   3.2692
  weight sum                   43      148       76       61       64       24        0        0
  precision               19.6154  19.6154  19.6154  19.6154  19.6154  19.6154  19.6154  19.6154

RGB Color Histogram53
  mean                     0.3826  11.7829   1.7317   3.7758   6.6835        0        0        0
  std. dev.                2.4795  44.3918   9.1789  16.6908  13.2378    1.371    1.371    1.371
  weight sum                   43      148       76       61       64       24        0        0
  precision                8.2258   8.2258   8.2258   8.2258   8.2258   8.2258   8.2258   8.2258

RGB Color Histogram54
  mean                          0   0.1104   0.1382   0.2104   0.3828        0        0        0
  std. dev.                0.1944   0.5964    0.887   0.8046   1.3533   0.1944   0.1944   0.1944
  weight sum                   43      148       76       61       64       24        0        0
  precision                1.1667   1.1667   1.1667   1.1667   1.1667   1.1667   1.1667   1.1667

RGB Color Histogram55
  mean                          0        0        0        0        0        0        0        0
  std. dev.                0.0017   0.0017   0.0017   0.0017   0.0017   0.0017   0.0017   0.0017
  weight sum                   43      148       76       61       64       24        0        0
  precision                  0.01     0.01     0.01     0.01     0.01     0.01     0.01     0.01

RGB Color Histogram56
  mean                          0        0        0  16.7213        0        0        0        0
  std. dev.                 21.25    21.25    21.25  63.1216    21.25    21.25    21.25    21.25
  weight sum                   43      148       76       61       64       24        0        0
  precision                 127.5    127.5    127.5    127.5    127.5    127.5    127.5    127.5

RGB Color Histogram57
  mean                      2.093   1.0338        0        0        0        0        0        0
  std. dev.               13.5643   5.3882      1.5      1.5      1.5      1.5      1.5      1.5
  weight sum                   43      148       76       61       64       24        0        0
  precision                     9        9        9        9        9        9        9        9

RGB Color Histogram58
  mean                     7.8785  12.7462   4.0822   9.2366   9.0265   0.5943        0        0
  std. dev.               15.4497   31.399   16.532  28.9301  19.1308    1.329   0.5943   0.5943
  weight sum                   43      148       76       61       64       24        0        0
  precision                 3.566    3.566    3.566    3.566    3.566    3.566    3.566    3.566

RGB Color Histogram59
  mean                     3.2583   8.5398   1.0754   0.5264   0.1368        0        0        0
  std. dev.                8.4974  18.4112   4.7785   3.0135    0.617   0.4865   0.4865   0.4865
  weight sum                   43      148       76       61       64       24        0        0
  precision                2.9189   2.9189   2.9189   2.9189   2.9189   2.9189   2.9189   2.9189

RGB Color Histogram60
  mean                          0        0        0   0.0164        0        0        0        0
  std. dev.                0.1667   0.1667   0.1667   0.1667   0.1667   0.1667   0.1667   0.1667
  weight sum                   43      148       76       61       64       24        0        0
  precision                     1        1        1        1        1        1        1        1

RGB Color Histogram61
  mean                          0        0        0        0        0        0        0        0
  std. dev.                0.0017   0.0017   0.0017   0.0017   0.0017   0.0017   0.0017   0.0017
  weight sum                   43      148       76       61       64       24        0        0
  precision                  0.01     0.01     0.01     0.01     0.01     0.01     0.01     0.01

RGB Color Histogram62
  mean                     1.5606   0.8766   0.7064   1.9068   0.7689   2.6096        0        0
  std. dev.                6.4638   5.0864   6.1174   10.942   2.9116   5.9064   0.7456   0.7456
  weight sum                   43      148       76       61       64       24        0        0
  precision                4.4737   4.4737   4.4737   4.4737   4.4737   4.4737   4.4737   4.4737

RGB Color Histogram63
  mean                    37.1987  50.2012   4.8804  36.0395  29.0376   1.6098        0        0
  std. dev.                73.279  83.1155  29.8446  86.6671  62.1943   3.6851   0.6439   0.6439
  weight sum                   43      148       76       61       64       24        0        0
  precision                3.8636   3.8636   3.8636   3.8636   3.8636   3.8636   3.8636   3.8636



Time taken to build model: 0.17 seconds

Time taken to test model on training data: 0.07 seconds

=== Error on training data ===

Correctly Classified Instances         229               55.0481 %
Incorrectly Classified Instances       187               44.9519 %
Kappa statistic                          0.467 
Mean absolute error                      0.1101
Root mean squared error                  0.3173
Relative absolute error                 56.2693 %
Root relative squared error            101.5536 %
Total Number of Instances              416     


=== Detailed Accuracy By Class ===

                 TP Rate  FP Rate  Precision  Recall   F-Measure  MCC      ROC Area  PRC Area  Class
                 0.907    0.362    0.224      0.907    0.359      0.336    0.838     0.397     K1
                 0.318    0.037    0.825      0.318    0.459      0.390    0.909     0.823     K2
                 0.526    0.059    0.667      0.526    0.588      0.514    0.859     0.666     K3
                 0.246    0.017    0.714      0.246    0.366      0.370    0.835     0.540     K4
                 1.000    0.020    0.901      1.000    0.948      0.940    0.999     0.996     K5
                 1.000    0.023    0.727      1.000    0.842      0.843    1.000     1.000     K6
                 ?        0.000    ?          ?        ?          ?        ?         ?         K7
                 ?        0.000    ?          ?        ?          ?        ?         ?         K8
Weighted Avg.    0.550    0.068    0.724      0.550    0.556      0.515    0.901     0.745     


=== Confusion Matrix ===

  a  b  c  d  e  f  g  h   <-- classified as
 39  3  1  0  0  0  0  0 |  a = K1
 94 47  3  2  2  0  0  0 |  b = K2
 23  3 40  4  1  5  0  0 |  c = K3
 18  4 16 15  4  4  0  0 |  d = K4
  0  0  0  0 64  0  0  0 |  e = K5
  0  0  0  0  0 24  0  0 |  f = K6
  0  0  0  0  0  0  0  0 |  g = K7
  0  0  0  0  0  0  0  0 |  h = K8

Time taken to perform cross-validation: 0.07 seconds


=== Stratified cross-validation ===

Correctly Classified Instances         213               51.2019 %
Incorrectly Classified Instances       203               48.7981 %
Kappa statistic                          0.4189
Mean absolute error                      0.1204
Root mean squared error                  0.3302
Relative absolute error                 61.4893 %
Root relative squared error            105.6693 %
Total Number of Instances              416     


=== Detailed Accuracy By Class ===

                 TP Rate  FP Rate  Precision  Recall   F-Measure  MCC      ROC Area  PRC Area  Class
                 0.698    0.365    0.181      0.698    0.287      0.207    0.722     0.252     K1
                 0.318    0.056    0.758      0.318    0.448      0.352    0.867     0.731     K2
                 0.487    0.065    0.627      0.487    0.548      0.468    0.792     0.491     K3
                 0.197    0.042    0.444      0.197    0.273      0.222    0.724     0.347     K4
                 0.984    0.023    0.887      0.984    0.933      0.922    0.996     0.959     K5
                 1.000    0.018    0.774      1.000    0.873      0.872    1.000     1.000     K6
                 ?        0.000    ?          ?        ?          ?        ?         ?         K7
                 ?        0.000    ?          ?        ?          ?        ?         ?         K8
Weighted Avg.    0.512    0.080    0.649      0.512    0.523      0.457    0.845     0.632     


=== Confusion Matrix ===

  a  b  c  d  e  f  g  h   <-- classified as
 30  6  2  5  0  0  0  0 |  a = K1
 94 47  3  2  2  0  0  0 |  b = K2
 24  3 37  7  2  3  0  0 |  c = K3
 18  6 17 12  4  4  0  0 |  d = K4
  0  0  0  1 63  0  0  0 |  e = K5
  0  0  0  0  0 24  0  0 |  f = K6
  0  0  0  0  0  0  0  0 |  g = K7
  0  0  0  0  0  0  0  0 |  h = K8

