
=== Classifier model (full training set) ===

Naive Bayes Classifier

                                       Class
Attribute                                 K1       K2       K3       K4       K5       K6       K7       K8
                                       (0.1)   (0.35)   (0.18)   (0.15)   (0.15)   (0.06)      (0)      (0)
============================================================================================================
Histogram of JPEG Coefficients0
  mean                                58.6806  52.9953   30.495  39.5446   3.2132   0.0857        0        0
  std. dev.                           57.4376  54.6131  29.6499  33.9677   6.7609   0.4109   0.3427   0.3427
  weight sum                               43      148       76       61       64       24        0        0
  precision                            2.0565   2.0565   2.0565   2.0565   2.0565   2.0565   2.0565   2.0565

Histogram of JPEG Coefficients1
  mean                               243.4175 237.6895 242.0508 248.9908 246.7822 251.0156        0        0
  std. dev.                            24.783  30.7783  35.6615  33.4185  18.0932  10.5417   0.6641   0.6641
  weight sum                               43      148       76       61       64       24        0        0
  precision                            3.9844   3.9844   3.9844   3.9844   3.9844   3.9844   3.9844   3.9844

Histogram of JPEG Coefficients2
  mean                               164.8866 135.2797 149.3919 157.6306 145.2158 175.8701        0        0
  std. dev.                           26.4981  34.0621    40.61  37.3957  34.9652  19.1987   0.2852   0.2852
  weight sum                               43      148       76       61       64       24        0        0
  precision                            1.7109   1.7109   1.7109   1.7109   1.7109   1.7109   1.7109   1.7109

Histogram of JPEG Coefficients3
  mean                                   71.5  62.9377  61.4316  79.7049  54.4094  64.6543        0        0
  std. dev.                           17.8227  21.3911  22.4938  26.4646  18.7936  11.7346   0.2535   0.2535
  weight sum                               43      148       76       61       64       24        0        0
  precision                            1.5213   1.5213   1.5213   1.5213   1.5213   1.5213   1.5213   1.5213

Histogram of JPEG Coefficients4
  mean                                39.6616  30.5423  38.4565  53.3974  39.1116  45.6784        0        0
  std. dev.                           17.9866  19.2691  19.9447  17.6611  12.5263   7.1453   0.1816   0.1816
  weight sum                               43      148       76       61       64       24        0        0
  precision                            1.0897   1.0897   1.0897   1.0897   1.0897   1.0897   1.0897   1.0897

Histogram of JPEG Coefficients5
  mean                                28.7174  30.3849   23.425  26.9995  15.0331  20.7071        0        0
  std. dev.                           17.6785  21.1328  11.2405  11.2935   8.9209   6.0078   0.2525   0.2525
  weight sum                               43      148       76       61       64       24        0        0
  precision                            1.5152   1.5152   1.5152   1.5152   1.5152   1.5152   1.5152   1.5152

Histogram of JPEG Coefficients6
  mean                                31.7568  33.5587   12.503  18.0337  10.5964  11.9381        0        0
  std. dev.                           18.2442  20.8946  10.7632  13.1474   6.6566   6.2793    0.219    0.219
  weight sum                               43      148       76       61       64       24        0        0
  precision                            1.3143   1.3143   1.3143   1.3143   1.3143   1.3143   1.3143   1.3143

Histogram of JPEG Coefficients7
  mean                                46.3253  54.6712   9.0597  11.7443  10.2609  10.1158        0        0
  std. dev.                           22.8324  32.6257   9.9678  10.9336  10.4429  20.3097   0.3317   0.3317
  weight sum                               43      148       76       61       64       24        0        0
  precision                              1.99     1.99     1.99     1.99     1.99     1.99     1.99     1.99

Histogram of JPEG Coefficients8
  mean                               182.2409  210.563 186.0436 169.3061 203.0854 199.4146        0        0
  std. dev.                           52.4906   46.877  33.8778  33.7061  33.0544    32.45   0.3035   0.3035
  weight sum                               43      148       76       61       64       24        0        0
  precision                            1.8211   1.8211   1.8211   1.8211   1.8211   1.8211   1.8211   1.8211

Histogram of JPEG Coefficients9
  mean                               155.0087 124.7213 200.3848 186.6166 194.7277 209.3678        0        0
  std. dev.                           42.8371  38.3825  64.2723  56.8706  37.1297  22.3601   0.2457   0.2457
  weight sum                               43      148       76       61       64       24        0        0
  precision                             1.474    1.474    1.474    1.474    1.474    1.474    1.474    1.474

Histogram of JPEG Coefficients10
  mean                                51.1237  32.6532  97.9156  89.8271  92.1171  93.1107        0        0
  std. dev.                           21.0695  20.6466  35.6256   30.775   31.194   9.5741   0.3028   0.3028
  weight sum                               43      148       76       61       64       24        0        0
  precision                            1.8168   1.8168   1.8168   1.8168   1.8168   1.8168   1.8168   1.8168

Histogram of JPEG Coefficients11
  mean                                 5.2981   4.8673   22.256  22.9925  21.7756  24.1818        0        0
  std. dev.                            3.4603   3.8884  10.9688  10.4339  10.4471   6.1807   0.2121   0.2121
  weight sum                               43      148       76       61       64       24        0        0
  precision                            1.2727   1.2727   1.2727   1.2727   1.2727   1.2727   1.2727   1.2727

Histogram of JPEG Coefficients12
  mean                                 3.7241   4.0676  12.6034  13.2233  12.0706  15.8161        0        0
  std. dev.                             2.154   3.2891     6.99   6.2407   7.0619   4.2517   0.2471   0.2471
  weight sum                               43      148       76       61       64       24        0        0
  precision                            1.4828   1.4828   1.4828   1.4828   1.4828   1.4828   1.4828   1.4828

Histogram of JPEG Coefficients13
  mean                                 4.8837   7.9223   1.8037   2.1755   2.3698    2.309        0        0
  std. dev.                            1.9863   5.7268   1.9916   2.2811   2.5325   4.7427   0.2431   0.2431
  weight sum                               43      148       76       61       64       24        0        0
  precision                            1.4583   1.4583   1.4583   1.4583   1.4583   1.4583   1.4583   1.4583

Histogram of JPEG Coefficients14
  mean                                 6.8899  10.7523   2.5281   2.8372   3.2771      4.4        0        0
  std. dev.                            2.7308   7.0491   3.0245   2.8463   3.5145   8.4254   0.2444   0.2444
  weight sum                               43      148       76       61       64       24        0        0
  precision                            1.4667   1.4667   1.4667   1.4667   1.4667   1.4667   1.4667   1.4667

Histogram of JPEG Coefficients15
  mean                                19.9435  27.6816   4.4422   4.7468   8.6057    8.779        0        0
  std. dev.                            8.9218  13.3986   5.2278   4.7946   8.0547    9.717   0.2054   0.2054
  weight sum                               43      148       76       61       64       24        0        0
  precision                            1.2321   1.2321   1.2321   1.2321   1.2321   1.2321   1.2321   1.2321

Histogram of JPEG Coefficients16
  mean                               111.1488 128.7793 104.0447  97.8066 107.4052 116.0861        0        0
  std. dev.                           36.7113  38.3163  27.4468  24.8674  25.4266  32.9324   0.2556   0.2556
  weight sum                               43      148       76       61       64       24        0        0
  precision                            1.5333   1.5333   1.5333   1.5333   1.5333   1.5333   1.5333   1.5333

Histogram of JPEG Coefficients17
  mean                                47.6717  33.2385    87.13  82.1022    87.75  85.4118        0        0
  std. dev.                           20.4467  16.8329  29.3906  21.0245  23.9639  12.6124   0.3529   0.3529
  weight sum                               43      148       76       61       64       24        0        0
  precision                            2.1176   2.1176   2.1176   2.1176   2.1176   2.1176   2.1176   2.1176

Histogram of JPEG Coefficients18
  mean                                 11.064   4.7122  38.7685   28.272  35.2251  30.1849        0        0
  std. dev.                            6.4342   4.7461  22.1154  14.5409  11.5968   6.4662   0.4505   0.4505
  weight sum                               43      148       76       61       64       24        0        0
  precision                            2.7031   2.7031   2.7031   2.7031   2.7031   2.7031   2.7031   2.7031

Histogram of JPEG Coefficients19
  mean                                 2.4872   3.4345   4.1461   4.5623    5.193   4.4562        0        0
  std. dev.                            1.3569   2.8169    3.918   4.6187   3.8141   2.1078   0.1917   0.1917
  weight sum                               43      148       76       61       64       24        0        0
  precision                              1.15     1.15     1.15     1.15     1.15     1.15     1.15     1.15

Histogram of JPEG Coefficients20
  mean                                 4.1262   5.6293    1.844   1.4543    1.125   1.0714        0        0
  std. dev.                            3.0192   5.1805   2.6245   1.6375   1.6932   1.4691   0.2143   0.2143
  weight sum                               43      148       76       61       64       24        0        0
  precision                            1.2857   1.2857   1.2857   1.2857   1.2857   1.2857   1.2857   1.2857

Histogram of JPEG Coefficients21
  mean                                 4.0768   6.8437    0.714   0.7527   1.3696   1.2174        0        0
  std. dev.                            1.9305    4.989   0.9965   1.1146   1.3128   4.7064   0.2319   0.2319
  weight sum                               43      148       76       61       64       24        0        0
  precision                            1.3913   1.3913   1.3913   1.3913   1.3913   1.3913   1.3913   1.3913

Histogram of JPEG Coefficients22
  mean                                 8.9436  13.0152   1.8884   1.6726    4.117   2.9432        0        0
  std. dev.                            4.0785   7.6196   2.6496   1.8229   3.2632   6.2243   0.1869   0.1869
  weight sum                               43      148       76       61       64       24        0        0
  precision                            1.1212   1.1212   1.1212   1.1212   1.1212   1.1212   1.1212   1.1212

Histogram of JPEG Coefficients23
  mean                                17.4159  26.5795   3.6587   3.7194    8.716   7.6054        0        0
  std. dev.                            7.4181  13.3263   4.2934   3.7769   6.5176  14.8224   0.2843   0.2843
  weight sum                               43      148       76       61       64       24        0        0
  precision                            1.7059   1.7059   1.7059   1.7059   1.7059   1.7059   1.7059   1.7059

Histogram of JPEG Coefficients24
  mean                                44.7712  61.9507  35.5098  37.8391  37.9688  40.6047        0        0
  std. dev.                           15.5345  18.8646  14.1414   12.741  13.3472  17.4526   0.2093   0.2093
  weight sum                               43      148       76       61       64       24        0        0
  precision                            1.2558   1.2558   1.2558   1.2558   1.2558   1.2558   1.2558   1.2558

Histogram of JPEG Coefficients25
  mean                                 5.9155   4.4456  16.3795  18.8697  16.6086  19.3026        0        0
  std. dev.                            3.4528   3.6652  11.2166  10.4398   6.9928   5.2199   0.2368   0.2368
  weight sum                               43      148       76       61       64       24        0        0
  precision                            1.4211   1.4211   1.4211   1.4211   1.4211   1.4211   1.4211   1.4211

Histogram of JPEG Coefficients26
  mean                                 1.6434   2.2432   3.1404   3.3224   3.7917   4.1111        0        0
  std. dev.                            1.0697   1.8795   2.4347   2.3609   3.4578   1.8019   0.2222   0.2222
  weight sum                               43      148       76       61       64       24        0        0
  precision                            1.3333   1.3333   1.3333   1.3333   1.3333   1.3333   1.3333   1.3333

Histogram of JPEG Coefficients27
  mean                                 3.6047   4.4219   0.4759   0.6211   0.8342   0.2153        0        0
  std. dev.                            1.8871   4.4685   0.8656    1.287   1.2175   1.0324    0.287    0.287
  weight sum                               43      148       76       61       64       24        0        0
  precision                            1.7222   1.7222   1.7222   1.7222   1.7222   1.7222   1.7222   1.7222

Histogram of JPEG Coefficients28
  mean                                      2   3.0473   0.4737   0.4098   0.6563   0.4167        0        0
  std. dev.                            1.3295   2.3433   0.8503    0.637   0.9556   1.2219   0.1667   0.1667
  weight sum                               43      148       76       61       64       24        0        0
  precision                                 1        1        1        1        1        1        1        1

Histogram of JPEG Coefficients29
  mean                                 3.0698     4.75   0.5658   0.5082   1.2813   0.9167        0        0
  std. dev.                             1.531   3.0378   0.9506   0.8223   2.0192   1.4696   0.1667   0.1667
  weight sum                               43      148       76       61       64       24        0        0
  precision                                 1        1        1        1        1        1        1        1

Histogram of JPEG Coefficients30
  mean                                 5.6705   9.4037   1.4375   1.6093    3.043   3.2986        0        0
  std. dev.                             1.782   5.6887   1.8194   1.8467    2.761   6.1648   0.2639   0.2639
  weight sum                               43      148       76       61       64       24        0        0
  precision                            1.5833   1.5833   1.5833   1.5833   1.5833   1.5833   1.5833   1.5833

Histogram of JPEG Coefficients31
  mean                                13.8989    21.75   3.8158   3.5139   9.6535   7.0399        0        0
  std. dev.                            5.3181   9.5418   4.4248   4.3023   6.8563   9.0551   0.2101   0.2101
  weight sum                               43      148       76       61       64       24        0        0
  precision                            1.2609   1.2609   1.2609   1.2609   1.2609   1.2609   1.2609   1.2609

Histogram of JPEG Coefficients32
  mean                                20.8668  30.4423  20.5981  20.7899  24.9503  23.5227        0        0
  std. dev.                            8.8008  13.2799  11.0264   9.0979   9.3694   7.0225   0.2273   0.2273
  weight sum                               43      148       76       61       64       24        0        0
  precision                            1.3636   1.3636   1.3636   1.3636   1.3636   1.3636   1.3636   1.3636

Histogram of JPEG Coefficients33
  mean                                 3.2347   2.4601    9.366   9.1431   9.6094  10.4545        0        0
  std. dev.                            2.3531   2.5346   6.1676   5.4843   6.1337   3.9101   0.2273   0.2273
  weight sum                               43      148       76       61       64       24        0        0
  precision                            1.3636   1.3636   1.3636   1.3636   1.3636   1.3636   1.3636   1.3636

Histogram of JPEG Coefficients34
  mean                                  0.307   0.7432   1.0711   0.4328   0.7563     0.55        0        0
  std. dev.                            0.7623   1.2928    3.182   1.2483   1.7049   1.4552   0.3667   0.3667
  weight sum                               43      148       76       61       64       24        0        0
  precision                               2.2      2.2      2.2      2.2      2.2      2.2      2.2      2.2

Histogram of JPEG Coefficients35
  mean                                 1.3349      2.1   0.2763   0.2295   0.4156    0.175        0        0
  std. dev.                            1.1676   2.2404   0.6017   0.5183   0.6396    0.463   0.2333   0.2333
  weight sum                               43      148       76       61       64       24        0        0
  precision                               1.4      1.4      1.4      1.4      1.4      1.4      1.4      1.4

Histogram of JPEG Coefficients36
  mean                                 2.6578    3.668   0.2857   0.3934   1.7321   0.7619        0        0
  std. dev.                            1.8233   2.8191   0.5899   0.8752   2.0303   1.8856   0.1905   0.1905
  weight sum                               43      148       76       61       64       24        0        0
  precision                            1.1429   1.1429   1.1429   1.1429   1.1429   1.1429   1.1429   1.1429

Histogram of JPEG Coefficients37
  mean                                 5.8351   8.4693   0.7895    0.769    2.625   1.2273        0        0
  std. dev.                            2.5544   4.8329   1.2209   1.2071   2.3675   1.7338   0.1818   0.1818
  weight sum                               43      148       76       61       64       24        0        0
  precision                            1.0909   1.0909   1.0909   1.0909   1.0909   1.0909   1.0909   1.0909

Histogram of JPEG Coefficients38
  mean                                  5.436     8.75   1.8257   1.4344   5.4492   2.5521        0        0
  std. dev.                            2.1715   5.0796   2.4116   1.6607   4.1362   4.1218   0.2083   0.2083
  weight sum                               43      148       76       61       64       24        0        0
  precision                              1.25     1.25     1.25     1.25     1.25     1.25     1.25     1.25

Histogram of JPEG Coefficients39
  mean                                16.4651  24.9488   3.7684   3.5061  10.6592   7.6823        0        0
  std. dev.                            5.9225  10.9842   4.3564   4.0605   7.8827  10.2241   0.2049   0.2049
  weight sum                               43      148       76       61       64       24        0        0
  precision                            1.2292   1.2292   1.2292   1.2292   1.2292   1.2292   1.2292   1.2292

Histogram of JPEG Coefficients40
  mean                                16.0837   22.877  10.4667  10.1541   10.549  10.2389        0        0
  std. dev.                             10.15  10.8786   6.9389   5.3764   5.9835   6.7415   0.2111   0.2111
  weight sum                               43      148       76       61       64       24        0        0
  precision                            1.2667   1.2667   1.2667   1.2667   1.2667   1.2667   1.2667   1.2667

Histogram of JPEG Coefficients41
  mean                                  2.445   3.2351   1.9667   1.8273   2.0583   1.2139        0        0
  std. dev.                            1.4557   2.7794   2.3374   1.8424   3.3175   1.3914   0.2111   0.2111
  weight sum                               43      148       76       61       64       24        0        0
  precision                            1.2667   1.2667   1.2667   1.2667   1.2667   1.2667   1.2667   1.2667

Histogram of JPEG Coefficients42
  mean                                 2.2171   3.2134   0.3706   0.3374   0.9818   0.5868        0        0
  std. dev.                            1.5133   2.2401    0.757   0.6369   1.3367   0.9879   0.1806   0.1806
  weight sum                               43      148       76       61       64       24        0        0
  precision                            1.0833   1.0833   1.0833   1.0833   1.0833   1.0833   1.0833   1.0833

Histogram of JPEG Coefficients43
  mean                                 1.8855   3.0572   0.4302   0.3216   1.3281   0.7083        0        0
  std. dev.                            0.9481    2.609   0.9341   0.6552   1.4891     1.36   0.2179   0.2179
  weight sum                               43      148       76       61       64       24        0        0
  precision                            1.3077   1.3077   1.3077   1.3077   1.3077   1.3077   1.3077   1.3077

Histogram of JPEG Coefficients44
  mean                                 3.4233   5.3982   0.4351   0.4372     1.75   1.1556        0        0
  std. dev.                            2.0128   3.1005   0.9021   0.7323   2.0077   2.3434   0.1778   0.1778
  weight sum                               43      148       76       61       64       24        0        0
  precision                            1.0667   1.0667   1.0667   1.0667   1.0667   1.0667   1.0667   1.0667

Histogram of JPEG Coefficients45
  mean                                 4.9488   7.4716      1.3   1.1525   3.6516   1.5042        0        0
  std. dev.                            2.2866   4.5462   1.6371   1.6599   2.6934   2.8489   0.3167   0.3167
  weight sum                               43      148       76       61       64       24        0        0
  precision                               1.9      1.9      1.9      1.9      1.9      1.9      1.9      1.9

Histogram of JPEG Coefficients46
  mean                                  20.59  25.3898   2.3947   2.0638   7.4622   5.2456        0        0
  std. dev.                           10.8111  14.2266   2.9377   2.6873   5.4519   7.0074   0.2281   0.2281
  weight sum                               43      148       76       61       64       24        0        0
  precision                            1.3684   1.3684   1.3684   1.3684   1.3684   1.3684   1.3684   1.3684

Histogram of JPEG Coefficients47
  mean                                15.9508  24.9205   4.0526     4.54  16.6415   8.5735        0        0
  std. dev.                            4.6344  11.2065   4.6676   4.6372   9.2923  12.1388   0.2157   0.2157
  weight sum                               43      148       76       61       64       24        0        0
  precision                            1.2941   1.2941   1.2941   1.2941   1.2941   1.2941   1.2941   1.2941

Histogram of JPEG Coefficients48
  mean                                 9.7348   15.252   4.9388   5.8981   6.6757   6.6306        0        0
  std. dev.                            6.6106   9.8014   4.5132   7.2131   5.0603   4.9599   0.2883   0.2883
  weight sum                               43      148       76       61       64       24        0        0
  precision                            1.7297   1.7297   1.7297   1.7297   1.7297   1.7297   1.7297   1.7297

Histogram of JPEG Coefficients49
  mean                                 2.4558   3.7703   1.3895   1.5738   2.4937     2.05        0        0
  std. dev.                             1.508   2.9328   1.9374   2.0214   2.6858   2.0341      0.2      0.2
  weight sum                               43      148       76       61       64       24        0        0
  precision                               1.2      1.2      1.2      1.2      1.2      1.2      1.2      1.2

Histogram of JPEG Coefficients50
  mean                                 2.8517   4.6748   1.2582   0.8852   2.0742   1.7344        0        0
  std. dev.                            1.5219   3.0241   1.7019   1.5123   2.2343   3.4823   0.1875   0.1875
  weight sum                               43      148       76       61       64       24        0        0
  precision                             1.125    1.125    1.125    1.125    1.125    1.125    1.125    1.125

Histogram of JPEG Coefficients51
  mean                                 3.0438   4.7695   1.0062   0.9402   2.7114   2.0221        0        0
  std. dev.                              1.86   3.2374   1.4552   1.4099   3.2179   4.9836   0.2451   0.2451
  weight sum                               43      148       76       61       64       24        0        0
  precision                            1.4706   1.4706   1.4706   1.4706   1.4706   1.4706   1.4706   1.4706

Histogram of JPEG Coefficients52
  mean                                 3.7601   6.1565    1.374   1.2701   5.2632    2.386        0        0
  std. dev.                            1.8817   4.2477   1.8673   1.6038   3.9778   3.7634   0.2807   0.2807
  weight sum                               43      148       76       61       64       24        0        0
  precision                            1.6842   1.6842   1.6842   1.6842   1.6842   1.6842   1.6842   1.6842

Histogram of JPEG Coefficients53
  mean                                14.2966   19.558   1.7684   1.8565   6.6694   4.0444        0        0
  std. dev.                            7.3224  10.4829   2.1579   1.9724   5.3813   6.6168   0.2074   0.2074
  weight sum                               43      148       76       61       64       24        0        0
  precision                            1.2444   1.2444   1.2444   1.2444   1.2444   1.2444   1.2444   1.2444

Histogram of JPEG Coefficients54
  mean                                11.5307  17.0466   4.1778   3.8205  15.5188   7.1688        0        0
  std. dev.                            4.6744   8.2819   4.5769   4.2814  10.6776  10.4037   0.2607   0.2607
  weight sum                               43      148       76       61       64       24        0        0
  precision                            1.5641   1.5641   1.5641   1.5641   1.5641   1.5641   1.5641   1.5641

Histogram of JPEG Coefficients55
  mean                                20.7533  34.3221   6.9749   6.6696  24.7088  13.4874        0        0
  std. dev.                            5.6336  14.4494    7.182   7.2475  14.7469  17.2945   0.2475   0.2475
  weight sum                               43      148       76       61       64       24        0        0
  precision                            1.4848   1.4848   1.4848   1.4848   1.4848   1.4848   1.4848   1.4848

Histogram of JPEG Coefficients56
  mean                                33.3442  44.3544    3.203   3.5082   6.3949   3.6781        0        0
  std. dev.                           20.6368  23.0018    4.749   4.1537   8.9456   4.9933   0.2229   0.2229
  weight sum                               43      148       76       61       64       24        0        0
  precision                            1.3375   1.3375   1.3375   1.3375   1.3375   1.3375   1.3375   1.3375

Histogram of JPEG Coefficients57
  mean                                 5.0233   8.3919   2.6763   3.0689   6.8344      6.6        0        0
  std. dev.                            2.5913   4.8604   3.6992   3.9294   6.7363   9.7026      0.3      0.3
  weight sum                               43      148       76       61       64       24        0        0
  precision                               1.8      1.8      1.8      1.8      1.8      1.8      1.8      1.8

Histogram of JPEG Coefficients58
  mean                                 7.4282   10.901   2.3557   2.2679   7.1843   5.4253        0        0
  std. dev.                            3.1908   6.2618   3.2681   3.0843   6.9364   11.697   0.3391   0.3391
  weight sum                               43      148       76       61       64       24        0        0
  precision                            2.0345   2.0345   2.0345   2.0345   2.0345   2.0345   2.0345   2.0345

Histogram of JPEG Coefficients59
  mean                                 6.8364  10.2996   2.8412   2.8915   8.7355   3.9195        0        0
  std. dev.                              2.63    5.503   3.3336   3.3489   7.5245   5.0392   0.1782   0.1782
  weight sum                               43      148       76       61       64       24        0        0
  precision                             1.069    1.069    1.069    1.069    1.069    1.069    1.069    1.069

Histogram of JPEG Coefficients60
  mean                                10.0301  14.9428   3.1796   2.8332  11.1599   7.0735        0        0
  std. dev.                            3.5418   7.3758   3.6189   3.4681   8.3624  10.2578   0.2549   0.2549
  weight sum                               43      148       76       61       64       24        0        0
  precision                            1.5294   1.5294   1.5294   1.5294   1.5294   1.5294   1.5294   1.5294

Histogram of JPEG Coefficients61
  mean                                 9.2353  13.8263   3.3947   4.0636  13.0818   5.6385        0        0
  std. dev.                            3.2904   6.8937    3.677   4.0587   8.2213   6.7712   0.2108   0.2108
  weight sum                               43      148       76       61       64       24        0        0
  precision                            1.2647   1.2647   1.2647   1.2647   1.2647   1.2647   1.2647   1.2647

Histogram of JPEG Coefficients62
  mean                                15.9326   24.225   6.4044   6.1124  20.5198  10.4082        0        0
  std. dev.                            6.5536  12.1561   6.2322   6.6825   12.485  12.5099   0.3061   0.3061
  weight sum                               43      148       76       61       64       24        0        0
  precision                            1.8367   1.8367   1.8367   1.8367   1.8367   1.8367   1.8367   1.8367

Histogram of JPEG Coefficients63
  mean                                27.7879  45.2571  11.8912  11.4494     34.5  22.0884        0        0
  std. dev.                            8.8038  20.5568  11.5322  10.5598  20.6201  22.1797   0.2805   0.2805
  weight sum                               43      148       76       61       64       24        0        0
  precision                            1.6829   1.6829   1.6829   1.6829   1.6829   1.6829   1.6829   1.6829

Histogram of JPEG Coefficients64
  mean                               157.9213 138.0504  58.2814  87.5426  40.4647  20.4221        0        0
  std. dev.                           79.1026  92.3466  53.2925  76.5881  61.9663  21.2303    0.276    0.276
  weight sum                               43      148       76       61       64       24        0        0
  precision                            1.6558   1.6558   1.6558   1.6558   1.6558   1.6558   1.6558   1.6558

Histogram of JPEG Coefficients65
  mean                               229.7057 211.2224 221.9267 234.4396 247.7631      255        0        0
  std. dev.                           40.0612  42.5142  72.9229  51.6269  16.6388   0.4337   0.4337   0.4337
  weight sum                               43      148       76       61       64       24        0        0
  precision                             2.602    2.602    2.602    2.602    2.602    2.602    2.602    2.602

Histogram of JPEG Coefficients66
  mean                                95.9427  73.2879  91.5268  111.137  138.514 151.0268        0        0
  std. dev.                           24.8618  33.4553  46.0534  35.0009  29.7196  16.4679   0.3036   0.3036
  weight sum                               43      148       76       61       64       24        0        0
  precision                            1.8214   1.8214   1.8214   1.8214   1.8214   1.8214   1.8214   1.8214

Histogram of JPEG Coefficients67
  mean                                68.9662  62.9928  24.4792   39.671  50.7531  59.2723        0        0
  std. dev.                             18.03  27.8145  22.1421  27.9784  19.3449  15.4395   0.1931   0.1931
  weight sum                               43      148       76       61       64       24        0        0
  precision                            1.1584   1.1584   1.1584   1.1584   1.1584   1.1584   1.1584   1.1584

Histogram of JPEG Coefficients68
  mean                                70.4637  59.3835  18.1023   34.653  24.3036  17.7367        0        0
  std. dev.                            15.721  24.1657  15.8623  30.5998  23.2544  15.2729   0.2698   0.2698
  weight sum                               43      148       76       61       64       24        0        0
  precision                            1.6186   1.6186   1.6186   1.6186   1.6186   1.6186   1.6186   1.6186

Histogram of JPEG Coefficients69
  mean                                97.3309  93.1185    24.17  37.4376  20.8269  13.5385        0        0
  std. dev.                           22.3722  33.0544  22.6526  38.6778  23.0457  10.4116   0.3077   0.3077
  weight sum                               43      148       76       61       64       24        0        0
  precision                            1.8462   1.8462   1.8462   1.8462   1.8462   1.8462   1.8462   1.8462

Histogram of JPEG Coefficients70
  mean                                92.9968  91.2523  35.0523  47.5037  28.7056  22.0549        0        0
  std. dev.                            21.494  31.7695  41.0575  41.8463    28.41  13.5333    0.322    0.322
  weight sum                               43      148       76       61       64       24        0        0
  precision                            1.9318   1.9318   1.9318   1.9318   1.9318   1.9318   1.9318   1.9318

Histogram of JPEG Coefficients71
  mean                                    186 203.4831  51.3355  70.0082  48.3516  47.3125        0        0
  std. dev.                            52.034   51.536  28.8342  57.8254  37.6102  24.2873     0.25     0.25
  weight sum                               43      148       76       61       64       24        0        0
  precision                               1.5      1.5      1.5      1.5      1.5      1.5      1.5      1.5

Histogram of JPEG Coefficients72
  mean                               113.1686 141.7248 141.8398 129.7395 188.9021 196.8155        0        0
  std. dev.                           53.8908  72.3437  64.7523  52.2534  44.4499  21.1352    0.253    0.253
  weight sum                               43      148       76       61       64       24        0        0
  precision                            1.5179   1.5179   1.5179   1.5179   1.5179   1.5179   1.5179   1.5179

Histogram of JPEG Coefficients73
  mean                                44.8356  30.9147  94.8877  85.8432 177.4696 176.2261        0        0
  std. dev.                           27.5239  28.2152  52.4791  54.2374  37.7455  41.2017   0.2707   0.2707
  weight sum                               43      148       76       61       64       24        0        0
  precision                            1.6242   1.6242   1.6242   1.6242   1.6242   1.6242   1.6242   1.6242

Histogram of JPEG Coefficients74
  mean                                 1.8944   1.4358  23.9529  20.7275  78.5254  59.4705        0        0
  std. dev.                            1.7665   1.8794  22.3542  17.7818  47.8271  15.4371   0.5903   0.5903
  weight sum                               43      148       76       61       64       24        0        0
  precision                            3.5417   3.5417   3.5417   3.5417   3.5417   3.5417   3.5417   3.5417

Histogram of JPEG Coefficients75
  mean                                 5.4419   5.2162   1.5789    2.623   4.6563   1.0833        0        0
  std. dev.                            2.5636   3.9975   5.9764   5.4627   7.7141   1.2883   0.3333   0.3333
  weight sum                               43      148       76       61       64       24        0        0
  precision                                 2        2        2        2        2        2        2        2

Histogram of JPEG Coefficients76
  mean                                14.2129  12.4316   4.6867   5.8601   3.7637   2.6159        0        0
  std. dev.                            5.9317   5.5078   6.5515   6.6046   3.8228   2.4388   0.2135   0.2135
  weight sum                               43      148       76       61       64       24        0        0
  precision                            1.2813   1.2813   1.2813   1.2813   1.2813   1.2813   1.2813   1.2813

Histogram of JPEG Coefficients77
  mean                                29.8589  29.2521  10.0984  13.2438   5.1393   4.8689        0        0
  std. dev.                           12.2748  12.5382   15.403  12.0345   3.8158   2.3117   0.2404   0.2404
  weight sum                               43      148       76       61       64       24        0        0
  precision                            1.4426   1.4426   1.4426   1.4426   1.4426   1.4426   1.4426   1.4426

Histogram of JPEG Coefficients78
  mean                                 31.093  33.0147  24.0438  22.1517  17.8172  16.9857        0        0
  std. dev.                           10.0048  14.1105  26.5189  16.8407  12.0632   7.1496   0.4751   0.4751
  weight sum                               43      148       76       61       64       24        0        0
  precision                            2.8507   2.8507   2.8507   2.8507   2.8507   2.8507   2.8507   2.8507

Histogram of JPEG Coefficients79
  mean                                88.1951  99.8133  57.4657  47.7856  36.4833  32.9604        0        0
  std. dev.                           30.9383  31.4484  45.8925  28.6562  19.7324   8.1226    0.277    0.277
  weight sum                               43      148       76       61       64       24        0        0
  precision                            1.6619   1.6619   1.6619   1.6619   1.6619   1.6619   1.6619   1.6619

Histogram of JPEG Coefficients80
  mean                                25.6749  27.9009  40.7557  41.7705 100.3361  97.5102        0        0
  std. dev.                           17.2135  20.3859   29.052   24.436  27.3976   21.485   0.2862   0.2862
  weight sum                               43      148       76       61       64       24        0        0
  precision                             1.717    1.717    1.717    1.717    1.717    1.717    1.717    1.717

Histogram of JPEG Coefficients81
  mean                                 0.9442   0.6662  14.7671  20.5852  67.5609    53.65        0        0
  std. dev.                            1.3589   1.3938  14.3479  28.9415  30.4917  15.3225   0.4833   0.4833
  weight sum                               43      148       76       61       64       24        0        0
  precision                               2.9      2.9      2.9      2.9      2.9      2.9      2.9      2.9

Histogram of JPEG Coefficients82
  mean                                 0.0581   0.1858   1.3158   3.2787  23.3203   7.2917        0        0
  std. dev.                            0.4167   0.8267   6.4822   8.3659  19.0192   4.6164   0.4167   0.4167
  weight sum                               43      148       76       61       64       24        0        0
  precision                               2.5      2.5      2.5      2.5      2.5      2.5      2.5      2.5

Histogram of JPEG Coefficients83
  mean                                 3.2355   3.6182   2.0033   2.7971   2.0098   0.7656        0        0
  std. dev.                             2.391   2.5966   4.1257   5.9532   2.4441   1.1931   0.4375   0.4375
  weight sum                               43      148       76       61       64       24        0        0
  precision                             2.625    2.625    2.625    2.625    2.625    2.625    2.625    2.625

Histogram of JPEG Coefficients84
  mean                                 8.6636   9.6394   8.6338   4.0251   3.3734   2.4694        0        0
  std. dev.                            4.6512   6.3561   18.214    4.365   3.7552   2.0871   0.7056   0.7056
  weight sum                               43      148       76       61       64       24        0        0
  precision                            4.2333   4.2333   4.2333   4.2333   4.2333   4.2333   4.2333   4.2333

Histogram of JPEG Coefficients85
  mean                                 14.755  16.7175  10.1351  10.2271    5.968   4.4207        0        0
  std. dev.                            5.7878   7.4856  13.1195  11.9574   5.1416    3.178   0.3537   0.3537
  weight sum                               43      148       76       61       64       24        0        0
  precision                             2.122    2.122    2.122    2.122    2.122    2.122    2.122    2.122

Histogram of JPEG Coefficients86
  mean                                 22.162  26.4176  28.2004  21.9825  17.0677    16.95        0        0
  std. dev.                            7.5861  10.1372  31.3746  14.2769  11.1413   8.5617   0.6278   0.6278
  weight sum                               43      148       76       61       64       24        0        0
  precision                            3.7667   3.7667   3.7667   3.7667   3.7667   3.7667   3.7667   3.7667

Histogram of JPEG Coefficients87
  mean                                69.8223  80.2469  47.4845  44.1866  35.9443  33.4583        0        0
  std. dev.                           26.1726  27.6087  36.9261  26.5952  16.3017   6.6467    0.312    0.312
  weight sum                               43      148       76       61       64       24        0        0
  precision                            1.8718   1.8718   1.8718   1.8718   1.8718   1.8718   1.8718   1.8718

Histogram of JPEG Coefficients88
  mean                                16.6968  22.7455   4.6922  11.8478  28.0454  34.2736        0        0
  std. dev.                           10.7912  11.7622    7.737   12.426  15.5223  13.2884   0.1981   0.1981
  weight sum                               43      148       76       61       64       24        0        0
  precision                            1.1887   1.1887   1.1887   1.1887   1.1887   1.1887   1.1887   1.1887

Histogram of JPEG Coefficients89
  mean                                 3.0164   2.3649    1.219   0.9113   4.2142   0.5147        0        0
  std. dev.                            1.8494   2.4567    4.842   1.6889   5.4158   1.2252   0.3431   0.3431
  weight sum                               43      148       76       61       64       24        0        0
  precision                            2.0588   2.0588   2.0588   2.0588   2.0588   2.0588   2.0588   2.0588

Histogram of JPEG Coefficients90
  mean                                  2.093   2.7209   1.3816   1.0971   1.2079   0.5288        0        0
  std. dev.                             1.435   2.2203   2.8265   1.4688   1.5856     0.88   0.1923   0.1923
  weight sum                               43      148       76       61       64       24        0        0
  precision                            1.1538   1.1538   1.1538   1.1538   1.1538   1.1538   1.1538   1.1538

Histogram of JPEG Coefficients91
  mean                                 6.7721   8.3243   3.6842   3.2682    1.925   1.3067        0        0
  std. dev.                            3.3291   4.9887   7.6023   7.3745   2.1641   1.1043   0.3733   0.3733
  weight sum                               43      148       76       61       64       24        0        0
  precision                              2.24     2.24     2.24     2.24     2.24     2.24     2.24     2.24

Histogram of JPEG Coefficients92
  mean                                14.6844  15.2196   8.3083    4.877   1.7076    0.506        0        0
  std. dev.                            7.6611  10.5985  29.4956   9.2516   2.7298   1.6781   1.0119   1.0119
  weight sum                               43      148       76       61       64       24        0        0
  precision                            6.0714   6.0714   6.0714   6.0714   6.0714   6.0714   6.0714   6.0714

Histogram of JPEG Coefficients93
  mean                                13.7128  16.0057  10.2494    8.639    5.456   4.8498        0        0
  std. dev.                            6.3943   8.2833  11.2821   8.9779   3.7649   2.2453   0.2132   0.2132
  weight sum                               43      148       76       61       64       24        0        0
  precision                            1.2791   1.2791   1.2791   1.2791   1.2791   1.2791   1.2791   1.2791

Histogram of JPEG Coefficients94
  mean                                18.2762  22.5996  24.6884  15.3351   13.724   9.0643        0        0
  std. dev.                            6.6693  10.4645   26.419  11.6002   9.3637   3.2995   0.4532   0.4532
  weight sum                               43      148       76       61       64       24        0        0
  precision                            2.7193   2.7193   2.7193   2.7193   2.7193   2.7193   2.7193   2.7193

Histogram of JPEG Coefficients95
  mean                                54.1957  66.7173  61.8238  47.2222   34.605  27.7431        0        0
  std. dev.                           17.2302  24.2302  57.6302  32.8336  18.6626   8.1293   0.3935   0.3935
  weight sum                               43      148       76       61       64       24        0        0
  precision                            2.3611   2.3611   2.3611   2.3611   2.3611   2.3611   2.3611   2.3611

Histogram of JPEG Coefficients96
  mean                                 15.093  19.3819   3.2531   6.5402  11.3259   9.3065        0        0
  std. dev.                            7.1955    9.742   4.7704   9.9783   9.4099   8.6862   0.2341   0.2341
  weight sum                               43      148       76       61       64       24        0        0
  precision                            1.4048   1.4048   1.4048   1.4048   1.4048   1.4048   1.4048   1.4048

Histogram of JPEG Coefficients97
  mean                                11.4759   9.0726   1.7148   2.7605   1.6702   0.9152        0        0
  std. dev.                             6.386   6.4113   3.7512   4.2265   1.9174   0.9273    0.244    0.244
  weight sum                               43      148       76       61       64       24        0        0
  precision                            1.4643   1.4643   1.4643   1.4643   1.4643   1.4643   1.4643   1.4643

Histogram of JPEG Coefficients98
  mean                                 2.1279   2.1284   1.6776   1.8689   1.3125   1.0625        0        0
  std. dev.                            1.5925   2.3068   2.8059   2.1499   1.3905   1.1022     0.25     0.25
  weight sum                               43      148       76       61       64       24        0        0
  precision                               1.5      1.5      1.5      1.5      1.5      1.5      1.5      1.5

Histogram of JPEG Coefficients99
  mean                                 2.8715   3.3371    3.536   3.2148   1.8158   1.3618        0        0
  std. dev.                            1.8465    2.332   8.3309   4.7917   2.2239   1.7581   0.6053   0.6053
  weight sum                               43      148       76       61       64       24        0        0
  precision                            3.6316   3.6316   3.6316   3.6316   3.6316   3.6316   3.6316   3.6316

Histogram of JPEG Coefficients100
  mean                                 7.9426   8.1721   8.9053   5.7016    4.651   4.0472        0        0
  std. dev.                            3.3345   4.8819  12.3574   7.4518   2.9824   2.3024   0.5222   0.5222
  weight sum                               43      148       76       61       64       24        0        0
  precision                            3.1333   3.1333   3.1333   3.1333   3.1333   3.1333   3.1333   3.1333

Histogram of JPEG Coefficients101
  mean                                 8.9503  10.1304  12.9861   8.2445   6.0872   6.1979        0        0
  std. dev.                            4.1854   5.7656  15.7622   8.0169   4.2933   2.7104   0.3935   0.3935
  weight sum                               43      148       76       61       64       24        0        0
  precision                            2.3611   2.3611   2.3611   2.3611   2.3611   2.3611   2.3611   2.3611

Histogram of JPEG Coefficients102
  mean                                19.9961  22.0971  24.0959  22.8497  14.7548  11.6907        0        0
  std. dev.                            8.5586   10.178  27.1944  16.6904   9.6459   3.7269   0.5028   0.5028
  weight sum                               43      148       76       61       64       24        0        0
  precision                            3.0169   3.0169   3.0169   3.0169   3.0169   3.0169   3.0169   3.0169

Histogram of JPEG Coefficients103
  mean                                55.7641   74.001  55.4887  41.8384  33.5156   33.125        0        0
  std. dev.                           21.2358   27.961  43.5016  26.4463  16.1265  10.3875   0.3571   0.3571
  weight sum                               43      148       76       61       64       24        0        0
  precision                            2.1429   2.1429   2.1429   2.1429   2.1429   2.1429   2.1429   2.1429

Histogram of JPEG Coefficients104
  mean                                38.5874  43.3333     4.23  10.2732   9.0046   8.0247        0        0
  std. dev.                           20.5875  20.9229    5.302  17.9888  10.1068   5.8313   0.2469   0.2469
  weight sum                               43      148       76       61       64       24        0        0
  precision                            1.4815   1.4815   1.4815   1.4815   1.4815   1.4815   1.4815   1.4815

Histogram of JPEG Coefficients105
  mean                                10.4785   9.6622   4.0916   3.5372    2.479   0.8814        0        0
  std. dev.                            5.0381   6.0042   7.4343   3.9384   2.4394   1.0429   0.3526   0.3526
  weight sum                               43      148       76       61       64       24        0        0
  precision                            2.1154   2.1154   2.1154   2.1154   2.1154   2.1154   2.1154   2.1154

Histogram of JPEG Coefficients106
  mean                                 3.2292   4.0396   4.3477   4.5316   3.9777   3.6429        0        0
  std. dev.                            1.8471   3.1209   5.5181   4.8534   4.3346   1.7276   0.2143   0.2143
  weight sum                               43      148       76       61       64       24        0        0
  precision                            1.2857   1.2857   1.2857   1.2857   1.2857   1.2857   1.2857   1.2857

Histogram of JPEG Coefficients107
  mean                                 5.4419   7.2973   5.7039   4.8197   3.2813   1.9375        0        0
  std. dev.                            3.0864   4.7551   7.7333   5.9761   3.0102   1.3332     0.25     0.25
  weight sum                               43      148       76       61       64       24        0        0
  precision                               1.5      1.5      1.5      1.5      1.5      1.5      1.5      1.5

Histogram of JPEG Coefficients108
  mean                                 3.8821   4.4978   7.3929    6.274   3.5625   2.8839        0        0
  std. dev.                            2.3567    3.825  11.1052   7.6906   2.9013   1.3031   0.3393   0.3393
  weight sum                               43      148       76       61       64       24        0        0
  precision                            2.0357   2.0357   2.0357   2.0357   2.0357   2.0357   2.0357   2.0357

Histogram of JPEG Coefficients109
  mean                                11.3043  12.6334    21.27   13.417   11.269   9.7029        0        0
  std. dev.                            5.8511   7.0175  23.4044    8.921   6.9051   4.4014   0.3768   0.3768
  weight sum                               43      148       76       61       64       24        0        0
  precision                            2.2609   2.2609   2.2609   2.2609   2.2609   2.2609   2.2609   2.2609

Histogram of JPEG Coefficients110
  mean                                15.9375  18.0374  33.0284  23.8192  19.1333  18.8151        0        0
  std. dev.                            6.4812   9.4835  33.9847  17.5074   9.1194   5.0233   0.4427   0.4427
  weight sum                               43      148       76       61       64       24        0        0
  precision                            2.6563   2.6563   2.6563   2.6563   2.6563   2.6563   2.6563   2.6563

Histogram of JPEG Coefficients111
  mean                                43.4721  50.5895  56.7032  52.5236    36.18  31.0712        0        0
  std. dev.                           21.8343  19.1191  43.4307  37.9411  16.7077    6.791    0.335    0.335
  weight sum                               43      148       76       61       64       24        0        0
  precision                              2.01     2.01     2.01     2.01     2.01     2.01     2.01     2.01

Histogram of JPEG Coefficients112
  mean                                43.4408   44.676   9.7632  10.9668  15.4215   11.287        0        0
  std. dev.                           37.6865  23.2309  13.2685  12.5146   16.383   8.2158   0.3926   0.3926
  weight sum                               43      148       76       61       64       24        0        0
  precision                            2.3556   2.3556   2.3556   2.3556   2.3556   2.3556   2.3556   2.3556

Histogram of JPEG Coefficients113
  mean                                11.8023  11.5034  10.0658   8.8934   7.9688   6.1458        0        0
  std. dev.                            5.0672   6.4772  11.7748  12.0749   7.2332   3.8174   0.4167   0.4167
  weight sum                               43      148       76       61       64       24        0        0
  precision                               2.5      2.5      2.5      2.5      2.5      2.5      2.5      2.5

Histogram of JPEG Coefficients114
  mean                                 5.9302   8.2601  13.3224   8.2377   9.9609   7.8125        0        0
  std. dev.                            3.4533   5.4962   30.064   7.0179   8.4951    3.409     1.25     1.25
  weight sum                               43      148       76       61       64       24        0        0
  precision                               7.5      7.5      7.5      7.5      7.5      7.5      7.5      7.5

Histogram of JPEG Coefficients115
  mean                                 9.2173  10.0162  11.2992  11.8482  10.1089   7.6095        0        0
  std. dev.                            4.8701   5.7258  10.7792  11.7823   6.0683   4.4487   0.3238   0.3238
  weight sum                               43      148       76       61       64       24        0        0
  precision                            1.9429   1.9429   1.9429   1.9429   1.9429   1.9429   1.9429   1.9429

Histogram of JPEG Coefficients116
  mean                                 8.2445   9.7907  20.1983  13.9931  11.5087   8.1744        0        0
  std. dev.                            4.5237   5.9442  26.3272   13.878   8.7586   3.6927   0.5736   0.5736
  weight sum                               43      148       76       61       64       24        0        0
  precision                            3.4419   3.4419   3.4419   3.4419   3.4419   3.4419   3.4419   3.4419

Histogram of JPEG Coefficients117
  mean                                12.4385  12.6204  26.6659  22.9479  16.4205  16.8013        0        0
  std. dev.                            6.8476   7.2857  21.8887  20.0451  11.4188    4.991   0.3482   0.3482
  weight sum                               43      148       76       61       64       24        0        0
  precision                            2.0893   2.0893   2.0893   2.0893   2.0893   2.0893   2.0893   2.0893

Histogram of JPEG Coefficients118
  mean                                  17.29   20.494  43.2612   43.702  31.7955  30.2373        0        0
  std. dev.                            8.6636  12.5125  36.4331  32.6271  17.1219    8.844   0.4937   0.4937
  weight sum                               43      148       76       61       64       24        0        0
  precision                             2.962    2.962    2.962    2.962    2.962    2.962    2.962    2.962

Histogram of JPEG Coefficients119
  mean                                39.4091  46.8649  74.8529  65.3271  55.1293  45.9773        0        0
  std. dev.                           20.0043  21.3361  54.7741  41.0729  24.2388   10.887   0.3864   0.3864
  weight sum                               43      148       76       61       64       24        0        0
  precision                            2.3182   2.3182   2.3182   2.3182   2.3182   2.3182   2.3182   2.3182

Histogram of JPEG Coefficients120
  mean                                66.3873  78.0285  17.5074  27.7613   25.623   23.328        0        0
  std. dev.                           43.5566  34.7566  17.2352  30.7206  23.8981  19.2163    0.288    0.288
  weight sum                               43      148       76       61       64       24        0        0
  precision                             1.728    1.728    1.728    1.728    1.728    1.728    1.728    1.728

Histogram of JPEG Coefficients121
  mean                                16.2186  21.3014  25.2711  21.2426  17.7719  16.4083        0        0
  std. dev.                            7.8684   11.403  23.4475  16.7731  11.7016   6.2542   0.3667   0.3667
  weight sum                               43      148       76       61       64       24        0        0
  precision                               2.2      2.2      2.2      2.2      2.2      2.2      2.2      2.2

Histogram of JPEG Coefficients122
  mean                                15.4186  17.9649  30.4658  26.0295  20.3469  17.2833        0        0
  std. dev.                             7.977   8.1772  32.7533  20.1935   11.058   5.4574   0.5667   0.5667
  weight sum                               43      148       76       61       64       24        0        0
  precision                               3.4      3.4      3.4      3.4      3.4      3.4      3.4      3.4

Histogram of JPEG Coefficients123
  mean                                15.9462   18.353  34.7377  27.5861  19.7715  15.7344        0        0
  std. dev.                             7.569   8.7334  33.9026  25.0176  10.5235   2.3906   0.5521   0.5521
  weight sum                               43      148       76       61       64       24        0        0
  precision                            3.3125   3.3125   3.3125   3.3125   3.3125   3.3125   3.3125   3.3125

Histogram of JPEG Coefficients124
  mean                                 20.843  23.6402  36.7105  26.1885  23.7305  20.4688        0        0
  std. dev.                            9.4766  13.3344  35.8725  16.6393  12.8894   6.5829    0.625    0.625
  weight sum                               43      148       76       61       64       24        0        0
  precision                              3.75     3.75     3.75     3.75     3.75     3.75     3.75     3.75

Histogram of JPEG Coefficients125
  mean                                19.5145  21.9038  44.0067  39.1068  27.5605  25.4021        0        0
  std. dev.                           11.8654  12.6756  29.7264  23.6503  10.7062   6.7723   0.2854   0.2854
  weight sum                               43      148       76       61       64       24        0        0
  precision                            1.7125   1.7125   1.7125   1.7125   1.7125   1.7125   1.7125   1.7125

Histogram of JPEG Coefficients126
  mean                                24.0664  25.2758  65.4439  57.7129  44.6792  39.5085        0        0
  std. dev.                            11.076  14.4021  50.7506  40.4836  14.5247   8.2569   0.4126   0.4126
  weight sum                               43      148       76       61       64       24        0        0
  precision                            2.4757   2.4757   2.4757   2.4757   2.4757   2.4757   2.4757   2.4757

Histogram of JPEG Coefficients127
  mean                                48.0259  58.9727 101.1408  96.1792  73.7411  60.6108        0        0
  std. dev.                           20.5696  27.7854  61.9394  58.0022  28.2921  11.9972    0.322    0.322
  weight sum                               43      148       76       61       64       24        0        0
  precision                            1.9318   1.9318   1.9318   1.9318   1.9318   1.9318   1.9318   1.9318

Histogram of JPEG Coefficients128
  mean                                156.419 122.4055  35.6652   59.918  39.5486  33.9082        0        0
  std. dev.                           85.3153  89.9059  36.5403  56.0264  56.6014  27.6285   0.2623   0.2623
  weight sum                               43      148       76       61       64       24        0        0
  precision                            1.5741   1.5741   1.5741   1.5741   1.5741   1.5741   1.5741   1.5741

Histogram of JPEG Coefficients129
  mean                                240.598 234.8412   218.14 235.1733 250.3326 253.4821        0        0
  std. dev.                           33.0244  32.0148  76.1384  54.6469  15.5419   5.0342   0.6071   0.6071
  weight sum                               43      148       76       61       64       24        0        0
  precision                            3.6429   3.6429   3.6429   3.6429   3.6429   3.6429   3.6429   3.6429

Histogram of JPEG Coefficients130
  mean                                98.3325  79.7211 119.4093 135.4604 143.8331 158.1693        0        0
  std. dev.                           22.5277   31.145  55.7899  50.3406  24.4963   37.932   0.3014   0.3014
  weight sum                               43      148       76       61       64       24        0        0
  precision                            1.8085   1.8085   1.8085   1.8085   1.8085   1.8085   1.8085   1.8085

Histogram of JPEG Coefficients131
  mean                                72.2643  64.2942  39.9141  49.2666  51.8482  47.2441        0        0
  std. dev.                           17.8146  25.5114  30.6116  29.8263  26.0758  15.0983   0.2239   0.2239
  weight sum                               43      148       76       61       64       24        0        0
  precision                            1.3434   1.3434   1.3434   1.3434   1.3434   1.3434   1.3434   1.3434

Histogram of JPEG Coefficients132
  mean                                68.4403  57.7813  11.5132  21.8282  30.3584  20.9466        0        0
  std. dev.                           16.1616  23.1272  10.8773   19.623  22.6619  13.0376   0.2264   0.2264
  weight sum                               43      148       76       61       64       24        0        0
  precision                            1.3587   1.3587   1.3587   1.3587   1.3587   1.3587   1.3587   1.3587

Histogram of JPEG Coefficients133
  mean                                98.5498  94.3537  10.5333  21.8306  19.7326  22.6084        0        0
  std. dev.                           23.5847  33.0163   11.607  22.8522  20.9784  16.1616   0.3184   0.3184
  weight sum                               43      148       76       61       64       24        0        0
  precision                            1.9106   1.9106   1.9106   1.9106   1.9106   1.9106   1.9106   1.9106

Histogram of JPEG Coefficients134
  mean                                90.3031   83.051  17.7916  27.9983  31.7465  37.0192        0        0
  std. dev.                           23.0869  30.2319  27.3428  25.3605  30.1245  19.4341    0.295    0.295
  weight sum                               43      148       76       61       64       24        0        0
  precision                            1.7698   1.7698   1.7698   1.7698   1.7698   1.7698   1.7698   1.7698

Histogram of JPEG Coefficients135
  mean                                166.676 164.3562  31.2283  43.0877  51.0623  78.6487        0        0
  std. dev.                           46.7762  55.0554  36.8235  35.1842  43.8964  44.8516   0.2374   0.2374
  weight sum                               43      148       76       61       64       24        0        0
  precision                            1.4246   1.4246   1.4246   1.4246   1.4246   1.4246   1.4246   1.4246

Histogram of JPEG Coefficients136
  mean                               121.4359 160.9813 154.8833 151.8942 183.8468 191.0444        0        0
  std. dev.                           57.7278  70.5541  66.4718  45.7656  31.6974   33.492   0.2742   0.2742
  weight sum                               43      148       76       61       64       24        0        0
  precision                            1.6452   1.6452   1.6452   1.6452   1.6452   1.6452   1.6452   1.6452

Histogram of JPEG Coefficients137
  mean                                45.1037  46.6286  139.368 137.6642 190.1799   169.15        0        0
  std. dev.                            26.032  31.4394  66.3953  56.9938  34.3618  49.4319   0.2429   0.2429
  weight sum                               43      148       76       61       64       24        0        0
  precision                            1.4571   1.4571   1.4571   1.4571   1.4571   1.4571   1.4571   1.4571

Histogram of JPEG Coefficients138
  mean                                 1.1603   1.6293  50.4748  47.7103   78.215  53.7024        0        0
  std. dev.                            1.7151   2.9694  42.2019  35.3787  41.6784   23.049    0.462    0.462
  weight sum                               43      148       76       61       64       24        0        0
  precision                            2.7717   2.7717   2.7717   2.7717   2.7717   2.7717   2.7717   2.7717

Histogram of JPEG Coefficients139
  mean                                 4.4267   4.8983   0.3908   1.4164   7.9102   1.5188        0        0
  std. dev.                            2.4761   3.7047   0.8709   3.3466   6.2363    1.525    0.225    0.225
  weight sum                               43      148       76       61       64       24        0        0
  precision                              1.35     1.35     1.35     1.35     1.35     1.35     1.35     1.35

Histogram of JPEG Coefficients140
  mean                                 13.251  11.6925   3.4015   3.5461   5.5232   5.9353        0        0
  std. dev.                            5.1356   6.2708  17.4499   4.2424   5.7059   3.8265   0.8793   0.8793
  weight sum                               43      148       76       61       64       24        0        0
  precision                            5.2759   5.2759   5.2759   5.2759   5.2759   5.2759   5.2759   5.2759

Histogram of JPEG Coefficients141
  mean                                27.2093  28.0659   5.5263    7.582   7.1094    11.25        0        0
  std. dev.                             9.561   12.277   8.5582   7.6818   5.9411   7.0526   0.2083   0.2083
  weight sum                               43      148       76       61       64       24        0        0
  precision                              1.25     1.25     1.25     1.25     1.25     1.25     1.25     1.25

Histogram of JPEG Coefficients142
  mean                                33.0044   34.315  15.7759  15.9114  16.6099  30.2461        0        0
  std. dev.                            10.789  12.6712    23.12  11.7309  12.7983  17.7469   0.4531   0.4531
  weight sum                               43      148       76       61       64       24        0        0
  precision                            2.7188   2.7188   2.7188   2.7188   2.7188   2.7188   2.7188   2.7188

Histogram of JPEG Coefficients143
  mean                                80.5143  84.9028   31.746  38.9092  36.0433  69.8798        0        0
  std. dev.                           32.6532  31.2585  40.3099  34.4746  24.3532  32.0509   0.3269   0.3269
  weight sum                               43      148       76       61       64       24        0        0
  precision                            1.9615   1.9615   1.9615   1.9615   1.9615   1.9615   1.9615   1.9615

Histogram of JPEG Coefficients144
  mean                                24.7979  33.2817  65.6613  63.0266  94.4898  83.3247        0        0
  std. dev.                           14.9043  23.4317  36.6838  31.8154  22.6778  30.6794   0.3075   0.3075
  weight sum                               43      148       76       61       64       24        0        0
  precision                            1.8448   1.8448   1.8448   1.8448   1.8448   1.8448   1.8448   1.8448

Histogram of JPEG Coefficients145
  mean                                 0.7413   0.8223  42.3983  37.3854  69.8171  45.1563        0        0
  std. dev.                            1.4103    1.719  36.5536  38.1216  27.1189  23.4954    0.483    0.483
  weight sum                               43      148       76       61       64       24        0        0
  precision                            2.8977   2.8977   2.8977   2.8977   2.8977   2.8977   2.8977   2.8977

Histogram of JPEG Coefficients146
  mean                                 0.4983   0.2172   2.9605   2.6347  21.5402   3.2738        0        0
  std. dev.                            1.8197   0.8535   11.751   5.0467  13.5991   3.7053   0.5952   0.5952
  weight sum                               43      148       76       61       64       24        0        0
  precision                            3.5714   3.5714   3.5714   3.5714   3.5714   3.5714   3.5714   3.5714

Histogram of JPEG Coefficients147
  mean                                   3.75   3.3896    1.273   1.0574   2.1836    3.434        0        0
  std. dev.                            2.3124   2.3484   5.5362   1.9834   2.5033   3.6542   0.5972   0.5972
  weight sum                               43      148       76       61       64       24        0        0
  precision                            3.5833   3.5833   3.5833   3.5833   3.5833   3.5833   3.5833   3.5833

Histogram of JPEG Coefficients148
  mean                                 9.2219   8.6402   2.2434   3.3033   4.8639   6.3507        0        0
  std. dev.                            4.5054   5.0225   4.2343   3.5588   4.6445   5.2589   0.2153   0.2153
  weight sum                               43      148       76       61       64       24        0        0
  precision                            1.2917   1.2917   1.2917   1.2917   1.2917   1.2917   1.2917   1.2917

Histogram of JPEG Coefficients149
  mean                                15.4651  15.2872   5.7237   6.4754   6.7188  11.6667        0        0
  std. dev.                            6.1535   6.8251  11.0681   5.4768    6.448   7.2409   0.4167   0.4167
  weight sum                               43      148       76       61       64       24        0        0
  precision                               2.5      2.5      2.5      2.5      2.5      2.5      2.5      2.5

Histogram of JPEG Coefficients150
  mean                                 20.409  21.7565  12.3962  17.4191  20.2659  30.8302        0        0
  std. dev.                            6.7602   9.2904  16.2538  15.8335  18.4672  16.1281   0.3585   0.3585
  weight sum                               43      148       76       61       64       24        0        0
  precision                            2.1509   2.1509   2.1509   2.1509   2.1509   2.1509   2.1509   2.1509

Histogram of JPEG Coefficients151
  mean                                62.3093  67.9368  23.8922  28.8125  34.3786  71.5329        0        0
  std. dev.                           24.4216  25.4195  26.7439  18.4549  22.9423  44.6846   0.2427   0.2427
  weight sum                               43      148       76       61       64       24        0        0
  precision                            1.4561   1.4561   1.4561   1.4561   1.4561   1.4561   1.4561   1.4561

Histogram of JPEG Coefficients152
  mean                                19.0689   24.013  17.5526  18.8486  32.6428  24.6405        0        0
  std. dev.                           12.6064  11.4625  16.0401  13.8483  13.7719   11.271   0.1895   0.1895
  weight sum                               43      148       76       61       64       24        0        0
  precision                            1.1373   1.1373   1.1373   1.1373   1.1373   1.1373   1.1373   1.1373

Histogram of JPEG Coefficients153
  mean                                 3.9535   3.3095   0.3775   0.5051   6.5078   1.2839        0        0
  std. dev.                            2.2137   2.5953   1.5675    1.029   5.6457   1.3362   0.1771   0.1771
  weight sum                               43      148       76       61       64       24        0        0
  precision                            1.0625   1.0625   1.0625   1.0625   1.0625   1.0625   1.0625   1.0625

Histogram of JPEG Coefficients154
  mean                                 2.3391   2.2303   0.5033   0.4645    1.306   1.1806        0        0
  std. dev.                            1.8045   2.0376   2.1766   0.7575     1.55   0.9735   0.2361   0.2361
  weight sum                               43      148       76       61       64       24        0        0
  precision                            1.4167   1.4167   1.4167   1.4167   1.4167   1.4167   1.4167   1.4167

Histogram of JPEG Coefficients155
  mean                                 9.8281   8.4791   1.3284   1.4433    1.926   3.7663        0        0
  std. dev.                            4.6684   5.2104   3.0071    1.821   2.0266   3.5051   0.1957   0.1957
  weight sum                               43      148       76       61       64       24        0        0
  precision                            1.1739   1.1739   1.1739   1.1739   1.1739   1.1739   1.1739   1.1739

Histogram of JPEG Coefficients156
  mean                                14.7349  13.6216   4.4289   3.8066   2.9531     3.75        0        0
  std. dev.                            6.8046   8.3309   8.7231   4.8464   2.5922   2.4875      0.3      0.3
  weight sum                               43      148       76       61       64       24        0        0
  precision                               1.8      1.8      1.8      1.8      1.8      1.8      1.8      1.8

Histogram of JPEG Coefficients157
  mean                                11.5574  12.2031   7.9745   4.4709   4.3561    9.596        0        0
  std. dev.                            5.1978   6.3403  25.7357   5.1358   4.9641   5.7806   1.0101   1.0101
  weight sum                               43      148       76       61       64       24        0        0
  precision                            6.0606   6.0606   6.0606   6.0606   6.0606   6.0606   6.0606   6.0606

Histogram of JPEG Coefficients158
  mean                                18.5895  19.6977  10.9817  15.8662  13.4694  26.6122        0        0
  std. dev.                            6.9733    9.301  18.4886  24.7761  10.3177  15.6317   0.6531   0.6531
  weight sum                               43      148       76       61       64       24        0        0
  precision                            3.9184   3.9184   3.9184   3.9184   3.9184   3.9184   3.9184   3.9184

Histogram of JPEG Coefficients159
  mean                                51.8895  57.8747  30.2645     30.6  32.7914    63.75        0        0
  std. dev.                           20.9477  22.1961  37.7985   20.525  22.4933  33.5481    0.425    0.425
  weight sum                               43      148       76       61       64       24        0        0
  precision                              2.55     2.55     2.55     2.55     2.55     2.55     2.55     2.55

Histogram of JPEG Coefficients160
  mean                                14.3698  18.7963   2.1431   4.1959  17.6532   7.3791        0        0
  std. dev.                            8.3413   8.8039   3.0716   5.0942  12.7155   6.1824   0.2154   0.2154
  weight sum                               43      148       76       61       64       24        0        0
  precision                            1.2927   1.2927   1.2927   1.2927   1.2927   1.2927   1.2927   1.2927

Histogram of JPEG Coefficients161
  mean                                10.8576   8.9316    1.273   1.6045   3.6738   3.2344        0        0
  std. dev.                            5.1974   6.2804   2.3889   2.5235    4.479   2.0102   0.1875   0.1875
  weight sum                               43      148       76       61       64       24        0        0
  precision                             1.125    1.125    1.125    1.125    1.125    1.125    1.125    1.125

Histogram of JPEG Coefficients162
  mean                                 2.1512   2.4286   1.7039   1.3864   2.5603    2.753        0        0
  std. dev.                             2.152   2.3096   6.2674   2.5595   2.6416   3.0971   0.4405   0.4405
  weight sum                               43      148       76       61       64       24        0        0
  precision                            2.6429   2.6429   2.6429   2.6429   2.6429   2.6429   2.6429   2.6429

Histogram of JPEG Coefficients163
  mean                                 3.2442   2.4628   1.8355   1.4016   1.3359   2.4375        0        0
  std. dev.                            2.6267   2.6845   7.5926   4.3531    2.056   3.1765     0.75     0.75
  weight sum                               43      148       76       61       64       24        0        0
  precision                               4.5      4.5      4.5      4.5      4.5      4.5      4.5      4.5

Histogram of JPEG Coefficients164
  mean                                 7.7391   7.7391   4.0732   3.2352   6.3485   6.6105        0        0
  std. dev.                            3.3381   4.3844  10.9068   3.7849   5.8191   3.0549   0.6449   0.6449
  weight sum                               43      148       76       61       64       24        0        0
  precision                            3.8696   3.8696   3.8696   3.8696   3.8696   3.8696   3.8696   3.8696

Histogram of JPEG Coefficients165
  mean                                 7.8787   8.9841   6.7105   7.4052   7.3996  10.9286        0        0
  std. dev.                            3.1357   4.9279  13.3854   9.0914   6.2092    4.819   0.6071   0.6071
  weight sum                               43      148       76       61       64       24        0        0
  precision                            3.6429   3.6429   3.6429   3.6429   3.6429   3.6429   3.6429   3.6429

Histogram of JPEG Coefficients166
  mean                                18.5168  19.4098  19.5153  14.2472  13.4168  24.7194        0        0
  std. dev.                            6.6685   8.7164  34.9011  10.1447  12.8401  11.8529   0.8673   0.8673
  weight sum                               43      148       76       61       64       24        0        0
  precision                            5.2041   5.2041   5.2041   5.2041   5.2041   5.2041   5.2041   5.2041

Histogram of JPEG Coefficients167
  mean                                56.3644  63.7342  26.7805  33.2892  33.5565  58.5837        0        0
  std. dev.                            25.507  25.6715  34.7233  35.3741   20.683  23.7186   0.3899   0.3899
  weight sum                               43      148       76       61       64       24        0        0
  precision                            2.3394   2.3394   2.3394   2.3394   2.3394   2.3394   2.3394   2.3394

Histogram of JPEG Coefficients168
  mean                                39.3592  44.3237    1.922   4.3764   9.9429   9.0247        0        0
  std. dev.                           25.8831  20.5985    3.078   7.5534  11.1148   7.2349   0.2798   0.2798
  weight sum                               43      148       76       61       64       24        0        0
  precision                             1.679    1.679    1.679    1.679    1.679    1.679    1.679    1.679

Histogram of JPEG Coefficients169
  mean                                 9.8524   9.3543   1.3936   1.9636   3.8023   5.9366        0        0
  std. dev.                            4.5604   5.2807   2.0716   2.1961   3.5974    4.849   0.2101   0.2101
  weight sum                               43      148       76       61       64       24        0        0
  precision                            1.2609   1.2609   1.2609   1.2609   1.2609   1.2609   1.2609   1.2609

Histogram of JPEG Coefficients170
  mean                                 2.7674   2.8142   3.3553   1.3934   4.9141   5.3125        0        0
  std. dev.                             3.983   4.1204  17.7163   3.1468   7.0165   5.9157   1.4167   1.4167
  weight sum                               43      148       76       61       64       24        0        0
  precision                               8.5      8.5      8.5      8.5      8.5      8.5      8.5      8.5

Histogram of JPEG Coefficients171
  mean                                 7.2495   6.3188   3.2661   3.3122   4.1491   8.4186        0        0
  std. dev.                            4.1465   3.6962  14.8757   4.8421     5.15   4.0748   0.9621   0.9621
  weight sum                               43      148       76       61       64       24        0        0
  precision                            5.7727   5.7727   5.7727   5.7727   5.7727   5.7727   5.7727   5.7727

Histogram of JPEG Coefficients172
  mean                                 4.7723   3.9378   6.0482   4.1714   4.2324   8.2083        0        0
  std. dev.                            4.0494   4.4213  23.3449   7.5235   5.0249   5.8042   1.3681   1.3681
  weight sum                               43      148       76       61       64       24        0        0
  precision                            8.2083   8.2083   8.2083   8.2083   8.2083   8.2083   8.2083   8.2083

Histogram of JPEG Coefficients173
  mean                                11.2701  11.0057  10.6275    9.773  11.7187  19.7917        0        0
  std. dev.                            4.6662   7.2983   14.614   6.8084   8.5038   9.9846   0.3205   0.3205
  weight sum                               43      148       76       61       64       24        0        0
  precision                            1.9231   1.9231   1.9231   1.9231   1.9231   1.9231   1.9231   1.9231

Histogram of JPEG Coefficients174
  mean                                15.6082  15.5665  17.9403  19.9874  17.8185  37.4199        0        0
  std. dev.                            6.1685   7.2279  16.0332  15.6009  15.4941   19.682   0.3205   0.3205
  weight sum                               43      148       76       61       64       24        0        0
  precision                            1.9231   1.9231   1.9231   1.9231   1.9231   1.9231   1.9231   1.9231

Histogram of JPEG Coefficients175
  mean                                43.3612  45.1712  33.2895  34.8393  36.5844  66.9556        0        0
  std. dev.                            19.809   18.042  27.0736  25.0804  25.2548  31.3824   0.2556   0.2556
  weight sum                               43      148       76       61       64       24        0        0
  precision                            1.5333   1.5333   1.5333   1.5333   1.5333   1.5333   1.5333   1.5333

Histogram of JPEG Coefficients176
  mean                                35.8265  37.5959    3.734   6.8786  15.7411  16.6385        0        0
  std. dev.                           31.1052  19.5527   6.5109   9.9593  13.5255  17.5739   0.3378   0.3378
  weight sum                               43      148       76       61       64       24        0        0
  precision                             2.027    2.027    2.027    2.027    2.027    2.027    2.027    2.027

Histogram of JPEG Coefficients177
  mean                                 10.874  10.6964   5.0212   4.4685   10.058   9.4355        0        0
  std. dev.                            5.7245   5.7564  10.3231   4.6106   9.1485   4.1496   0.3495   0.3495
  weight sum                               43      148       76       61       64       24        0        0
  precision                            2.0968   2.0968   2.0968   2.0968   2.0968   2.0968   2.0968   2.0968

Histogram of JPEG Coefficients178
  mean                                  6.723   7.6781     6.89   6.1401  10.1136  11.8182        0        0
  std. dev.                            4.1781   5.6391  10.8944   7.4068   9.9787   6.2545    0.303    0.303
  weight sum                               43      148       76       61       64       24        0        0
  precision                            1.8182   1.8182   1.8182   1.8182   1.8182   1.8182   1.8182   1.8182

Histogram of JPEG Coefficients179
  mean                                 8.8605   9.0606   8.4536   6.6745   8.8713  14.3186        0        0
  std. dev.                            4.4869    5.663  17.5971   7.9774   8.7973   8.7379   0.6225   0.6225
  weight sum                               43      148       76       61       64       24        0        0
  precision                            3.7353   3.7353   3.7353   3.7353   3.7353   3.7353   3.7353   3.7353

Histogram of JPEG Coefficients180
  mean                                 9.5317   9.6732  10.9758  12.5864  11.1847  18.6411        0        0
  std. dev.                            6.5446   6.5137  18.2611  15.5746  10.0958   8.4964   0.4811   0.4811
  weight sum                               43      148       76       61       64       24        0        0
  precision                            2.8864   2.8864   2.8864   2.8864   2.8864   2.8864   2.8864   2.8864

Histogram of JPEG Coefficients181
  mean                                  11.67  12.7435  14.6755  16.5148  17.7822  32.5071        0        0
  std. dev.                            5.4475    7.326  14.0271  13.1557  13.1049  14.7964   0.3156   0.3156
  weight sum                               43      148       76       61       64       24        0        0
  precision                            1.8936   1.8936   1.8936   1.8936   1.8936   1.8936   1.8936   1.8936

Histogram of JPEG Coefficients182
  mean                                19.1721  17.2107  27.7674  27.8958  30.0563  56.3692        0        0
  std. dev.                            7.7969   8.2879   28.109  22.1472  20.7586  22.6958   0.5872   0.5872
  weight sum                               43      148       76       61       64       24        0        0
  precision                            3.5231   3.5231   3.5231   3.5231   3.5231   3.5231   3.5231   3.5231

Histogram of JPEG Coefficients183
  mean                                39.5349  44.3156  47.7313  45.3993  49.3548  78.3737        0        0
  std. dev.                           17.6635  20.2748  45.4724  33.1849  33.4028   27.646    0.457    0.457
  weight sum                               43      148       76       61       64       24        0        0
  precision                            2.7419   2.7419   2.7419   2.7419   2.7419   2.7419   2.7419   2.7419

Histogram of JPEG Coefficients184
  mean                                62.9278  62.2682  11.6484  13.9231  28.1783  33.4979        0        0
  std. dev.                           42.6495  29.2969  20.1111    15.74  24.7329  22.2572   0.2607   0.2607
  weight sum                               43      148       76       61       64       24        0        0
  precision                            1.5641   1.5641   1.5641   1.5641   1.5641   1.5641   1.5641   1.5641

Histogram of JPEG Coefficients185
  mean                                14.9905  17.3068   15.847   15.503  22.5952   30.392        0        0
  std. dev.                            7.3934   9.4635  28.8555  12.6382  19.6643  10.5783   0.7068   0.7068
  weight sum                               43      148       76       61       64       24        0        0
  precision                            4.2407   4.2407   4.2407   4.2407   4.2407   4.2407   4.2407   4.2407

Histogram of JPEG Coefficients186
  mean                                15.7115  16.4237  15.1848  14.8591  19.8727  31.4557        0        0
  std. dev.                            8.3181   7.5015  18.8676  12.3018  17.3958  12.6826   0.4007   0.4007
  weight sum                               43      148       76       61       64       24        0        0
  precision                            2.4043   2.4043   2.4043   2.4043   2.4043   2.4043   2.4043   2.4043

Histogram of JPEG Coefficients187
  mean                                 16.061  18.3425  18.8734   15.502  23.3252  36.0807        0        0
  std. dev.                            6.5305   9.0201  30.0198  10.4624  18.6793  16.0096   0.8854   0.8854
  weight sum                               43      148       76       61       64       24        0        0
  precision                            5.3125   5.3125   5.3125   5.3125   5.3125   5.3125   5.3125   5.3125

Histogram of JPEG Coefficients188
  mean                                22.6461  21.7633  20.3789  20.9116  26.2654  42.4102        0        0
  std. dev.                           10.2053  10.9106  22.9071  15.6173  17.9038  14.3802   0.3672   0.3672
  weight sum                               43      148       76       61       64       24        0        0
  precision                            2.2031   2.2031   2.2031   2.2031   2.2031   2.2031   2.2031   2.2031

Histogram of JPEG Coefficients189
  mean                                19.9295  20.7604  24.4219  28.8511  30.1767  54.5184        0        0
  std. dev.                            9.4486  10.4046  30.6219  21.5522  20.8293  21.4341   0.6967   0.6967
  weight sum                               43      148       76       61       64       24        0        0
  precision                            4.1803   4.1803   4.1803   4.1803   4.1803   4.1803   4.1803   4.1803

Histogram of JPEG Coefficients190
  mean                                25.7224  24.5308  37.9564   47.499  38.5986  83.0078        0        0
  std. dev.                            10.457  12.1017  37.6837  39.3054  25.6435  45.6703   0.5313   0.5313
  weight sum                               43      148       76       61       64       24        0        0
  precision                            3.1875   3.1875   3.1875   3.1875   3.1875   3.1875   3.1875   3.1875

Histogram of JPEG Coefficients191
  mean                                54.3434  55.2688  59.7584  64.0023   67.597 112.3869        0        0
  std. dev.                           26.0549  24.8825  48.9238  44.9105   46.952  57.8913   0.3664   0.3664
  weight sum                               43      148       76       61       64       24        0        0
  precision                            2.1983   2.1983   2.1983   2.1983   2.1983   2.1983   2.1983   2.1983



Time taken to build model: 0.18 seconds

Time taken to test model on training data: 0.11 seconds

=== Error on training data ===

Correctly Classified Instances         302               72.5962 %
Incorrectly Classified Instances       114               27.4038 %
Kappa statistic                          0.6639
Mean absolute error                      0.0686
Root mean squared error                  0.2601
Relative absolute error                 35.0351 %
Root relative squared error             83.2474 %
Total Number of Instances              416     


=== Detailed Accuracy By Class ===

                 TP Rate  FP Rate  Precision  Recall   F-Measure  MCC      ROC Area  PRC Area  Class
                 0.907    0.137    0.433      0.907    0.586      0.569    0.949     0.615     K1
                 0.635    0.007    0.979      0.635    0.770      0.713    0.981     0.965     K2
                 0.382    0.021    0.806      0.382    0.518      0.496    0.960     0.805     K3
                 0.885    0.146    0.509      0.885    0.647      0.600    0.940     0.671     K4
                 0.969    0.006    0.969      0.969    0.969      0.963    0.998     0.982     K5
                 1.000    0.000    1.000      1.000    1.000      1.000    1.000     1.000     K6
                 ?        0.000    ?          ?        ?          ?        ?         ?         K7
                 ?        0.000    ?          ?        ?          ?        ?         ?         K8
Weighted Avg.    0.726    0.043    0.822      0.726    0.731      0.697    0.972     0.861     


=== Confusion Matrix ===

  a  b  c  d  e  f  g  h   <-- classified as
 39  2  0  2  0  0  0  0 |  a = K1
 51 94  0  1  2  0  0  0 |  b = K2
  0  0 29 47  0  0  0  0 |  c = K3
  0  0  7 54  0  0  0  0 |  d = K4
  0  0  0  2 62  0  0  0 |  e = K5
  0  0  0  0  0 24  0  0 |  f = K6
  0  0  0  0  0  0  0  0 |  g = K7
  0  0  0  0  0  0  0  0 |  h = K8

Time taken to perform cross-validation: 0.14 seconds


=== Stratified cross-validation ===

Correctly Classified Instances         278               66.8269 %
Incorrectly Classified Instances       138               33.1731 %
Kappa statistic                          0.5902
Mean absolute error                      0.0837
Root mean squared error                  0.2872
Relative absolute error                 42.7485 %
Root relative squared error             91.9299 %
Total Number of Instances              416     


=== Detailed Accuracy By Class ===

                 TP Rate  FP Rate  Precision  Recall   F-Measure  MCC      ROC Area  PRC Area  Class
                 0.744    0.137    0.386      0.744    0.508      0.463    0.914     0.503     K1
                 0.642    0.037    0.905      0.642    0.751      0.666    0.963     0.912     K2
                 0.303    0.035    0.657      0.303    0.414      0.372    0.925     0.628     K3
                 0.738    0.161    0.441      0.738    0.552      0.475    0.869     0.495     K4
                 0.969    0.023    0.886      0.969    0.925      0.912    0.992     0.919     K5
                 0.875    0.000    1.000      0.875    0.933      0.932    0.971     0.953     K6
                 ?        0.000    ?          ?        ?          ?        ?         ?         K7
                 ?        0.000    ?          ?        ?          ?        ?         ?         K8
Weighted Avg.    0.668    0.061    0.740      0.668    0.673      0.617    0.942     0.760     


=== Confusion Matrix ===

  a  b  c  d  e  f  g  h   <-- classified as
 32  9  0  2  0  0  0  0 |  a = K1
 50 95  0  1  2  0  0  0 |  b = K2
  0  0 23 52  1  0  0  0 |  c = K3
  1  0 12 45  3  0  0  0 |  d = K4
  0  0  0  2 62  0  0  0 |  e = K5
  0  1  0  0  2 21  0  0 |  f = K6
  0  0  0  0  0  0  0  0 |  g = K7
  0  0  0  0  0  0  0  0 |  h = K8

