
=== Classifier model (full training set) ===

Naive Bayes Classifier

                            Class
Attribute                      K1      K2      K3      K4      K5      K6      K7      K8
                            (0.1)  (0.35)  (0.18)  (0.15)  (0.15)  (0.06)     (0)     (0)
==========================================================================================
MPEG-7 Edge Histogram0
  mean                      2.1628   2.527  0.9342  0.5574  2.5469  3.1667       0       0
  std. dev.                 1.7511  1.7023  1.1958   0.758    1.52  1.4044  0.0017  0.0017
  weight sum                    43     148      76      61      64      24       0       0
  precision                   0.01    0.01    0.01    0.01    0.01    0.01    0.01    0.01

MPEG-7 Edge Histogram1
  mean                      2.4884  2.9257  0.6842  0.5246   2.375  2.1667       0       0
  std. dev.                 1.8847  1.7363  1.0786  0.5612   1.293  0.8498  0.0017  0.0017
  weight sum                    43     148      76      61      64      24       0       0
  precision                   0.01    0.01    0.01    0.01    0.01    0.01    0.01    0.01

MPEG-7 Edge Histogram2
  mean                      3.3721  3.4865  1.9342  2.4262     3.5   3.125       0       0
  std. dev.                 1.9532  1.4635  2.0153  1.8944   1.479  1.4234  0.0017  0.0017
  weight sum                    43     148      76      61      64      24       0       0
  precision                   0.01    0.01    0.01    0.01    0.01    0.01    0.01    0.01

MPEG-7 Edge Histogram3
  mean                      3.1163  3.2838  0.6184  0.6721  2.9063   2.375       0       0
  std. dev.                 1.8453  1.5292  1.1917   1.067  1.7475  1.0333  0.0017  0.0017
  weight sum                    43     148      76      61      64      24       0       0
  precision                   0.01    0.01    0.01    0.01    0.01    0.01    0.01    0.01

MPEG-7 Edge Histogram4
  mean                       3.907  2.9459     5.5  5.4426  6.5781  6.5833       0       0
  std. dev.                 1.9862  1.8225  1.3524  1.1668  0.7028   0.862  0.0017  0.0017
  weight sum                    43     148      76      61      64      24       0       0
  precision                   0.01    0.01    0.01    0.01    0.01    0.01    0.01    0.01

MPEG-7 Edge Histogram5
  mean                      1.6977    1.75  0.6053  0.8852  2.2344   2.375       0       0
  std. dev.                 1.5179  1.3501  0.7622   0.925  1.7655  1.4087  0.0017  0.0017
  weight sum                    43     148      76      61      64      24       0       0
  precision                   0.01    0.01    0.01    0.01    0.01    0.01    0.01    0.01

MPEG-7 Edge Histogram6
  mean                      3.3023  3.1351  4.8026  4.8361  4.0938  3.3333       0       0
  std. dev.                 1.4712  1.4503    1.17   1.043  1.2957  0.6236  0.0017  0.0017
  weight sum                    43     148      76      61      64      24       0       0
  precision                   0.01    0.01    0.01    0.01    0.01    0.01    0.01    0.01

MPEG-7 Edge Histogram7
  mean                      3.6279  3.5541  2.6447  2.8197  3.7344  3.0833       0       0
  std. dev.                 1.3813  1.4156  1.8332  1.8243  1.3834  1.3202  0.0017  0.0017
  weight sum                    43     148      76      61      64      24       0       0
  precision                   0.01    0.01    0.01    0.01    0.01    0.01    0.01    0.01

MPEG-7 Edge Histogram8
  mean                      2.6279    2.75  1.5789  1.7377  2.6563  1.7917       0       0
  std. dev.                 1.3981  1.3944  1.5067  1.2532  1.4056  1.2576  0.0017  0.0017
  weight sum                    43     148      76      61      64      24       0       0
  precision                   0.01    0.01    0.01    0.01    0.01    0.01    0.01    0.01

MPEG-7 Edge Histogram9
  mean                      4.2558  3.0338  5.5132  5.5082  5.7656   6.625       0       0
  std. dev.                 1.7533  1.7949  1.5174   1.223   1.086   0.696  0.0017  0.0017
  weight sum                    43     148      76      61      64      24       0       0
  precision                   0.01    0.01    0.01    0.01    0.01    0.01    0.01    0.01

MPEG-7 Edge Histogram10
  mean                      1.6977  1.9054  0.7632  0.7541  2.5313  2.4167       0       0
  std. dev.                 1.5025  1.2592  0.7758   1.066  1.5204  1.3819  0.0017  0.0017
  weight sum                    43     148      76      61      64      24       0       0
  precision                   0.01    0.01    0.01    0.01    0.01    0.01    0.01    0.01

MPEG-7 Edge Histogram11
  mean                           3  2.9865  4.0921  4.3443   3.125    3.25       0       0
  std. dev.                 1.4627  1.3655  1.2688  1.2266  1.2311  0.8292  0.0017  0.0017
  weight sum                    43     148      76      61      64      24       0       0
  precision                   0.01    0.01    0.01    0.01    0.01    0.01    0.01    0.01

MPEG-7 Edge Histogram12
  mean                      2.3023  2.9797  1.8158  1.6557  2.4688  2.2917       0       0
  std. dev.                 1.3388  1.4401   1.628  1.2398  1.3106  1.3988  0.0017  0.0017
  weight sum                    43     148      76      61      64      24       0       0
  precision                   0.01    0.01    0.01    0.01    0.01    0.01    0.01    0.01

MPEG-7 Edge Histogram13
  mean                      3.6279  3.7838  2.9474  3.0328  4.0469  3.0833       0       0
  std. dev.                 1.3644  1.5136  1.9927  1.8551  1.7359  1.1517  0.0017  0.0017
  weight sum                    43     148      76      61      64      24       0       0
  precision                   0.01    0.01    0.01    0.01    0.01    0.01    0.01    0.01

MPEG-7 Edge Histogram14
  mean                      4.5116  3.0946  6.0263  5.9016  6.2188    6.25       0       0
  std. dev.                 1.5458  1.7871  1.1352   1.141  0.9596  0.7773  0.0017  0.0017
  weight sum                    43     148      76      61      64      24       0       0
  precision                   0.01    0.01    0.01    0.01    0.01    0.01    0.01    0.01

MPEG-7 Edge Histogram15
  mean                      2.2326  2.7095  0.8816  0.9016  3.3438  2.8333       0       0
  std. dev.                 1.5071  1.7524  1.2873  1.2241  1.6029  1.2134  0.0017  0.0017
  weight sum                    43     148      76      61      64      24       0       0
  precision                   0.01    0.01    0.01    0.01    0.01    0.01    0.01    0.01

MPEG-7 Edge Histogram16
  mean                      2.6977  2.8446  0.4605  0.5246  2.2813     2.5       0       0
  std. dev.                 1.5179  1.6994  0.9657   1.034   1.386  0.7071  0.0017  0.0017
  weight sum                    43     148      76      61      64      24       0       0
  precision                   0.01    0.01    0.01    0.01    0.01    0.01    0.01    0.01

MPEG-7 Edge Histogram17
  mean                      2.9535  3.2703  0.5921  0.6393  2.7031  3.1667       0       0
  std. dev.                 1.7112  1.6007  0.8611  1.2015  1.6647  1.5184  0.0017  0.0017
  weight sum                    43     148      76      61      64      24       0       0
  precision                   0.01    0.01    0.01    0.01    0.01    0.01    0.01    0.01

MPEG-7 Edge Histogram18
  mean                      3.2093  3.5743  2.1184  2.4426  3.3906  2.4583       0       0
  std. dev.                 1.7857  1.6278  1.8135  1.9879  1.6165  1.6325  0.0017  0.0017
  weight sum                    43     148      76      61      64      24       0       0
  precision                   0.01    0.01    0.01    0.01    0.01    0.01    0.01    0.01

MPEG-7 Edge Histogram19
  mean                       4.093  3.0811  5.1842  5.1475  5.9531   6.625       0       0
  std. dev.                 2.3508  2.0319  1.5787  1.3162  1.3855   0.857  0.0017  0.0017
  weight sum                    43     148      76      61      64      24       0       0
  precision                   0.01    0.01    0.01    0.01    0.01    0.01    0.01    0.01

MPEG-7 Edge Histogram20
  mean                      4.2558  3.6216  5.1579   5.082  4.4219  4.2083       0       0
  std. dev.                 1.3484  1.6579  1.2145  1.3219  0.9811  1.2576  0.0017  0.0017
  weight sum                    43     148      76      61      64      24       0       0
  precision                   0.01    0.01    0.01    0.01    0.01    0.01    0.01    0.01

MPEG-7 Edge Histogram21
  mean                      1.6047  2.2568  0.9079  0.7705  1.9531  1.7083       0       0
  std. dev.                 1.2601  1.3858  0.9344   0.687  1.2677  0.8888  0.0017  0.0017
  weight sum                    43     148      76      61      64      24       0       0
  precision                   0.01    0.01    0.01    0.01    0.01    0.01    0.01    0.01

MPEG-7 Edge Histogram22
  mean                      3.7674  3.5946  2.7368   3.377  3.5625  2.7083       0       0
  std. dev.                 1.2545  1.4038  1.9826   1.848  1.7578  1.2409  0.0017  0.0017
  weight sum                    43     148      76      61      64      24       0       0
  precision                   0.01    0.01    0.01    0.01    0.01    0.01    0.01    0.01

MPEG-7 Edge Histogram23
  mean                      2.5581  3.3176  1.8947   1.623    2.25  2.8333       0       0
  std. dev.                 1.5892  1.5203  1.6106  1.1896   1.591  1.1055  0.0017  0.0017
  weight sum                    43     148      76      61      64      24       0       0
  precision                   0.01    0.01    0.01    0.01    0.01    0.01    0.01    0.01

MPEG-7 Edge Histogram24
  mean                      4.3953  3.1959  5.6447   5.918  6.3438  6.1667       0       0
  std. dev.                 1.8444  1.8768  1.2429   1.013  0.6896  0.8498  0.0017  0.0017
  weight sum                    43     148      76      61      64      24       0       0
  precision                   0.01    0.01    0.01    0.01    0.01    0.01    0.01    0.01

MPEG-7 Edge Histogram25
  mean                      2.3721  1.7297  1.0526  3.7705  2.9531    2.75       0       0
  std. dev.                 1.0121  1.0501  0.9719    1.53  1.2922  0.8292  0.0017  0.0017
  weight sum                    43     148      76      61      64      24       0       0
  precision                   0.01    0.01    0.01    0.01    0.01    0.01    0.01    0.01

MPEG-7 Edge Histogram26
  mean                      2.5814  4.3919  3.7368  1.7541   2.125  2.3333       0       0
  std. dev.                 0.8417  1.3287  1.3511  1.0347  0.9601  0.7993  0.0017  0.0017
  weight sum                    43     148      76      61      64      24       0       0
  precision                   0.01    0.01    0.01    0.01    0.01    0.01    0.01    0.01

MPEG-7 Edge Histogram27
  mean                      3.0233  2.3514  2.2895  2.9344  3.3594  2.7083       0       0
  std. dev.                 1.1711  1.2567  1.8268  1.6483  1.3505  0.9781  0.0017  0.0017
  weight sum                    43     148      76      61      64      24       0       0
  precision                   0.01    0.01    0.01    0.01    0.01    0.01    0.01    0.01

MPEG-7 Edge Histogram28
  mean                      2.9302  2.4054  2.3553   2.459  5.0156  3.4583       0       0
  std. dev.                  1.437  1.3747  1.9514   1.675  1.3635   0.865  0.0017  0.0017
  weight sum                    43     148      76      61      64      24       0       0
  precision                   0.01    0.01    0.01    0.01    0.01    0.01    0.01    0.01

MPEG-7 Edge Histogram29
  mean                      4.2558   1.777  5.6316   5.918  6.4063  6.2917       0       0
  std. dev.                 1.1831  1.3245   1.346  0.8925  0.8238  0.8406  0.0017  0.0017
  weight sum                    43     148      76      61      64      24       0       0
  precision                   0.01    0.01    0.01    0.01    0.01    0.01    0.01    0.01

MPEG-7 Edge Histogram30
  mean                       2.907  1.8243  2.5658  4.8689  2.4688  2.9583       0       0
  std. dev.                 1.1577  1.0444  1.4358  1.5308  1.0454  0.9345  0.0017  0.0017
  weight sum                    43     148      76      61      64      24       0       0
  precision                   0.01    0.01    0.01    0.01    0.01    0.01    0.01    0.01

MPEG-7 Edge Histogram31
  mean                      2.4186  4.3446  1.8684  1.2951  1.7656  1.9167       0       0
  std. dev.                 0.8417  1.2451   1.068  0.9469  1.1421   0.493  0.0017  0.0017
  weight sum                    43     148      76      61      64      24       0       0
  precision                   0.01    0.01    0.01    0.01    0.01    0.01    0.01    0.01

MPEG-7 Edge Histogram32
  mean                      2.5581  2.4527  3.1053  2.4918  4.6563  2.4167       0       0
  std. dev.                 1.4675  1.3673  2.2687   1.752  1.5634  1.2555  0.0017  0.0017
  weight sum                    43     148      76      61      64      24       0       0
  precision                   0.01    0.01    0.01    0.01    0.01    0.01    0.01    0.01

MPEG-7 Edge Histogram33
  mean                      3.0465  2.5946  2.4868  2.4098     3.5  3.9583       0       0
  std. dev.                 1.1999  1.2936  2.0293  1.6829  1.4142  1.5133  0.0017  0.0017
  weight sum                    43     148      76      61      64      24       0       0
  precision                   0.01    0.01    0.01    0.01    0.01    0.01    0.01    0.01

MPEG-7 Edge Histogram34
  mean                      4.2093  1.9662  6.0526  5.0656  6.6875  6.2917       0       0
  std. dev.                 1.3392  1.2756  1.2019  1.2914  0.7262  0.7895  0.0017  0.0017
  weight sum                    43     148      76      61      64      24       0       0
  precision                   0.01    0.01    0.01    0.01    0.01    0.01    0.01    0.01

MPEG-7 Edge Histogram35
  mean                      4.0233   3.777  5.0263  5.4426  4.5469   3.625       0       0
  std. dev.                 1.1307  1.6184  1.6301  1.0167  1.0887  1.0333  0.0017  0.0017
  weight sum                    43     148      76      61      64      24       0       0
  precision                   0.01    0.01    0.01    0.01    0.01    0.01    0.01    0.01

MPEG-7 Edge Histogram36
  mean                       2.093  2.1892  0.6053  0.6557  1.4531     2.5       0       0
  std. dev.                 1.4756  1.5217  0.6898   1.054  1.0743  1.0408  0.0017  0.0017
  weight sum                    43     148      76      61      64      24       0       0
  precision                   0.01    0.01    0.01    0.01    0.01    0.01    0.01    0.01

MPEG-7 Edge Histogram37
  mean                      3.0465  3.3919     1.5       2  2.7969  2.4167       0       0
  std. dev.                 1.4134   1.523  1.4189  1.7082  1.9699  1.3514  0.0017  0.0017
  weight sum                    43     148      76      61      64      24       0       0
  precision                   0.01    0.01    0.01    0.01    0.01    0.01    0.01    0.01

MPEG-7 Edge Histogram38
  mean                      3.9767  3.8311  2.8816  3.4098  3.5156  2.7083       0       0
  std. dev.                 1.5625  1.4208  2.1335  2.0912  1.4789  1.5937  0.0017  0.0017
  weight sum                    43     148      76      61      64      24       0       0
  precision                   0.01    0.01    0.01    0.01    0.01    0.01    0.01    0.01

MPEG-7 Edge Histogram39
  mean                      4.3023  3.2095  5.6053  5.5246  6.4063  6.5417       0       0
  std. dev.                 1.8494  1.8933  1.7097  1.2624  1.0112  0.8154  0.0017  0.0017
  weight sum                    43     148      76      61      64      24       0       0
  precision                   0.01    0.01    0.01    0.01    0.01    0.01    0.01    0.01

MPEG-7 Edge Histogram40
  mean                      3.6744  3.1216  4.8026  4.8197   4.375    3.75       0       0
  std. dev.                  1.289  1.5549   1.442   1.385  1.0078  1.8764  0.0017  0.0017
  weight sum                    43     148      76      61      64      24       0       0
  precision                   0.01    0.01    0.01    0.01    0.01    0.01    0.01    0.01

MPEG-7 Edge Histogram41
  mean                      1.9767  2.5676  0.9079  0.8361  1.8438  1.4583       0       0
  std. dev.                  1.248  1.4758   1.066  0.7284  1.2896  1.2576  0.0017  0.0017
  weight sum                    43     148      76      61      64      24       0       0
  precision                   0.01    0.01    0.01    0.01    0.01    0.01    0.01    0.01

MPEG-7 Edge Histogram42
  mean                      2.9767  3.2635  2.0921  1.6393  2.6563  2.0417       0       0
  std. dev.                 1.4385  1.3525  1.6398  1.2935  1.5126  1.4283  0.0017  0.0017
  weight sum                    43     148      76      61      64      24       0       0
  precision                   0.01    0.01    0.01    0.01    0.01    0.01    0.01    0.01

MPEG-7 Edge Histogram43
  mean                      4.4651  4.0878  3.0921  3.2459  3.5469    3.25       0       0
  std. dev.                  1.484  1.3453  1.8721  2.0618  1.4677  1.8314  0.0017  0.0017
  weight sum                    43     148      76      61      64      24       0       0
  precision                   0.01    0.01    0.01    0.01    0.01    0.01    0.01    0.01

MPEG-7 Edge Histogram44
  mean                      4.6512   3.277  5.6579  6.0656  6.3125  6.0417       0       0
  std. dev.                 1.4924  1.9824  1.4828  0.8659  0.7262  0.9345  0.0017  0.0017
  weight sum                    43     148      76      61      64      24       0       0
  precision                   0.01    0.01    0.01    0.01    0.01    0.01    0.01    0.01

MPEG-7 Edge Histogram45
  mean                      2.6977  1.3581  2.0921  3.8525    2.25  2.9583       0       0
  std. dev.                 1.1317  1.0463   1.549   1.524  1.0155  0.8406  0.0017  0.0017
  weight sum                    43     148      76      61      64      24       0       0
  precision                   0.01    0.01    0.01    0.01    0.01    0.01    0.01    0.01

MPEG-7 Edge Histogram46
  mean                      1.9767  4.2973  1.8421  2.2459  1.9844  1.9167       0       0
  std. dev.                 0.9762  1.1358  1.5394  1.2235  0.7179   0.493  0.0017  0.0017
  weight sum                    43     148      76      61      64      24       0       0
  precision                   0.01    0.01    0.01    0.01    0.01    0.01    0.01    0.01

MPEG-7 Edge Histogram47
  mean                      2.3721  2.1892  3.8684  2.5902  5.4844     2.5       0       0
  std. dev.                 1.4471  1.2593  2.2085  1.5928  1.0896  0.7638  0.0017  0.0017
  weight sum                    43     148      76      61      64      24       0       0
  precision                   0.01    0.01    0.01    0.01    0.01    0.01    0.01    0.01

MPEG-7 Edge Histogram48
  mean                      3.2558   2.527  1.4474  2.6066  3.5156   4.375       0       0
  std. dev.                 1.4956  1.3529  1.3707  1.8667  1.5909  0.9043  0.0017  0.0017
  weight sum                    43     148      76      61      64      24       0       0
  precision                   0.01    0.01    0.01    0.01    0.01    0.01    0.01    0.01

MPEG-7 Edge Histogram49
  mean                      4.0465  1.6824  6.3553  5.6393  6.5313  6.7917       0       0
  std. dev.                  1.275  1.2947  1.0476   1.403  0.6607  0.4983  0.0017  0.0017
  weight sum                    43     148      76      61      64      24       0       0
  precision                   0.01    0.01    0.01    0.01    0.01    0.01    0.01    0.01

MPEG-7 Edge Histogram50
  mean                      2.5116  1.5405  5.2105  4.4754  2.6563   2.625       0       0
  std. dev.                  1.208  1.0093  1.6883  1.5429  0.9052  0.9922  0.0017  0.0017
  weight sum                    43     148      76      61      64      24       0       0
  precision                   0.01    0.01    0.01    0.01    0.01    0.01    0.01    0.01

MPEG-7 Edge Histogram51
  mean                      1.9302  4.1486  0.5526  1.4426  2.0313       2       0       0
  std. dev.                 0.9498  1.1232  0.6958  0.9326  0.9515  0.9129  0.0017  0.0017
  weight sum                    43     148      76      61      64      24       0       0
  precision                   0.01    0.01    0.01    0.01    0.01    0.01    0.01    0.01

MPEG-7 Edge Histogram52
  mean                      3.5814  2.8514  2.5395  2.1967  3.3125  3.7083       0       0
  std. dev.                 1.4343  1.3273   1.743  1.5238  1.8275  1.2069  0.0017  0.0017
  weight sum                    43     148      76      61      64      24       0       0
  precision                   0.01    0.01    0.01    0.01    0.01    0.01    0.01    0.01

MPEG-7 Edge Histogram53
  mean                      2.6047  2.3514  2.0789  2.4754   4.875  2.6667       0       0
  std. dev.                 1.4649  1.3298  1.6683  1.6753   1.375  1.1785  0.0017  0.0017
  weight sum                    43     148      76      61      64      24       0       0
  precision                   0.01    0.01    0.01    0.01    0.01    0.01    0.01    0.01

MPEG-7 Edge Histogram54
  mean                      4.3488  1.9257  4.9605  5.4426  6.5625  6.7917       0       0
  std. dev.                 1.2367  1.3208  1.4276  1.1092  0.6585  0.6442  0.0017  0.0017
  weight sum                    43     148      76      61      64      24       0       0
  precision                   0.01    0.01    0.01    0.01    0.01    0.01    0.01    0.01

MPEG-7 Edge Histogram55
  mean                      3.9302  3.6014  4.9211  5.1803  4.0625    3.75       0       0
  std. dev.                 1.0652  1.4875  1.6122  1.1944  1.4456   1.299  0.0017  0.0017
  weight sum                    43     148      76      61      64      24       0       0
  precision                   0.01    0.01    0.01    0.01    0.01    0.01    0.01    0.01

MPEG-7 Edge Histogram56
  mean                      1.8837  2.3716  0.4605   0.623  1.5156    1.75       0       0
  std. dev.                 1.1854  1.4298  0.5722  1.0584  1.0605  0.8292  0.0017  0.0017
  weight sum                    43     148      76      61      64      24       0       0
  precision                   0.01    0.01    0.01    0.01    0.01    0.01    0.01    0.01

MPEG-7 Edge Histogram57
  mean                      3.9302  3.8784  3.2632  3.3934  3.9219   2.875       0       0
  std. dev.                  1.437  1.3848  2.0285  2.0825  1.6423  1.4808  0.0017  0.0017
  weight sum                    43     148      76      61      64      24       0       0
  precision                   0.01    0.01    0.01    0.01    0.01    0.01    0.01    0.01

MPEG-7 Edge Histogram58
  mean                      3.3256  3.7635  1.4737  1.5082   2.625    2.25       0       0
  std. dev.                 1.4741  1.3525  1.5515  1.3504  1.8998  1.1273  0.0017  0.0017
  weight sum                    43     148      76      61      64      24       0       0
  precision                   0.01    0.01    0.01    0.01    0.01    0.01    0.01    0.01

MPEG-7 Edge Histogram59
  mean                      4.8837  3.2838  5.6711  5.8852  6.3125  6.4167       0       0
  std. dev.                 1.7415   2.099  1.4454  1.2024  0.9823  0.8122  0.0017  0.0017
  weight sum                    43     148      76      61      64      24       0       0
  precision                   0.01    0.01    0.01    0.01    0.01    0.01    0.01    0.01

MPEG-7 Edge Histogram60
  mean                      2.6512  2.2297    0.75  0.5574     3.5    3.75       0       0
  std. dev.                 1.6828  1.4891  1.1935  0.6901  1.3463  1.4506  0.0017  0.0017
  weight sum                    43     148      76      61      64      24       0       0
  precision                   0.01    0.01    0.01    0.01    0.01    0.01    0.01    0.01

MPEG-7 Edge Histogram61
  mean                      2.6047  3.4865  0.8026  0.7049  2.3125  1.7917       0       0
  std. dev.                 1.7539  1.8472  1.5391  1.2975  1.2231  1.4428  0.0017  0.0017
  weight sum                    43     148      76      61      64      24       0       0
  precision                   0.01    0.01    0.01    0.01    0.01    0.01    0.01    0.01

MPEG-7 Edge Histogram62
  mean                      3.2791  3.2297  0.5789  0.4426   2.875    2.75       0       0
  std. dev.                 1.6471   1.331  0.9769  0.7793  1.7633   0.878  0.0017  0.0017
  weight sum                    43     148      76      61      64      24       0       0
  precision                   0.01    0.01    0.01    0.01    0.01    0.01    0.01    0.01

MPEG-7 Edge Histogram63
  mean                      3.7209  3.4932  1.6974  2.2623  2.9688  3.0833       0       0
  std. dev.                 1.4031  1.4955  1.8066  1.7546  2.1358  1.4118  0.0017  0.0017
  weight sum                    43     148      76      61      64      24       0       0
  precision                   0.01    0.01    0.01    0.01    0.01    0.01    0.01    0.01

MPEG-7 Edge Histogram64
  mean                      4.0698  3.1284  5.0526  5.2131  5.9844  5.8333       0       0
  std. dev.                  2.073  2.0837  1.6455  1.2296  1.0679  0.8975  0.0017  0.0017
  weight sum                    43     148      76      61      64      24       0       0
  precision                   0.01    0.01    0.01    0.01    0.01    0.01    0.01    0.01

MPEG-7 Edge Histogram65
  mean                      2.3488  2.2905  0.8289  0.7541  2.5313  3.7917       0       0
  std. dev.                 1.5079  1.3767  0.8333  0.8028  1.8622  1.1173  0.0017  0.0017
  weight sum                    43     148      76      61      64      24       0       0
  precision                   0.01    0.01    0.01    0.01    0.01    0.01    0.01    0.01

MPEG-7 Edge Histogram66
  mean                      3.3721   3.277  3.9211  4.3115  4.5625   2.375       0       0
  std. dev.                 1.1817  1.4604  1.8408  1.2745   0.998  1.0729  0.0017  0.0017
  weight sum                    43     148      76      61      64      24       0       0
  precision                   0.01    0.01    0.01    0.01    0.01    0.01    0.01    0.01

MPEG-7 Edge Histogram67
  mean                      2.7674  3.1419  1.8553  1.8033  2.1875  2.6667       0       0
  std. dev.                 1.6683  1.3457  1.6599  1.5973  1.5799  1.0672  0.0017  0.0017
  weight sum                    43     148      76      61      64      24       0       0
  precision                   0.01    0.01    0.01    0.01    0.01    0.01    0.01    0.01

MPEG-7 Edge Histogram68
  mean                      3.9535  4.0203  2.8816  3.6393  3.0625  3.4583       0       0
  std. dev.                 1.5545  1.5486  2.1762  1.8645  1.4671   1.554  0.0017  0.0017
  weight sum                    43     148      76      61      64      24       0       0
  precision                   0.01    0.01    0.01    0.01    0.01    0.01    0.01    0.01

MPEG-7 Edge Histogram69
  mean                      4.4419  3.0946  5.7632  5.4754  5.5781  6.0417       0       0
  std. dev.                 1.4192  1.9007  1.6533  1.5107  0.9811  1.0198  0.0017  0.0017
  weight sum                    43     148      76      61      64      24       0       0
  precision                   0.01    0.01    0.01    0.01    0.01    0.01    0.01    0.01

MPEG-7 Edge Histogram70
  mean                       2.093  2.2905  0.6579  0.7705  2.2031  3.4167       0       0
  std. dev.                 1.2906  1.3718  0.7173  0.8177  1.6219  1.3819  0.0017  0.0017
  weight sum                    43     148      76      61      64      24       0       0
  precision                   0.01    0.01    0.01    0.01    0.01    0.01    0.01    0.01

MPEG-7 Edge Histogram71
  mean                      3.4651  3.2635  4.1316  4.2623  4.4531     2.5       0       0
  std. dev.                  1.318  1.5306  1.7498  1.4699  1.1717       1  0.0017  0.0017
  weight sum                    43     148      76      61      64      24       0       0
  precision                   0.01    0.01    0.01    0.01    0.01    0.01    0.01    0.01

MPEG-7 Edge Histogram72
  mean                      4.2326  3.8851  2.7105       3   2.875   3.125       0       0
  std. dev.                 1.2911  1.4262  2.0699  1.8904  1.4524  1.0533  0.0017  0.0017
  weight sum                    43     148      76      61      64      24       0       0
  precision                   0.01    0.01    0.01    0.01    0.01    0.01    0.01    0.01

MPEG-7 Edge Histogram73
  mean                      2.6279  3.1959  1.3684   1.623  1.9219     2.5       0       0
  std. dev.                 1.4309  1.4457   1.503  1.3078  1.5135  1.2247  0.0017  0.0017
  weight sum                    43     148      76      61      64      24       0       0
  precision                   0.01    0.01    0.01    0.01    0.01    0.01    0.01    0.01

MPEG-7 Edge Histogram74
  mean                      4.6047  3.0946  5.9868  6.0328  6.0156    6.25       0       0
  std. dev.                 1.3664  1.8466  1.3907  1.1869  0.8749  0.7217  0.0017  0.0017
  weight sum                    43     148      76      61      64      24       0       0
  precision                   0.01    0.01    0.01    0.01    0.01    0.01    0.01    0.01

MPEG-7 Edge Histogram75
  mean                      2.2326  2.6486  0.5132  0.7377       3  4.1667       0       0
  std. dev.                 1.2911  1.6393  0.6588   1.158  1.6008  0.8498  0.0017  0.0017
  weight sum                    43     148      76      61      64      24       0       0
  precision                   0.01    0.01    0.01    0.01    0.01    0.01    0.01    0.01

MPEG-7 Edge Histogram76
  mean                      2.8837  3.2297  0.6974  0.4426   2.625       2       0       0
  std. dev.                 1.5583  1.7937  1.4329  1.0484  1.5861   0.866  0.0017  0.0017
  weight sum                    43     148      76      61      64      24       0       0
  precision                   0.01    0.01    0.01    0.01    0.01    0.01    0.01    0.01

MPEG-7 Edge Histogram77
  mean                      3.7442  3.4932  1.8947  2.1475  2.9375  2.7917       0       0
  std. dev.                 1.3135  1.4402  1.8819  1.9404  1.9675  0.9991  0.0017  0.0017
  weight sum                    43     148      76      61      64      24       0       0
  precision                   0.01    0.01    0.01    0.01    0.01    0.01    0.01    0.01

MPEG-7 Edge Histogram78
  mean                      3.9767  3.3716  0.3026  0.7213  3.0938  2.5833       0       0
  std. dev.                 1.4546  1.4579  0.5135  1.2298  2.1266  1.3819  0.0017  0.0017
  weight sum                    43     148      76      61      64      24       0       0
  precision                   0.01    0.01    0.01    0.01    0.01    0.01    0.01    0.01

MPEG-7 Edge Histogram79
  mean                      4.5814  3.3108  5.0526   5.082  5.9063  6.2083       0       0
  std. dev.                 2.0027  2.2021  1.7388  1.2584   1.343  1.1895  0.0017  0.0017
  weight sum                    43     148      76      61      64      24       0       0
  precision                   0.01    0.01    0.01    0.01    0.01    0.01    0.01    0.01



Time taken to build model: 0.16 seconds

Time taken to test model on training data: 0.07 seconds

=== Error on training data ===

Correctly Classified Instances         382               91.8269 %
Incorrectly Classified Instances        34                8.1731 %
Kappa statistic                          0.8961
Mean absolute error                      0.0198
Root mean squared error                  0.1302
Relative absolute error                 10.1405 %
Root relative squared error             41.6732 %
Total Number of Instances              416     


=== Detailed Accuracy By Class ===

                 TP Rate  FP Rate  Precision  Recall   F-Measure  MCC      ROC Area  PRC Area  Class
                 0.884    0.043    0.704      0.884    0.784      0.762    0.979     0.888     K1
                 0.919    0.011    0.978      0.919    0.948      0.921    0.994     0.988     K2
                 0.895    0.015    0.932      0.895    0.913      0.894    0.992     0.948     K3
                 0.902    0.023    0.873      0.902    0.887      0.867    0.982     0.951     K4
                 0.969    0.006    0.969      0.969    0.969      0.963    1.000     0.999     K5
                 0.958    0.000    1.000      0.958    0.979      0.978    0.993     0.969     K6
                 ?        0.000    ?          ?        ?          ?        ?         ?         K7
                 ?        0.000    ?          ?        ?          ?        ?         ?         K8
Weighted Avg.    0.918    0.015    0.926      0.918    0.920      0.902    0.991     0.966     


=== Confusion Matrix ===

   a   b   c   d   e   f   g   h   <-- classified as
  38   2   1   0   2   0   0   0 |   a = K1
  12 136   0   0   0   0   0   0 |   b = K2
   0   0  68   8   0   0   0   0 |   c = K3
   1   1   4  55   0   0   0   0 |   d = K4
   2   0   0   0  62   0   0   0 |   e = K5
   1   0   0   0   0  23   0   0 |   f = K6
   0   0   0   0   0   0   0   0 |   g = K7
   0   0   0   0   0   0   0   0 |   h = K8

Time taken to perform cross-validation: 0.12 seconds


=== Stratified cross-validation ===

Correctly Classified Instances         366               87.9808 %
Incorrectly Classified Instances        50               12.0192 %
Kappa statistic                          0.8476
Mean absolute error                      0.0302
Root mean squared error                  0.1624
Relative absolute error                 15.4174 %
Root relative squared error             51.9649 %
Total Number of Instances              416     


=== Detailed Accuracy By Class ===

                 TP Rate  FP Rate  Precision  Recall   F-Measure  MCC      ROC Area  PRC Area  Class
                 0.860    0.054    0.649      0.860    0.740      0.714    0.961     0.820     K1
                 0.892    0.011    0.978      0.892    0.933      0.901    0.991     0.980     K2
                 0.842    0.026    0.877      0.842    0.859      0.829    0.974     0.868     K3
                 0.836    0.034    0.810      0.836    0.823      0.792    0.960     0.905     K4
                 0.953    0.011    0.938      0.953    0.946      0.936    0.998     0.989     K5
                 0.875    0.005    0.913      0.875    0.894      0.887    0.971     0.950     K6
                 ?        0.000    ?          ?        ?          ?        ?         ?         K7
                 ?        0.000    ?          ?        ?          ?        ?         ?         K8
Weighted Avg.    0.880    0.021    0.891      0.880    0.883      0.857    0.980     0.932     


=== Confusion Matrix ===

   a   b   c   d   e   f   g   h   <-- classified as
  37   2   1   1   2   0   0   0 |   a = K1
  16 132   0   0   0   0   0   0 |   b = K2
   1   0  64  11   0   0   0   0 |   c = K3
   1   1   8  51   0   0   0   0 |   d = K4
   1   0   0   0  61   2   0   0 |   e = K5
   1   0   0   0   2  21   0   0 |   f = K6
   0   0   0   0   0   0   0   0 |   g = K7
   0   0   0   0   0   0   0   0 |   h = K8

