
=== Classifier model (full training set) ===

The independent probability of a class
--------------------------------------
K1	0.1
K2	0.35
K3	0.18
K4	0.15
K5	0.15
K6	0.06
K7	0
K8	0

The probability of a word given the class
-----------------------------------------
	K1	K2	K3	K4	K5	K6	K7	K8	
FCTH0	0.05	0.06	0.02	0.04	0.05	0.03	0.01	0.01	
FCTH1	0.12	0.14	0.13	0.11	0.12	0.11	0.01	0.01	
FCTH2	0.12	0.14	0.16	0.14	0.06	0.08	0.01	0.01	
FCTH3	0.07	0.06	0.05	0.03	0.06	0	0.01	0.01	
FCTH4	0.08	0.07	0.05	0.04	0.06	0	0.01	0.01	
FCTH5	0.14	0.17	0.13	0.08	0.07	0	0.01	0.01	
FCTH6	0.01	0.01	0.01	0.03	0.04	0.01	0.01	0.01	
FCTH7	0.01	0.01	0.02	0.04	0.01	0	0.01	0.01	
FCTH8	0.05	0.07	0.05	0.06	0.03	0.02	0.01	0.01	
FCTH9	0	0	0	0	0.02	0.03	0.01	0.01	
FCTH10	0	0	0	0.01	0.01	0.02	0.01	0.01	
FCTH11	0.02	0.01	0.01	0.01	0.03	0.04	0.01	0.01	
FCTH12	0	0	0	0	0.02	0.05	0.01	0.01	
FCTH13	0	0	0	0	0.01	0.02	0.01	0.01	
FCTH14	0.01	0	0	0.01	0.05	0.08	0.01	0.01	
FCTH15	0	0	0.02	0.02	0.01	0.02	0.01	0.01	
FCTH16	0	0	0	0	0	0.01	0.01	0.01	
FCTH17	0	0	0.03	0.03	0	0.03	0.01	0.01	
FCTH18	0.03	0.04	0.06	0.05	0.06	0.07	0.01	0.01	
FCTH19	0	0	0	0.01	0.08	0.12	0.01	0.01	
FCTH20	0.06	0.06	0.06	0.06	0.07	0.11	0.01	0.01	
FCTH21	0.03	0.04	0.02	0.01	0.02	0	0.01	0.01	
FCTH22	0	0	0	0	0.01	0	0.01	0.01	
FCTH23	0.05	0.06	0.05	0.03	0.04	0	0.01	0.01	
FCTH24	0	0	0	0	0	0	0.01	0.01	
FCTH25	0.01	0.01	0.02	0.02	0.01	0	0.01	0.01	
FCTH26	0	0	0	0	0	0	0.01	0.01	
FCTH27	0.01	0.01	0.01	0.01	0	0	0.01	0.01	
FCTH28	0	0	0	0	0	0	0.01	0.01	
FCTH29	0	0	0.01	0.01	0	0	0.01	0.01	
FCTH30	0	0	0	0.01	0	0	0.01	0.01	
FCTH31	0	0	0	0	0	0	0.01	0.01	
FCTH32	0	0	0	0.01	0	0	0.01	0.01	
FCTH33	0	0	0	0	0	0	0.01	0.01	
FCTH34	0	0	0	0	0	0	0.01	0.01	
FCTH35	0	0	0	0	0	0	0.01	0.01	
FCTH36	0	0	0	0	0	0	0.01	0.01	
FCTH37	0	0	0	0	0	0	0.01	0.01	
FCTH38	0	0	0	0	0	0	0.01	0.01	
FCTH39	0	0	0	0	0	0	0.01	0.01	
FCTH40	0	0	0	0	0	0	0.01	0.01	
FCTH41	0	0	0	0	0	0	0.01	0.01	
FCTH42	0	0	0	0	0	0	0.01	0.01	
FCTH43	0	0	0	0	0	0	0.01	0.01	
FCTH44	0	0	0	0.01	0	0	0.01	0.01	
FCTH45	0	0	0	0	0	0	0.01	0.01	
FCTH46	0	0	0	0	0	0	0.01	0.01	
FCTH47	0	0	0	0	0	0	0.01	0.01	
FCTH48	0	0	0	0	0	0	0.01	0.01	
FCTH49	0	0	0.01	0.02	0	0	0.01	0.01	
FCTH50	0	0	0	0	0	0	0.01	0.01	
FCTH51	0	0	0	0	0	0	0.01	0.01	
FCTH52	0	0	0	0	0	0	0.01	0.01	
FCTH53	0	0	0	0	0	0	0.01	0.01	
FCTH54	0	0	0	0	0	0	0.01	0.01	
FCTH55	0	0	0	0	0	0	0.01	0.01	
FCTH56	0	0	0	0	0	0	0.01	0.01	
FCTH57	0	0	0	0	0	0	0.01	0.01	
FCTH58	0	0	0	0	0	0	0.01	0.01	
FCTH59	0	0	0	0	0	0	0.01	0.01	
FCTH60	0	0	0	0	0	0	0.01	0.01	
FCTH61	0	0	0	0	0	0	0.01	0.01	
FCTH62	0	0	0	0	0	0	0.01	0.01	
FCTH63	0	0	0	0	0	0	0.01	0.01	
FCTH64	0	0	0	0	0	0	0.01	0.01	
FCTH65	0	0	0	0	0	0	0.01	0.01	
FCTH66	0	0	0	0	0	0	0.01	0.01	
FCTH67	0	0	0	0	0	0	0.01	0.01	
FCTH68	0	0	0	0	0	0	0.01	0.01	
FCTH69	0	0	0	0	0	0	0.01	0.01	
FCTH70	0	0	0	0	0	0	0.01	0.01	
FCTH71	0	0	0	0	0	0	0.01	0.01	
FCTH72	0	0	0	0	0	0	0.01	0.01	
FCTH73	0	0	0	0	0	0	0.01	0.01	
FCTH74	0	0	0	0	0	0	0.01	0.01	
FCTH75	0	0	0	0	0	0	0.01	0.01	
FCTH76	0	0	0	0	0	0	0.01	0.01	
FCTH77	0	0	0	0	0	0	0.01	0.01	
FCTH78	0	0	0	0	0	0	0.01	0.01	
FCTH79	0	0	0	0	0	0	0.01	0.01	
FCTH80	0	0	0	0	0	0	0.01	0.01	
FCTH81	0	0	0	0	0	0	0.01	0.01	
FCTH82	0	0	0	0	0	0	0.01	0.01	
FCTH83	0	0	0	0	0	0	0.01	0.01	
FCTH84	0	0	0	0	0	0	0.01	0.01	
FCTH85	0	0	0	0	0	0	0.01	0.01	
FCTH86	0	0	0	0	0	0	0.01	0.01	
FCTH87	0	0	0	0	0	0	0.01	0.01	
FCTH88	0	0	0	0	0	0	0.01	0.01	
FCTH89	0	0	0	0	0	0	0.01	0.01	
FCTH90	0	0	0	0	0	0	0.01	0.01	
FCTH91	0	0	0	0	0	0	0.01	0.01	
FCTH92	0	0	0	0	0	0	0.01	0.01	
FCTH93	0	0	0	0	0	0	0.01	0.01	
FCTH94	0	0	0	0	0	0	0.01	0.01	
FCTH95	0	0	0	0	0	0	0.01	0.01	
FCTH96	0	0	0	0	0	0	0.01	0.01	
FCTH97	0	0	0	0	0	0	0.01	0.01	
FCTH98	0	0	0	0	0	0	0.01	0.01	
FCTH99	0	0	0	0	0	0	0.01	0.01	
FCTH100	0	0	0	0	0	0	0.01	0.01	
FCTH101	0	0	0	0	0	0	0.01	0.01	
FCTH102	0	0	0	0	0	0	0.01	0.01	
FCTH103	0	0	0	0	0	0	0.01	0.01	
FCTH104	0	0	0	0	0	0	0.01	0.01	
FCTH105	0	0	0	0	0	0	0.01	0.01	
FCTH106	0	0	0	0	0	0	0.01	0.01	
FCTH107	0	0	0	0	0	0	0.01	0.01	
FCTH108	0	0	0	0	0	0	0.01	0.01	
FCTH109	0	0	0	0	0	0	0.01	0.01	
FCTH110	0	0	0	0	0	0	0.01	0.01	
FCTH111	0	0	0	0	0	0	0.01	0.01	
FCTH112	0	0	0	0	0	0	0.01	0.01	
FCTH113	0	0	0	0	0	0	0.01	0.01	
FCTH114	0	0	0	0	0	0	0.01	0.01	
FCTH115	0	0	0	0	0	0	0.01	0.01	
FCTH116	0	0	0	0	0	0	0.01	0.01	
FCTH117	0	0	0	0	0	0	0.01	0.01	
FCTH118	0	0	0	0	0	0	0.01	0.01	
FCTH119	0	0	0	0	0	0	0.01	0.01	
FCTH120	0	0	0	0	0	0	0.01	0.01	
FCTH121	0	0	0	0	0	0	0.01	0.01	
FCTH122	0	0	0	0	0	0	0.01	0.01	
FCTH123	0	0	0	0	0	0	0.01	0.01	
FCTH124	0	0	0	0	0	0	0.01	0.01	
FCTH125	0	0	0	0	0	0	0.01	0.01	
FCTH126	0	0	0	0	0	0	0.01	0.01	
FCTH127	0	0	0	0	0	0	0.01	0.01	
FCTH128	0	0	0	0	0	0	0.01	0.01	
FCTH129	0	0	0	0	0	0	0.01	0.01	
FCTH130	0	0	0	0	0	0	0.01	0.01	
FCTH131	0	0	0	0	0	0	0.01	0.01	
FCTH132	0	0	0	0	0	0	0.01	0.01	
FCTH133	0	0	0	0	0	0	0.01	0.01	
FCTH134	0	0	0	0	0	0	0.01	0.01	
FCTH135	0	0	0	0	0	0	0.01	0.01	
FCTH136	0	0	0	0	0	0	0.01	0.01	
FCTH137	0	0	0	0	0	0	0.01	0.01	
FCTH138	0	0	0	0	0	0	0.01	0.01	
FCTH139	0	0	0	0	0	0	0.01	0.01	
FCTH140	0	0	0	0	0	0	0.01	0.01	
FCTH141	0	0	0	0	0	0	0.01	0.01	
FCTH142	0	0	0	0	0	0	0.01	0.01	
FCTH143	0	0	0	0	0	0	0.01	0.01	
FCTH144	0	0	0	0	0	0	0.01	0.01	
FCTH145	0	0	0	0	0	0	0.01	0.01	
FCTH146	0	0	0	0	0	0	0.01	0.01	
FCTH147	0	0	0	0	0	0	0.01	0.01	
FCTH148	0	0	0	0	0	0	0.01	0.01	
FCTH149	0	0	0	0	0	0	0.01	0.01	
FCTH150	0	0	0	0	0	0	0.01	0.01	
FCTH151	0	0	0	0	0	0	0.01	0.01	
FCTH152	0	0	0	0	0	0	0.01	0.01	
FCTH153	0	0	0	0	0	0	0.01	0.01	
FCTH154	0	0	0	0	0	0	0.01	0.01	
FCTH155	0	0	0	0	0	0	0.01	0.01	
FCTH156	0	0	0	0	0	0	0.01	0.01	
FCTH157	0	0	0	0	0	0	0.01	0.01	
FCTH158	0	0	0	0	0	0	0.01	0.01	
FCTH159	0	0	0	0	0	0	0.01	0.01	
FCTH160	0	0	0	0	0	0	0.01	0.01	
FCTH161	0	0	0	0	0	0	0.01	0.01	
FCTH162	0	0	0	0	0	0	0.01	0.01	
FCTH163	0	0	0	0	0	0	0.01	0.01	
FCTH164	0	0	0	0	0	0	0.01	0.01	
FCTH165	0	0	0	0	0	0	0.01	0.01	
FCTH166	0	0	0	0	0	0	0.01	0.01	
FCTH167	0	0	0	0	0	0	0.01	0.01	
FCTH168	0	0	0	0	0	0	0.01	0.01	
FCTH169	0	0	0	0	0	0	0.01	0.01	
FCTH170	0	0	0	0	0	0	0.01	0.01	
FCTH171	0	0	0	0	0	0	0.01	0.01	
FCTH172	0	0	0	0	0	0	0.01	0.01	
FCTH173	0	0	0	0	0	0	0.01	0.01	
FCTH174	0	0	0	0	0	0	0.01	0.01	
FCTH175	0	0	0	0	0	0	0.01	0.01	
FCTH176	0	0	0	0	0	0	0.01	0.01	
FCTH177	0	0	0	0	0	0	0.01	0.01	
FCTH178	0	0	0	0	0	0	0.01	0.01	
FCTH179	0	0	0	0	0	0	0.01	0.01	
FCTH180	0	0	0	0	0	0	0.01	0.01	
FCTH181	0	0	0	0	0	0	0.01	0.01	
FCTH182	0	0	0	0	0	0	0.01	0.01	
FCTH183	0	0	0	0	0	0	0.01	0.01	
FCTH184	0	0	0	0	0	0	0.01	0.01	
FCTH185	0	0	0	0	0	0	0.01	0.01	
FCTH186	0	0	0	0	0	0	0.01	0.01	
FCTH187	0	0	0	0	0	0	0.01	0.01	
FCTH188	0	0	0	0	0	0	0.01	0.01	
FCTH189	0	0	0	0	0	0	0.01	0.01	
FCTH190	0	0	0	0	0	0	0.01	0.01	
FCTH191	0	0	0	0	0	0	0.01	0.01	


Time taken to build model: 0.17 seconds

Time taken to test model on training data: 0.03 seconds

=== Error on training data ===

Correctly Classified Instances         304               73.0769 %
Incorrectly Classified Instances       112               26.9231 %
Kappa statistic                          0.6422
Mean absolute error                      0.0704
Root mean squared error                  0.2446
Relative absolute error                 36.0016 %
Root relative squared error             78.2865 %
Total Number of Instances              416     


=== Detailed Accuracy By Class ===

                 TP Rate  FP Rate  Precision  Recall   F-Measure  MCC      ROC Area  PRC Area  Class
                 0.116    0.000    1.000      0.116    0.208      0.325    0.814     0.384     K1
                 0.946    0.213    0.711      0.946    0.812      0.703    0.919     0.800     K2
                 0.697    0.071    0.688      0.697    0.693      0.624    0.929     0.775     K3
                 0.525    0.076    0.542      0.525    0.533      0.455    0.902     0.658     K4
                 0.781    0.011    0.926      0.781    0.847      0.826    0.989     0.951     K5
                 1.000    0.000    1.000      1.000    1.000      1.000    1.000     1.000     K6
                 ?        0.000    ?          ?        ?          ?        ?         ?         K7
                 ?        0.000    ?          ?        ?          ?        ?         ?         K8
Weighted Avg.    0.731    0.101    0.762      0.731    0.703      0.649    0.923     0.766     


=== Confusion Matrix ===

   a   b   c   d   e   f   g   h   <-- classified as
   5  35   2   1   0   0   0   0 |   a = K1
   0 140   2   5   1   0   0   0 |   b = K2
   0   8  53  15   0   0   0   0 |   c = K3
   0   6  20  32   3   0   0   0 |   d = K4
   0   8   0   6  50   0   0   0 |   e = K5
   0   0   0   0   0  24   0   0 |   f = K6
   0   0   0   0   0   0   0   0 |   g = K7
   0   0   0   0   0   0   0   0 |   h = K8

Time taken to perform cross-validation: 0.04 seconds


=== Stratified cross-validation ===

Correctly Classified Instances         296               71.1538 %
Incorrectly Classified Instances       120               28.8462 %
Kappa statistic                          0.6161
Mean absolute error                      0.077 
Root mean squared error                  0.2567
Relative absolute error                 39.3278 %
Root relative squared error             82.1525 %
Total Number of Instances              416     


=== Detailed Accuracy By Class ===

                 TP Rate  FP Rate  Precision  Recall   F-Measure  MCC      ROC Area  PRC Area  Class
                 0.070    0.000    1.000      0.070    0.130      0.251    0.703     0.227     K1
                 0.932    0.228    0.693      0.932    0.795      0.675    0.891     0.707     K2
                 0.671    0.074    0.671      0.671    0.671      0.598    0.894     0.679     K3
                 0.492    0.082    0.508      0.492    0.500      0.416    0.858     0.560     K4
                 0.781    0.011    0.926      0.781    0.847      0.826    0.983     0.931     K5
                 1.000    0.003    0.960      1.000    0.980      0.979    1.000     1.000     K6
                 ?        0.000    ?          ?        ?          ?        ?         ?         K7
                 ?        0.000    ?          ?        ?          ?        ?         ?         K8
Weighted Avg.    0.712    0.108    0.745      0.712    0.679      0.620    0.888     0.682     


=== Confusion Matrix ===

   a   b   c   d   e   f   g   h   <-- classified as
   3  37   2   1   0   0   0   0 |   a = K1
   0 138   3   6   1   0   0   0 |   b = K2
   0   9  51  16   0   0   0   0 |   c = K3
   0   7  20  30   3   1   0   0 |   d = K4
   0   8   0   6  50   0   0   0 |   e = K5
   0   0   0   0   0  24   0   0 |   f = K6
   0   0   0   0   0   0   0   0 |   g = K7
   0   0   0   0   0   0   0   0 |   h = K8

