
=== Classifier model (full training set) ===

Naive Bayes Classifier

                     Class
Attribute               K1      K2      K3      K4      K5      K6      K7      K8
                     (0.1)  (0.35)  (0.18)  (0.15)  (0.15)  (0.06)     (0)     (0)
===================================================================================
Gabor Features0
  mean               2.6209  2.1785  5.5454   5.309  5.9061  5.2142       0       0
  std. dev.          0.8873  0.8968  1.5921   1.706  1.3876  1.1821  0.0017  0.0017
  weight sum             43     148      76      61      64      24       0       0
  precision            0.01    0.01    0.01    0.01    0.01    0.01    0.01    0.01

Gabor Features1
  mean               0.0707  0.0573  0.2025  0.1752  0.1341    0.11       0       0
  std. dev.          0.0165   0.019  0.1515  0.1451   0.038  0.0141  0.0017  0.0017
  weight sum             43     148      76      61      64      24       0       0
  precision            0.01    0.01    0.01    0.01    0.01    0.01    0.01    0.01

Gabor Features2
  mean               2.6214  2.1791  5.5474  5.3116  5.9086   5.215       0       0
  std. dev.          0.8878  0.8972   1.593  1.7074  1.3868  1.1807  0.0017  0.0017
  weight sum             43     148      76      61      64      24       0       0
  precision            0.01    0.01    0.01    0.01    0.01    0.01    0.01    0.01

Gabor Features3
  mean               0.0707  0.0573  0.2025  0.1752  0.1341    0.11       0       0
  std. dev.          0.0165   0.019  0.1515  0.1451   0.038  0.0141  0.0017  0.0017
  weight sum             43     148      76      61      64      24       0       0
  precision            0.01    0.01    0.01    0.01    0.01    0.01    0.01    0.01

Gabor Features4
  mean               2.6214  2.1791  5.5474  5.3116  5.9086   5.215       0       0
  std. dev.          0.8878  0.8972   1.593  1.7074  1.3868  1.1807  0.0017  0.0017
  weight sum             43     148      76      61      64      24       0       0
  precision            0.01    0.01    0.01    0.01    0.01    0.01    0.01    0.01

Gabor Features5
  mean               0.0707  0.0573  0.2025  0.1752  0.1341    0.11       0       0
  std. dev.          0.0165   0.019  0.1515  0.1451   0.038  0.0141  0.0017  0.0017
  weight sum             43     148      76      61      64      24       0       0
  precision            0.01    0.01    0.01    0.01    0.01    0.01    0.01    0.01

Gabor Features6
  mean               2.6209  2.1785  5.5454   5.309  5.9061  5.2142       0       0
  std. dev.          0.8873  0.8968  1.5921   1.706  1.3876  1.1821  0.0017  0.0017
  weight sum             43     148      76      61      64      24       0       0
  precision            0.01    0.01    0.01    0.01    0.01    0.01    0.01    0.01

Gabor Features7
  mean               0.0707  0.0573  0.2025  0.1752  0.1341    0.11       0       0
  std. dev.          0.0165   0.019  0.1515  0.1451   0.038  0.0141  0.0017  0.0017
  weight sum             43     148      76      61      64      24       0       0
  precision            0.01    0.01    0.01    0.01    0.01    0.01    0.01    0.01

Gabor Features8
  mean               2.6214  2.1791  5.5474  5.3116  5.9086   5.215       0       0
  std. dev.          0.8878  0.8972   1.593  1.7074  1.3868  1.1807  0.0017  0.0017
  weight sum             43     148      76      61      64      24       0       0
  precision            0.01    0.01    0.01    0.01    0.01    0.01    0.01    0.01

Gabor Features9
  mean               0.0707  0.0573  0.2025  0.1752  0.1341    0.11       0       0
  std. dev.          0.0165   0.019  0.1515  0.1451   0.038  0.0141  0.0017  0.0017
  weight sum             43     148      76      61      64      24       0       0
  precision            0.01    0.01    0.01    0.01    0.01    0.01    0.01    0.01

Gabor Features10
  mean               2.6214  2.1791  5.5474  5.3116  5.9086   5.215       0       0
  std. dev.          0.8878  0.8972   1.593  1.7074  1.3868  1.1807  0.0017  0.0017
  weight sum             43     148      76      61      64      24       0       0
  precision            0.01    0.01    0.01    0.01    0.01    0.01    0.01    0.01

Gabor Features11
  mean               0.0707  0.0573  0.2025  0.1752  0.1341    0.11       0       0
  std. dev.          0.0165   0.019  0.1515  0.1451   0.038  0.0141  0.0017  0.0017
  weight sum             43     148      76      61      64      24       0       0
  precision            0.01    0.01    0.01    0.01    0.01    0.01    0.01    0.01

Gabor Features12
  mean               2.7081  2.2516  5.7308  5.4874  6.1045  5.3879       0       0
  std. dev.          0.9165  0.9268  1.6454   1.764  1.4334  1.2216  0.0017  0.0017
  weight sum             43     148      76      61      64      24       0       0
  precision            0.01    0.01    0.01    0.01    0.01    0.01    0.01    0.01

Gabor Features13
  mean               0.0721  0.0597  0.2088  0.1808  0.1391  0.1154       0       0
  std. dev.          0.0171  0.0202  0.1562  0.1495  0.0389  0.0141  0.0017  0.0017
  weight sum             43     148      76      61      64      24       0       0
  precision            0.01    0.01    0.01    0.01    0.01    0.01    0.01    0.01

Gabor Features14
  mean               2.7091  2.2521  5.7333  5.4892   6.107  5.3908       0       0
  std. dev.          0.9166  0.9271  1.6462  1.7642  1.4331  1.2213  0.0017  0.0017
  weight sum             43     148      76      61      64      24       0       0
  precision            0.01    0.01    0.01    0.01    0.01    0.01    0.01    0.01

Gabor Features15
  mean               0.0721  0.0597  0.2088  0.1808  0.1391  0.1154       0       0
  std. dev.          0.0171  0.0202  0.1562  0.1495  0.0389  0.0141  0.0017  0.0017
  weight sum             43     148      76      61      64      24       0       0
  precision            0.01    0.01    0.01    0.01    0.01    0.01    0.01    0.01

Gabor Features16
  mean               2.7091  2.2521  5.7333  5.4892   6.107  5.3908       0       0
  std. dev.          0.9166  0.9271  1.6462  1.7642  1.4331  1.2213  0.0017  0.0017
  weight sum             43     148      76      61      64      24       0       0
  precision            0.01    0.01    0.01    0.01    0.01    0.01    0.01    0.01

Gabor Features17
  mean               0.0721  0.0597  0.2088  0.1808  0.1391  0.1154       0       0
  std. dev.          0.0171  0.0202  0.1562  0.1495  0.0389  0.0141  0.0017  0.0017
  weight sum             43     148      76      61      64      24       0       0
  precision            0.01    0.01    0.01    0.01    0.01    0.01    0.01    0.01

Gabor Features18
  mean               2.7081  2.2516  5.7308  5.4874  6.1045  5.3879       0       0
  std. dev.          0.9165  0.9268  1.6454   1.764  1.4334  1.2216  0.0017  0.0017
  weight sum             43     148      76      61      64      24       0       0
  precision            0.01    0.01    0.01    0.01    0.01    0.01    0.01    0.01

Gabor Features19
  mean               0.0721  0.0597  0.2088  0.1808  0.1391  0.1154       0       0
  std. dev.          0.0171  0.0202  0.1562  0.1495  0.0389  0.0141  0.0017  0.0017
  weight sum             43     148      76      61      64      24       0       0
  precision            0.01    0.01    0.01    0.01    0.01    0.01    0.01    0.01

Gabor Features20
  mean               2.7091  2.2521  5.7333  5.4892   6.107  5.3908       0       0
  std. dev.          0.9166  0.9271  1.6462  1.7642  1.4331  1.2213  0.0017  0.0017
  weight sum             43     148      76      61      64      24       0       0
  precision            0.01    0.01    0.01    0.01    0.01    0.01    0.01    0.01

Gabor Features21
  mean               0.0721  0.0597  0.2088  0.1808  0.1391  0.1154       0       0
  std. dev.          0.0171  0.0202  0.1562  0.1495  0.0389  0.0141  0.0017  0.0017
  weight sum             43     148      76      61      64      24       0       0
  precision            0.01    0.01    0.01    0.01    0.01    0.01    0.01    0.01

Gabor Features22
  mean               2.7091  2.2521  5.7333  5.4892   6.107  5.3908       0       0
  std. dev.          0.9166  0.9271  1.6462  1.7642  1.4331  1.2213  0.0017  0.0017
  weight sum             43     148      76      61      64      24       0       0
  precision            0.01    0.01    0.01    0.01    0.01    0.01    0.01    0.01

Gabor Features23
  mean               0.0721  0.0597  0.2088  0.1808  0.1391  0.1154       0       0
  std. dev.          0.0171  0.0202  0.1562  0.1495  0.0389  0.0141  0.0017  0.0017
  weight sum             43     148      76      61      64      24       0       0
  precision            0.01    0.01    0.01    0.01    0.01    0.01    0.01    0.01

Gabor Features24
  mean               2.7065  2.2491  5.7259  5.4823   6.098  5.3846       0       0
  std. dev.          0.9168  0.9258  1.6445  1.7621  1.4326  1.2199  0.0017  0.0017
  weight sum             43     148      76      61      64      24       0       0
  precision            0.01    0.01    0.01    0.01    0.01    0.01    0.01    0.01

Gabor Features25
  mean               0.0721  0.0597  0.2087  0.1807  0.1391  0.1154       0       0
  std. dev.          0.0171  0.0202  0.1562  0.1496  0.0389  0.0141  0.0017  0.0017
  weight sum             43     148      76      61      64      24       0       0
  precision            0.01    0.01    0.01    0.01    0.01    0.01    0.01    0.01

Gabor Features26
  mean                2.707  2.2499  5.7279  5.4839  6.1002  5.3863       0       0
  std. dev.          0.9163  0.9261  1.6451  1.7628  1.4316  1.2211  0.0017  0.0017
  weight sum             43     148      76      61      64      24       0       0
  precision            0.01    0.01    0.01    0.01    0.01    0.01    0.01    0.01

Gabor Features27
  mean               0.0721  0.0597  0.2087  0.1808  0.1391  0.1154       0       0
  std. dev.          0.0171  0.0202  0.1562  0.1495  0.0389  0.0141  0.0017  0.0017
  weight sum             43     148      76      61      64      24       0       0
  precision            0.01    0.01    0.01    0.01    0.01    0.01    0.01    0.01

Gabor Features28
  mean                2.707  2.2499  5.7279  5.4839  6.1002  5.3863       0       0
  std. dev.          0.9163  0.9261  1.6451  1.7628  1.4316  1.2211  0.0017  0.0017
  weight sum             43     148      76      61      64      24       0       0
  precision            0.01    0.01    0.01    0.01    0.01    0.01    0.01    0.01

Gabor Features29
  mean               0.0721  0.0597  0.2087  0.1808  0.1391  0.1154       0       0
  std. dev.          0.0171  0.0202  0.1562  0.1495  0.0389  0.0141  0.0017  0.0017
  weight sum             43     148      76      61      64      24       0       0
  precision            0.01    0.01    0.01    0.01    0.01    0.01    0.01    0.01

Gabor Features30
  mean               2.7065  2.2491  5.7259  5.4823   6.098  5.3846       0       0
  std. dev.          0.9168  0.9258  1.6445  1.7621  1.4326  1.2199  0.0017  0.0017
  weight sum             43     148      76      61      64      24       0       0
  precision            0.01    0.01    0.01    0.01    0.01    0.01    0.01    0.01

Gabor Features31
  mean               0.0721  0.0597  0.2087  0.1807  0.1391  0.1154       0       0
  std. dev.          0.0171  0.0202  0.1562  0.1496  0.0389  0.0141  0.0017  0.0017
  weight sum             43     148      76      61      64      24       0       0
  precision            0.01    0.01    0.01    0.01    0.01    0.01    0.01    0.01

Gabor Features32
  mean                2.707  2.2499  5.7279  5.4839  6.1002  5.3863       0       0
  std. dev.          0.9163  0.9261  1.6451  1.7628  1.4316  1.2211  0.0017  0.0017
  weight sum             43     148      76      61      64      24       0       0
  precision            0.01    0.01    0.01    0.01    0.01    0.01    0.01    0.01

Gabor Features33
  mean               0.0721  0.0597  0.2087  0.1808  0.1391  0.1154       0       0
  std. dev.          0.0171  0.0202  0.1562  0.1495  0.0389  0.0141  0.0017  0.0017
  weight sum             43     148      76      61      64      24       0       0
  precision            0.01    0.01    0.01    0.01    0.01    0.01    0.01    0.01

Gabor Features34
  mean                2.707  2.2499  5.7279  5.4839  6.1002  5.3863       0       0
  std. dev.          0.9163  0.9261  1.6451  1.7628  1.4316  1.2211  0.0017  0.0017
  weight sum             43     148      76      61      64      24       0       0
  precision            0.01    0.01    0.01    0.01    0.01    0.01    0.01    0.01

Gabor Features35
  mean               0.0721  0.0597  0.2087  0.1808  0.1391  0.1154       0       0
  std. dev.          0.0171  0.0202  0.1562  0.1495  0.0389  0.0141  0.0017  0.0017
  weight sum             43     148      76      61      64      24       0       0
  precision            0.01    0.01    0.01    0.01    0.01    0.01    0.01    0.01

Gabor Features36
  mean               2.6988   2.243  5.7112  5.4674  6.0819    5.37       0       0
  std. dev.          0.9143  0.9239  1.6398  1.7574  1.4281  1.2167  0.0017  0.0017
  weight sum             43     148      76      61      64      24       0       0
  precision            0.01    0.01    0.01    0.01    0.01    0.01    0.01    0.01

Gabor Features37
  mean               0.0721  0.0595  0.2084  0.1807  0.1391  0.1154       0       0
  std. dev.          0.0171  0.0202  0.1562  0.1496  0.0389  0.0141  0.0017  0.0017
  weight sum             43     148      76      61      64      24       0       0
  precision            0.01    0.01    0.01    0.01    0.01    0.01    0.01    0.01

Gabor Features38
  mean               2.6998  2.2438  5.7125  5.4697  6.0847  5.3717       0       0
  std. dev.          0.9143  0.9241  1.6404  1.7586  1.4293  1.2177  0.0017  0.0017
  weight sum             43     148      76      61      64      24       0       0
  precision            0.01    0.01    0.01    0.01    0.01    0.01    0.01    0.01

Gabor Features39
  mean               0.0721  0.0595  0.2084  0.1807  0.1391  0.1154       0       0
  std. dev.          0.0171  0.0202  0.1562  0.1496  0.0389  0.0141  0.0017  0.0017
  weight sum             43     148      76      61      64      24       0       0
  precision            0.01    0.01    0.01    0.01    0.01    0.01    0.01    0.01

Gabor Features40
  mean               2.6998  2.2438  5.7125  5.4697  6.0847  5.3717       0       0
  std. dev.          0.9143  0.9241  1.6404  1.7586  1.4293  1.2177  0.0017  0.0017
  weight sum             43     148      76      61      64      24       0       0
  precision            0.01    0.01    0.01    0.01    0.01    0.01    0.01    0.01

Gabor Features41
  mean               0.0721  0.0595  0.2084  0.1807  0.1391  0.1154       0       0
  std. dev.          0.0171  0.0202  0.1562  0.1496  0.0389  0.0141  0.0017  0.0017
  weight sum             43     148      76      61      64      24       0       0
  precision            0.01    0.01    0.01    0.01    0.01    0.01    0.01    0.01

Gabor Features42
  mean               2.6988   2.243  5.7112  5.4674  6.0819    5.37       0       0
  std. dev.          0.9143  0.9239  1.6398  1.7574  1.4281  1.2167  0.0017  0.0017
  weight sum             43     148      76      61      64      24       0       0
  precision            0.01    0.01    0.01    0.01    0.01    0.01    0.01    0.01

Gabor Features43
  mean               0.0721  0.0595  0.2084  0.1807  0.1391  0.1154       0       0
  std. dev.          0.0171  0.0202  0.1562  0.1496  0.0389  0.0141  0.0017  0.0017
  weight sum             43     148      76      61      64      24       0       0
  precision            0.01    0.01    0.01    0.01    0.01    0.01    0.01    0.01

Gabor Features44
  mean               2.6998  2.2438  5.7125  5.4697  6.0847  5.3717       0       0
  std. dev.          0.9143  0.9241  1.6404  1.7586  1.4293  1.2177  0.0017  0.0017
  weight sum             43     148      76      61      64      24       0       0
  precision            0.01    0.01    0.01    0.01    0.01    0.01    0.01    0.01

Gabor Features45
  mean               0.0721  0.0595  0.2084  0.1807  0.1391  0.1154       0       0
  std. dev.          0.0171  0.0202  0.1562  0.1496  0.0389  0.0141  0.0017  0.0017
  weight sum             43     148      76      61      64      24       0       0
  precision            0.01    0.01    0.01    0.01    0.01    0.01    0.01    0.01

Gabor Features46
  mean               2.6998  2.2438  5.7125  5.4697  6.0847  5.3717       0       0
  std. dev.          0.9143  0.9241  1.6404  1.7586  1.4293  1.2177  0.0017  0.0017
  weight sum             43     148      76      61      64      24       0       0
  precision            0.01    0.01    0.01    0.01    0.01    0.01    0.01    0.01

Gabor Features47
  mean               0.0721  0.0595  0.2084  0.1807  0.1391  0.1154       0       0
  std. dev.          0.0171  0.0202  0.1562  0.1496  0.0389  0.0141  0.0017  0.0017
  weight sum             43     148      76      61      64      24       0       0
  precision            0.01    0.01    0.01    0.01    0.01    0.01    0.01    0.01

Gabor Features48
  mean               2.6795  2.2267   5.667  5.4275  6.0366    5.33       0       0
  std. dev.          0.9068  0.9166  1.6275  1.7449   1.417   1.208  0.0017  0.0017
  weight sum             43     148      76      61      64      24       0       0
  precision            0.01    0.01    0.01    0.01    0.01    0.01    0.01    0.01

Gabor Features49
  mean               0.0721   0.059  0.2071  0.1787  0.1387  0.1142       0       0
  std. dev.          0.0171  0.0201  0.1548  0.1483  0.0389  0.0144  0.0017  0.0017
  weight sum             43     148      76      61      64      24       0       0
  precision            0.01    0.01    0.01    0.01    0.01    0.01    0.01    0.01

Gabor Features50
  mean                 2.68  2.2274  5.6699  5.4292  6.0394  5.3308       0       0
  std. dev.          0.9072   0.917   1.629  1.7445  1.4184   1.209  0.0017  0.0017
  weight sum             43     148      76      61      64      24       0       0
  precision            0.01    0.01    0.01    0.01    0.01    0.01    0.01    0.01

Gabor Features51
  mean               0.0721   0.059  0.2071  0.1787  0.1387  0.1142       0       0
  std. dev.          0.0171  0.0201  0.1548  0.1483  0.0389  0.0144  0.0017  0.0017
  weight sum             43     148      76      61      64      24       0       0
  precision            0.01    0.01    0.01    0.01    0.01    0.01    0.01    0.01

Gabor Features52
  mean                 2.68  2.2274  5.6699  5.4292  6.0394  5.3308       0       0
  std. dev.          0.9072   0.917   1.629  1.7445  1.4184   1.209  0.0017  0.0017
  weight sum             43     148      76      61      64      24       0       0
  precision            0.01    0.01    0.01    0.01    0.01    0.01    0.01    0.01

Gabor Features53
  mean               0.0721   0.059  0.2071  0.1787  0.1387  0.1142       0       0
  std. dev.          0.0171  0.0201  0.1548  0.1483  0.0389  0.0144  0.0017  0.0017
  weight sum             43     148      76      61      64      24       0       0
  precision            0.01    0.01    0.01    0.01    0.01    0.01    0.01    0.01

Gabor Features54
  mean               2.6795  2.2267   5.667  5.4275  6.0366    5.33       0       0
  std. dev.          0.9068  0.9166  1.6275  1.7449   1.417   1.208  0.0017  0.0017
  weight sum             43     148      76      61      64      24       0       0
  precision            0.01    0.01    0.01    0.01    0.01    0.01    0.01    0.01

Gabor Features55
  mean               0.0721   0.059  0.2071  0.1787  0.1387  0.1142       0       0
  std. dev.          0.0171  0.0201  0.1548  0.1483  0.0389  0.0144  0.0017  0.0017
  weight sum             43     148      76      61      64      24       0       0
  precision            0.01    0.01    0.01    0.01    0.01    0.01    0.01    0.01

Gabor Features56
  mean                 2.68  2.2274  5.6699  5.4292  6.0394  5.3308       0       0
  std. dev.          0.9072   0.917   1.629  1.7445  1.4184   1.209  0.0017  0.0017
  weight sum             43     148      76      61      64      24       0       0
  precision            0.01    0.01    0.01    0.01    0.01    0.01    0.01    0.01

Gabor Features57
  mean               0.0721   0.059  0.2071  0.1787  0.1387  0.1142       0       0
  std. dev.          0.0171  0.0201  0.1548  0.1483  0.0389  0.0144  0.0017  0.0017
  weight sum             43     148      76      61      64      24       0       0
  precision            0.01    0.01    0.01    0.01    0.01    0.01    0.01    0.01

Gabor Features58
  mean                 2.68  2.2274  5.6699  5.4292  6.0394  5.3308       0       0
  std. dev.          0.9072   0.917   1.629  1.7445  1.4184   1.209  0.0017  0.0017
  weight sum             43     148      76      61      64      24       0       0
  precision            0.01    0.01    0.01    0.01    0.01    0.01    0.01    0.01

Gabor Features59
  mean               0.0721   0.059  0.2071  0.1787  0.1387  0.1142       0       0
  std. dev.          0.0171  0.0201  0.1548  0.1483  0.0389  0.0144  0.0017  0.0017
  weight sum             43     148      76      61      64      24       0       0
  precision            0.01    0.01    0.01    0.01    0.01    0.01    0.01    0.01



Time taken to build model: 0.17 seconds

Time taken to test model on training data: 0.06 seconds

=== Error on training data ===

Correctly Classified Instances         189               45.4327 %
Incorrectly Classified Instances       227               54.5673 %
Kappa statistic                          0.3455
Mean absolute error                      0.1373
Root mean squared error                  0.3682
Relative absolute error                 70.1721 %
Root relative squared error            117.8359 %
Total Number of Instances              416     


=== Detailed Accuracy By Class ===

                 TP Rate  FP Rate  Precision  Recall   F-Measure  MCC      ROC Area  PRC Area  Class
                 0.628    0.209    0.257      0.628    0.365      0.294    0.782     0.213     K1
                 0.622    0.049    0.876      0.622    0.727      0.632    0.931     0.850     K2
                 0.342    0.056    0.578      0.342    0.430      0.356    0.761     0.440     K3
                 0.000    0.000    ?          0.000    ?          ?        0.731     0.276     K4
                 0.359    0.037    0.639      0.359    0.460      0.414    0.902     0.561     K5
                 0.875    0.265    0.168      0.875    0.282      0.310    0.786     0.123     K6
                 ?        0.000    ?          ?        ?          ?        ?         ?         K7
                 ?        0.000    ?          ?        ?          ?        ?         ?         K8
Weighted Avg.    0.454    0.070    ?          0.454    ?          ?        0.842     0.539     


=== Confusion Matrix ===

  a  b  c  d  e  f  g  h   <-- classified as
 27 13  0  0  0  3  0  0 |  a = K1
 50 92  0  0  0  6  0  0 |  b = K2
 13  0 26  0  5 32  0  0 |  c = K3
 10  0 15  0  8 28  0  0 |  d = K4
  2  0  4  0 23 35  0  0 |  e = K5
  3  0  0  0  0 21  0  0 |  f = K6
  0  0  0  0  0  0  0  0 |  g = K7
  0  0  0  0  0  0  0  0 |  h = K8

Time taken to perform cross-validation: 0.08 seconds


=== Stratified cross-validation ===

Correctly Classified Instances         179               43.0288 %
Incorrectly Classified Instances       237               56.9712 %
Kappa statistic                          0.3187
Mean absolute error                      0.1423
Root mean squared error                  0.3736
Relative absolute error                 72.7166 %
Root relative squared error            119.5682 %
Total Number of Instances              416     


=== Detailed Accuracy By Class ===

                 TP Rate  FP Rate  Precision  Recall   F-Measure  MCC      ROC Area  PRC Area  Class
                 0.628    0.225    0.243      0.628    0.351      0.277    0.778     0.212     K1
                 0.588    0.049    0.870      0.588    0.702      0.604    0.925     0.841     K2
                 0.342    0.056    0.578      0.342    0.430      0.356    0.754     0.390     K3
                 0.000    0.000    ?          0.000    ?          ?        0.703     0.232     K4
                 0.344    0.045    0.579      0.344    0.431      0.374    0.881     0.542     K5
                 0.708    0.268    0.139      0.708    0.233      0.226    0.769     0.111     K6
                 ?        0.000    ?          ?        ?          ?        ?         ?         K7
                 ?        0.000    ?          ?        ?          ?        ?         ?         K8
Weighted Avg.    0.430    0.073    ?          0.430    ?          ?        0.830     0.516     


=== Confusion Matrix ===

  a  b  c  d  e  f  g  h   <-- classified as
 27 13  0  0  0  3  0  0 |  a = K1
 55 87  0  0  0  6  0  0 |  b = K2
 13  0 26  0  4 33  0  0 |  c = K3
  9  0 14  0 10 28  0  0 |  d = K4
  2  0  5  0 22 35  0  0 |  e = K5
  5  0  0  0  2 17  0  0 |  f = K6
  0  0  0  0  0  0  0  0 |  g = K7
  0  0  0  0  0  0  0  0 |  h = K8

