
=== Classifier model (full training set) ===

Naive Bayes Classifier

                     Class
Attribute               K1      K2      K3      K4      K5      K6      K7      K8
                     (0.1)  (0.35)  (0.18)  (0.15)  (0.15)  (0.06)     (0)     (0)
===================================================================================
Gabor Features0
  mean               13.073 13.9111 10.1007  9.9445 10.0555  6.9404       0       0
  std. dev.           1.242  1.2415  1.6479  2.2637  1.1674  1.2973  0.0063  0.0063
  weight sum             43     148      76      61      64      24       0       0
  precision          0.0379  0.0379  0.0379  0.0379  0.0379  0.0379  0.0379  0.0379

Gabor Features1
  mean               0.0977  0.0898  0.1604  0.1413  0.1295  0.1097       0       0
  std. dev.          0.0157  0.0164  0.1088   0.102  0.0247  0.0083  0.0003  0.0003
  weight sum             43     148      76      61      64      24       0       0
  precision          0.0018  0.0018  0.0018  0.0018  0.0018  0.0018  0.0018  0.0018

Gabor Features2
  mean              13.0774 13.9158 10.1041  9.9478 10.0588  6.9427       0       0
  std. dev.          1.2425  1.2419  1.6484  2.2645  1.1678  1.2977  0.0063  0.0063
  weight sum             43     148      76      61      64      24       0       0
  precision          0.0379  0.0379  0.0379  0.0379  0.0379  0.0379  0.0379  0.0379

Gabor Features3
  mean               0.0977  0.0899  0.1605  0.1414  0.1295  0.1098       0       0
  std. dev.          0.0157  0.0164  0.1088   0.102  0.0247  0.0083  0.0003  0.0003
  weight sum             43     148      76      61      64      24       0       0
  precision          0.0018  0.0018  0.0018  0.0018  0.0018  0.0018  0.0018  0.0018

Gabor Features4
  mean              13.0774 13.9158 10.1041  9.9478 10.0588  6.9427       0       0
  std. dev.          1.2425  1.2419  1.6484  2.2645  1.1678  1.2977  0.0063  0.0063
  weight sum             43     148      76      61      64      24       0       0
  precision          0.0379  0.0379  0.0379  0.0379  0.0379  0.0379  0.0379  0.0379

Gabor Features5
  mean               0.0977  0.0899  0.1605  0.1414  0.1295  0.1098       0       0
  std. dev.          0.0157  0.0164  0.1088   0.102  0.0247  0.0083  0.0003  0.0003
  weight sum             43     148      76      61      64      24       0       0
  precision          0.0018  0.0018  0.0018  0.0018  0.0018  0.0018  0.0018  0.0018

Gabor Features6
  mean               13.073 13.9111 10.1007  9.9445 10.0555  6.9404       0       0
  std. dev.           1.242  1.2415  1.6479  2.2637  1.1674  1.2973  0.0063  0.0063
  weight sum             43     148      76      61      64      24       0       0
  precision          0.0379  0.0379  0.0379  0.0379  0.0379  0.0379  0.0379  0.0379

Gabor Features7
  mean               0.0977  0.0898  0.1604  0.1413  0.1295  0.1097       0       0
  std. dev.          0.0157  0.0164  0.1088   0.102  0.0247  0.0083  0.0003  0.0003
  weight sum             43     148      76      61      64      24       0       0
  precision          0.0018  0.0018  0.0018  0.0018  0.0018  0.0018  0.0018  0.0018

Gabor Features8
  mean              13.0774 13.9158 10.1041  9.9478 10.0588  6.9427       0       0
  std. dev.          1.2425  1.2419  1.6484  2.2645  1.1678  1.2977  0.0063  0.0063
  weight sum             43     148      76      61      64      24       0       0
  precision          0.0379  0.0379  0.0379  0.0379  0.0379  0.0379  0.0379  0.0379

Gabor Features9
  mean               0.0977  0.0899  0.1605  0.1414  0.1295  0.1098       0       0
  std. dev.          0.0157  0.0164  0.1088   0.102  0.0247  0.0083  0.0003  0.0003
  weight sum             43     148      76      61      64      24       0       0
  precision          0.0018  0.0018  0.0018  0.0018  0.0018  0.0018  0.0018  0.0018

Gabor Features10
  mean              13.0774 13.9158 10.1041  9.9478 10.0588  6.9427       0       0
  std. dev.          1.2425  1.2419  1.6484  2.2645  1.1678  1.2977  0.0063  0.0063
  weight sum             43     148      76      61      64      24       0       0
  precision          0.0379  0.0379  0.0379  0.0379  0.0379  0.0379  0.0379  0.0379

Gabor Features11
  mean               0.0977  0.0899  0.1605  0.1414  0.1295  0.1098       0       0
  std. dev.          0.0157  0.0164  0.1088   0.102  0.0247  0.0083  0.0003  0.0003
  weight sum             43     148      76      61      64      24       0       0
  precision          0.0018  0.0018  0.0018  0.0018  0.0018  0.0018  0.0018  0.0018

Gabor Features12
  mean              13.5103 14.3764 10.4386 10.2771 10.3918  7.1726       0       0
  std. dev.          1.2836   1.283   1.703  2.3395  1.2064  1.3407  0.0065  0.0065
  weight sum             43     148      76      61      64      24       0       0
  precision          0.0391  0.0391  0.0391  0.0391  0.0391  0.0391  0.0391  0.0391

Gabor Features13
  mean               0.1009  0.0928  0.1659  0.1459  0.1338  0.1136       0       0
  std. dev.          0.0163  0.0169  0.1124  0.1054  0.0255  0.0085  0.0003  0.0003
  weight sum             43     148      76      61      64      24       0       0
  precision          0.0019  0.0019  0.0019  0.0019  0.0019  0.0019  0.0019  0.0019

Gabor Features14
  mean              13.5149 14.3813 10.4421 10.2806 10.3953   7.175       0       0
  std. dev.           1.284  1.2835  1.7036  2.3403  1.2068  1.3411  0.0065  0.0065
  weight sum             43     148      76      61      64      24       0       0
  precision          0.0392  0.0392  0.0392  0.0392  0.0392  0.0392  0.0392  0.0392

Gabor Features15
  mean                0.101  0.0928   0.166  0.1459  0.1338  0.1136       0       0
  std. dev.          0.0163  0.0169  0.1125  0.1054  0.0256  0.0085  0.0003  0.0003
  weight sum             43     148      76      61      64      24       0       0
  precision          0.0019  0.0019  0.0019  0.0019  0.0019  0.0019  0.0019  0.0019

Gabor Features16
  mean              13.5149 14.3813 10.4421 10.2806 10.3953   7.175       0       0
  std. dev.           1.284  1.2835  1.7036  2.3403  1.2068  1.3411  0.0065  0.0065
  weight sum             43     148      76      61      64      24       0       0
  precision          0.0392  0.0392  0.0392  0.0392  0.0392  0.0392  0.0392  0.0392

Gabor Features17
  mean                0.101  0.0928   0.166  0.1459  0.1338  0.1136       0       0
  std. dev.          0.0163  0.0169  0.1125  0.1054  0.0256  0.0085  0.0003  0.0003
  weight sum             43     148      76      61      64      24       0       0
  precision          0.0019  0.0019  0.0019  0.0019  0.0019  0.0019  0.0019  0.0019

Gabor Features18
  mean              13.5103 14.3764 10.4386 10.2771 10.3918  7.1726       0       0
  std. dev.          1.2836   1.283   1.703  2.3395  1.2064  1.3407  0.0065  0.0065
  weight sum             43     148      76      61      64      24       0       0
  precision          0.0391  0.0391  0.0391  0.0391  0.0391  0.0391  0.0391  0.0391

Gabor Features19
  mean               0.1009  0.0928  0.1659  0.1459  0.1338  0.1136       0       0
  std. dev.          0.0163  0.0169  0.1124  0.1054  0.0255  0.0085  0.0003  0.0003
  weight sum             43     148      76      61      64      24       0       0
  precision          0.0019  0.0019  0.0019  0.0019  0.0019  0.0019  0.0019  0.0019

Gabor Features20
  mean              13.5149 14.3813 10.4421 10.2806 10.3953   7.175       0       0
  std. dev.           1.284  1.2835  1.7036  2.3403  1.2068  1.3411  0.0065  0.0065
  weight sum             43     148      76      61      64      24       0       0
  precision          0.0392  0.0392  0.0392  0.0392  0.0392  0.0392  0.0392  0.0392

Gabor Features21
  mean                0.101  0.0928   0.166  0.1459  0.1338  0.1136       0       0
  std. dev.          0.0163  0.0169  0.1125  0.1054  0.0256  0.0085  0.0003  0.0003
  weight sum             43     148      76      61      64      24       0       0
  precision          0.0019  0.0019  0.0019  0.0019  0.0019  0.0019  0.0019  0.0019

Gabor Features22
  mean              13.5149 14.3813 10.4421 10.2806 10.3953   7.175       0       0
  std. dev.           1.284  1.2835  1.7036  2.3403  1.2068  1.3411  0.0065  0.0065
  weight sum             43     148      76      61      64      24       0       0
  precision          0.0392  0.0392  0.0392  0.0392  0.0392  0.0392  0.0392  0.0392

Gabor Features23
  mean                0.101  0.0928   0.166  0.1459  0.1338  0.1136       0       0
  std. dev.          0.0163  0.0169  0.1125  0.1054  0.0256  0.0085  0.0003  0.0003
  weight sum             43     148      76      61      64      24       0       0
  precision          0.0019  0.0019  0.0019  0.0019  0.0019  0.0019  0.0019  0.0019

Gabor Features24
  mean              13.4978 14.3631 10.4289 10.2676 10.3822  7.1659       0       0
  std. dev.          1.2824  1.2818  1.7014  2.3373  1.2053  1.3394  0.0065  0.0065
  weight sum             43     148      76      61      64      24       0       0
  precision          0.0391  0.0391  0.0391  0.0391  0.0391  0.0391  0.0391  0.0391

Gabor Features25
  mean               0.1008  0.0927  0.1658  0.1457  0.1337  0.1135       0       0
  std. dev.          0.0162  0.0169  0.1123  0.1053  0.0255  0.0085  0.0003  0.0003
  weight sum             43     148      76      61      64      24       0       0
  precision          0.0019  0.0019  0.0019  0.0019  0.0019  0.0019  0.0019  0.0019

Gabor Features26
  mean              13.5024  14.368 10.4324 10.2711 10.3857  7.1683       0       0
  std. dev.          1.2828  1.2823   1.702  2.3381  1.2057  1.3399  0.0065  0.0065
  weight sum             43     148      76      61      64      24       0       0
  precision          0.0391  0.0391  0.0391  0.0391  0.0391  0.0391  0.0391  0.0391

Gabor Features27
  mean               0.1009  0.0927  0.1658  0.1458  0.1337  0.1135       0       0
  std. dev.          0.0163  0.0169  0.1124  0.1053  0.0255  0.0085  0.0003  0.0003
  weight sum             43     148      76      61      64      24       0       0
  precision          0.0019  0.0019  0.0019  0.0019  0.0019  0.0019  0.0019  0.0019

Gabor Features28
  mean              13.5024  14.368 10.4324 10.2711 10.3857  7.1683       0       0
  std. dev.          1.2828  1.2823   1.702  2.3381  1.2057  1.3399  0.0065  0.0065
  weight sum             43     148      76      61      64      24       0       0
  precision          0.0391  0.0391  0.0391  0.0391  0.0391  0.0391  0.0391  0.0391

Gabor Features29
  mean               0.1009  0.0927  0.1658  0.1458  0.1337  0.1135       0       0
  std. dev.          0.0163  0.0169  0.1124  0.1053  0.0255  0.0085  0.0003  0.0003
  weight sum             43     148      76      61      64      24       0       0
  precision          0.0019  0.0019  0.0019  0.0019  0.0019  0.0019  0.0019  0.0019

Gabor Features30
  mean              13.4978 14.3631 10.4289 10.2676 10.3822  7.1659       0       0
  std. dev.          1.2824  1.2818  1.7014  2.3373  1.2053  1.3394  0.0065  0.0065
  weight sum             43     148      76      61      64      24       0       0
  precision          0.0391  0.0391  0.0391  0.0391  0.0391  0.0391  0.0391  0.0391

Gabor Features31
  mean               0.1008  0.0927  0.1658  0.1457  0.1337  0.1135       0       0
  std. dev.          0.0162  0.0169  0.1123  0.1053  0.0255  0.0085  0.0003  0.0003
  weight sum             43     148      76      61      64      24       0       0
  precision          0.0019  0.0019  0.0019  0.0019  0.0019  0.0019  0.0019  0.0019

Gabor Features32
  mean              13.5024  14.368 10.4324 10.2711 10.3857  7.1683       0       0
  std. dev.          1.2828  1.2823   1.702  2.3381  1.2057  1.3399  0.0065  0.0065
  weight sum             43     148      76      61      64      24       0       0
  precision          0.0391  0.0391  0.0391  0.0391  0.0391  0.0391  0.0391  0.0391

Gabor Features33
  mean               0.1009  0.0927  0.1658  0.1458  0.1337  0.1135       0       0
  std. dev.          0.0163  0.0169  0.1124  0.1053  0.0255  0.0085  0.0003  0.0003
  weight sum             43     148      76      61      64      24       0       0
  precision          0.0019  0.0019  0.0019  0.0019  0.0019  0.0019  0.0019  0.0019

Gabor Features34
  mean              13.5024  14.368 10.4324 10.2711 10.3857  7.1683       0       0
  std. dev.          1.2828  1.2823   1.702  2.3381  1.2057  1.3399  0.0065  0.0065
  weight sum             43     148      76      61      64      24       0       0
  precision          0.0391  0.0391  0.0391  0.0391  0.0391  0.0391  0.0391  0.0391

Gabor Features35
  mean               0.1009  0.0927  0.1658  0.1458  0.1337  0.1135       0       0
  std. dev.          0.0163  0.0169  0.1124  0.1053  0.0255  0.0085  0.0003  0.0003
  weight sum             43     148      76      61      64      24       0       0
  precision          0.0019  0.0019  0.0019  0.0019  0.0019  0.0019  0.0019  0.0019

Gabor Features36
  mean              13.4624 14.3255 10.4016 10.2407  10.355  7.1471       0       0
  std. dev.           1.279  1.2785  1.6969  2.3312  1.2022  1.3359  0.0065  0.0065
  weight sum             43     148      76      61      64      24       0       0
  precision           0.039   0.039   0.039   0.039   0.039   0.039   0.039   0.039

Gabor Features37
  mean               0.1006  0.0925  0.1652  0.1455  0.1333   0.113       0       0
  std. dev.          0.0162  0.0169   0.112   0.105  0.0254  0.0086  0.0003  0.0003
  weight sum             43     148      76      61      64      24       0       0
  precision          0.0019  0.0019  0.0019  0.0019  0.0019  0.0019  0.0019  0.0019

Gabor Features38
  mean              13.4669 14.3303 10.4051 10.2442 10.3585  7.1495       0       0
  std. dev.          1.2795  1.2789  1.6975   2.332  1.2026  1.3363  0.0065  0.0065
  weight sum             43     148      76      61      64      24       0       0
  precision           0.039   0.039   0.039   0.039   0.039   0.039   0.039   0.039

Gabor Features39
  mean               0.1004  0.0925  0.1652  0.1454  0.1336  0.1131       0       0
  std. dev.          0.0162   0.017  0.1122   0.105  0.0253  0.0083  0.0003  0.0003
  weight sum             43     148      76      61      64      24       0       0
  precision          0.0019  0.0019  0.0019  0.0019  0.0019  0.0019  0.0019  0.0019

Gabor Features40
  mean              13.4669 14.3303 10.4051 10.2442 10.3585  7.1495       0       0
  std. dev.          1.2795  1.2789  1.6975   2.332  1.2026  1.3363  0.0065  0.0065
  weight sum             43     148      76      61      64      24       0       0
  precision           0.039   0.039   0.039   0.039   0.039   0.039   0.039   0.039

Gabor Features41
  mean               0.1004  0.0925  0.1652  0.1454  0.1336  0.1131       0       0
  std. dev.          0.0162   0.017  0.1122   0.105  0.0253  0.0083  0.0003  0.0003
  weight sum             43     148      76      61      64      24       0       0
  precision          0.0019  0.0019  0.0019  0.0019  0.0019  0.0019  0.0019  0.0019

Gabor Features42
  mean              13.4624 14.3255 10.4016 10.2407  10.355  7.1471       0       0
  std. dev.           1.279  1.2785  1.6969  2.3312  1.2022  1.3359  0.0065  0.0065
  weight sum             43     148      76      61      64      24       0       0
  precision           0.039   0.039   0.039   0.039   0.039   0.039   0.039   0.039

Gabor Features43
  mean               0.1006  0.0925  0.1652  0.1455  0.1333   0.113       0       0
  std. dev.          0.0162  0.0169   0.112   0.105  0.0254  0.0086  0.0003  0.0003
  weight sum             43     148      76      61      64      24       0       0
  precision          0.0019  0.0019  0.0019  0.0019  0.0019  0.0019  0.0019  0.0019

Gabor Features44
  mean              13.4669 14.3303 10.4051 10.2442 10.3585  7.1495       0       0
  std. dev.          1.2795  1.2789  1.6975   2.332  1.2026  1.3363  0.0065  0.0065
  weight sum             43     148      76      61      64      24       0       0
  precision           0.039   0.039   0.039   0.039   0.039   0.039   0.039   0.039

Gabor Features45
  mean               0.1004  0.0925  0.1652  0.1454  0.1336  0.1131       0       0
  std. dev.          0.0162   0.017  0.1122   0.105  0.0253  0.0083  0.0003  0.0003
  weight sum             43     148      76      61      64      24       0       0
  precision          0.0019  0.0019  0.0019  0.0019  0.0019  0.0019  0.0019  0.0019

Gabor Features46
  mean              13.4669 14.3303 10.4051 10.2442 10.3585  7.1495       0       0
  std. dev.          1.2795  1.2789  1.6975   2.332  1.2026  1.3363  0.0065  0.0065
  weight sum             43     148      76      61      64      24       0       0
  precision           0.039   0.039   0.039   0.039   0.039   0.039   0.039   0.039

Gabor Features47
  mean               0.1004  0.0925  0.1652  0.1454  0.1336  0.1131       0       0
  std. dev.          0.0162   0.017  0.1122   0.105  0.0253  0.0083  0.0003  0.0003
  weight sum             43     148      76      61      64      24       0       0
  precision          0.0019  0.0019  0.0019  0.0019  0.0019  0.0019  0.0019  0.0019

Gabor Features48
  mean              13.3618 14.2184 10.3238 10.1642 10.2776  7.0937       0       0
  std. dev.          1.2695  1.2689  1.6843  2.3137  1.1932  1.3259  0.0065  0.0065
  weight sum             43     148      76      61      64      24       0       0
  precision          0.0387  0.0387  0.0387  0.0387  0.0387  0.0387  0.0387  0.0387

Gabor Features49
  mean               0.0998  0.0918  0.1641  0.1443  0.1323  0.1123       0       0
  std. dev.          0.0161  0.0167  0.1112  0.1042  0.0253  0.0084  0.0003  0.0003
  weight sum             43     148      76      61      64      24       0       0
  precision          0.0019  0.0019  0.0019  0.0019  0.0019  0.0019  0.0019  0.0019

Gabor Features50
  mean              13.3663 14.2232 10.3273 10.1676  10.281  7.0961       0       0
  std. dev.          1.2699  1.2694  1.6848  2.3145  1.1936  1.3264  0.0065  0.0065
  weight sum             43     148      76      61      64      24       0       0
  precision          0.0387  0.0387  0.0387  0.0387  0.0387  0.0387  0.0387  0.0387

Gabor Features51
  mean               0.0999  0.0919   0.164  0.1445  0.1324  0.1122       0       0
  std. dev.           0.016  0.0168  0.1112  0.1043  0.0252  0.0085  0.0003  0.0003
  weight sum             43     148      76      61      64      24       0       0
  precision          0.0019  0.0019  0.0019  0.0019  0.0019  0.0019  0.0019  0.0019

Gabor Features52
  mean              13.3663 14.2232 10.3273 10.1676  10.281  7.0961       0       0
  std. dev.          1.2699  1.2694  1.6848  2.3145  1.1936  1.3264  0.0065  0.0065
  weight sum             43     148      76      61      64      24       0       0
  precision          0.0387  0.0387  0.0387  0.0387  0.0387  0.0387  0.0387  0.0387

Gabor Features53
  mean               0.0999  0.0919   0.164  0.1445  0.1324  0.1122       0       0
  std. dev.           0.016  0.0168  0.1112  0.1043  0.0252  0.0085  0.0003  0.0003
  weight sum             43     148      76      61      64      24       0       0
  precision          0.0019  0.0019  0.0019  0.0019  0.0019  0.0019  0.0019  0.0019

Gabor Features54
  mean              13.3618 14.2184 10.3238 10.1642 10.2776  7.0937       0       0
  std. dev.          1.2695  1.2689  1.6843  2.3137  1.1932  1.3259  0.0065  0.0065
  weight sum             43     148      76      61      64      24       0       0
  precision          0.0387  0.0387  0.0387  0.0387  0.0387  0.0387  0.0387  0.0387

Gabor Features55
  mean               0.0998  0.0918  0.1641  0.1443  0.1323  0.1123       0       0
  std. dev.          0.0161  0.0167  0.1112  0.1042  0.0253  0.0084  0.0003  0.0003
  weight sum             43     148      76      61      64      24       0       0
  precision          0.0019  0.0019  0.0019  0.0019  0.0019  0.0019  0.0019  0.0019

Gabor Features56
  mean              13.3663 14.2232 10.3273 10.1676  10.281  7.0961       0       0
  std. dev.          1.2699  1.2694  1.6848  2.3145  1.1936  1.3264  0.0065  0.0065
  weight sum             43     148      76      61      64      24       0       0
  precision          0.0387  0.0387  0.0387  0.0387  0.0387  0.0387  0.0387  0.0387

Gabor Features57
  mean               0.0999  0.0919   0.164  0.1445  0.1324  0.1122       0       0
  std. dev.           0.016  0.0168  0.1112  0.1043  0.0252  0.0085  0.0003  0.0003
  weight sum             43     148      76      61      64      24       0       0
  precision          0.0019  0.0019  0.0019  0.0019  0.0019  0.0019  0.0019  0.0019

Gabor Features58
  mean              13.3663 14.2232 10.3273 10.1676  10.281  7.0961       0       0
  std. dev.          1.2699  1.2694  1.6848  2.3145  1.1936  1.3264  0.0065  0.0065
  weight sum             43     148      76      61      64      24       0       0
  precision          0.0387  0.0387  0.0387  0.0387  0.0387  0.0387  0.0387  0.0387

Gabor Features59
  mean               0.0999  0.0919   0.164  0.1445  0.1324  0.1122       0       0
  std. dev.           0.016  0.0168  0.1112  0.1043  0.0252  0.0085  0.0003  0.0003
  weight sum             43     148      76      61      64      24       0       0
  precision          0.0019  0.0019  0.0019  0.0019  0.0019  0.0019  0.0019  0.0019



Time taken to build model: 0.18 seconds

Time taken to test model on training data: 0.07 seconds

=== Error on training data ===

Correctly Classified Instances         217               52.1635 %
Incorrectly Classified Instances       199               47.8365 %
Kappa statistic                          0.4124
Mean absolute error                      0.1195
Root mean squared error                  0.342 
Relative absolute error                 61.0709 %
Root relative squared error            109.4505 %
Total Number of Instances              416     


=== Detailed Accuracy By Class ===

                 TP Rate  FP Rate  Precision  Recall   F-Measure  MCC      ROC Area  PRC Area  Class
                 0.651    0.214    0.259      0.651    0.371      0.303    0.832     0.328     K1
                 0.574    0.060    0.842      0.574    0.683      0.575    0.941     0.860     K2
                 0.250    0.047    0.543      0.250    0.342      0.283    0.870     0.558     K3
                 0.213    0.011    0.765      0.213    0.333      0.361    0.843     0.517     K4
                 0.781    0.224    0.388      0.781    0.518      0.434    0.896     0.614     K5
                 0.917    0.010    0.846      0.917    0.880      0.873    0.996     0.903     K6
                 ?        0.000    ?          ?        ?          ?        ?         ?         K7
                 ?        0.000    ?          ?        ?          ?        ?         ?         K8
Weighted Avg.    0.522    0.089    0.646      0.522    0.523      0.457    0.899     0.664     


=== Confusion Matrix ===

  a  b  c  d  e  f  g  h   <-- classified as
 28 13  1  0  1  0  0  0 |  a = K1
 63 85  0  0  0  0  0  0 |  b = K2
  8  1 19  2 46  0  0  0 |  c = K3
  9  0  9 13 30  0  0  0 |  d = K4
  0  2  6  2 50  4  0  0 |  e = K5
  0  0  0  0  2 22  0  0 |  f = K6
  0  0  0  0  0  0  0  0 |  g = K7
  0  0  0  0  0  0  0  0 |  h = K8

Time taken to perform cross-validation: 0.07 seconds


=== Stratified cross-validation ===

Correctly Classified Instances         210               50.4808 %
Incorrectly Classified Instances       206               49.5192 %
Kappa statistic                          0.3916
Mean absolute error                      0.1239
Root mean squared error                  0.3461
Relative absolute error                 63.3212 %
Root relative squared error            110.7635 %
Total Number of Instances              416     


=== Detailed Accuracy By Class ===

                 TP Rate  FP Rate  Precision  Recall   F-Measure  MCC      ROC Area  PRC Area  Class
                 0.628    0.217    0.250      0.628    0.358      0.285    0.819     0.314     K1
                 0.574    0.060    0.842      0.574    0.683      0.575    0.937     0.852     K2
                 0.197    0.050    0.469      0.197    0.278      0.214    0.856     0.476     K3
                 0.213    0.020    0.650      0.213    0.321      0.320    0.794     0.416     K4
                 0.781    0.230    0.382      0.781    0.513      0.428    0.892     0.631     K5
                 0.833    0.010    0.833      0.833    0.833      0.823    0.996     0.895     K6
                 ?        0.000    ?          ?        ?          ?        ?         ?         K7
                 ?        0.000    ?          ?        ?          ?        ?         ?         K8
Weighted Avg.    0.505    0.092    0.613      0.505    0.505      0.433    0.885     0.632     


=== Confusion Matrix ===

  a  b  c  d  e  f  g  h   <-- classified as
 27 13  0  0  3  0  0  0 |  a = K1
 63 85  0  0  0  0  0  0 |  b = K2
  9  1 15  6 45  0  0  0 |  c = K3
  9  0 10 13 29  0  0  0 |  d = K4
  0  2  7  1 50  4  0  0 |  e = K5
  0  0  0  0  4 20  0  0 |  f = K6
  0  0  0  0  0  0  0  0 |  g = K7
  0  0  0  0  0  0  0  0 |  h = K8

