
=== Classifier model (full training set) ===

Naive Bayes Classifier

                                       Class
Attribute                                 K1       K2       K3       K4       K5       K6       K7       K8
                                       (0.1)   (0.35)   (0.18)   (0.15)   (0.15)   (0.06)      (0)      (0)
============================================================================================================
Histogram of JPEG Coefficients0
  mean                                69.0913  58.3569  96.4064 114.6727   0.2183   0.3639        0        0
  std. dev.                           71.3315  62.6063  83.1293  79.0706   1.2156   0.8703   0.2911   0.2911
  weight sum                               43      148       76       61       64       24        0        0
  precision                            1.7466   1.7466   1.7466   1.7466   1.7466   1.7466   1.7466   1.7466

Histogram of JPEG Coefficients1
  mean                               217.8345 220.5169 145.0807 176.3468  87.7381 118.9854        0        0
  std. dev.                           36.1831  47.6407  95.0862  93.5345  48.8219  39.9565   0.2911   0.2911
  weight sum                               43      148       76       61       64       24        0        0
  precision                            1.7466   1.7466   1.7466   1.7466   1.7466   1.7466   1.7466   1.7466

Histogram of JPEG Coefficients2
  mean                               224.2742 189.7467 176.3878 202.5635  161.434 211.7869        0        0
  std. dev.                           34.0465  49.9046  89.8506  76.6037   82.519   31.635   0.2852   0.2852
  weight sum                               43      148       76       61       64       24        0        0
  precision                            1.7114   1.7114   1.7114   1.7114   1.7114   1.7114   1.7114   1.7114

Histogram of JPEG Coefficients3
  mean                               140.8238  119.355   137.13 152.9349 155.5976 218.3644        0        0
  std. dev.                           30.4297  41.1472  61.1417  59.5025  70.7038  37.0545    0.276    0.276
  weight sum                               43      148       76       61       64       24        0        0
  precision                            1.6558   1.6558   1.6558   1.6558   1.6558   1.6558   1.6558   1.6558

Histogram of JPEG Coefficients4
  mean                                78.1298   59.786   92.915 108.6301 129.0046 185.3059        0        0
  std. dev.                           28.1354  30.2163  53.6407  52.8557  71.8977  36.7797   0.2972   0.2972
  weight sum                               43      148       76       61       64       24        0        0
  precision                            1.7832   1.7832   1.7832   1.7832   1.7832   1.7832   1.7832   1.7832

Histogram of JPEG Coefficients5
  mean                                41.5116  39.1224  62.0457  73.1226  88.8263 137.5347        0        0
  std. dev.                            18.714  23.8527  42.2935  34.9872  52.7856  41.8545   0.3373   0.3373
  weight sum                               43      148       76       61       64       24        0        0
  precision                            2.0238   2.0238   2.0238   2.0238   2.0238   2.0238   2.0238   2.0238

Histogram of JPEG Coefficients6
  mean                                37.2221  38.3122  44.8001  60.6606  83.7351 125.3578        0        0
  std. dev.                           20.0571  24.3452  37.4516  44.3813  52.1717  56.5202   0.3731   0.3731
  weight sum                               43      148       76       61       64       24        0        0
  precision                            2.2385   2.2385   2.2385   2.2385   2.2385   2.2385   2.2385   2.2385

Histogram of JPEG Coefficients7
  mean                                 47.691    53.89  33.0451  47.8103       75 120.8036        0        0
  std. dev.                           24.1381  35.3245   23.761  27.1872  63.0267  60.1555   0.3571   0.3571
  weight sum                               43      148       76       61       64       24        0        0
  precision                            2.1429   2.1429   2.1429   2.1429   2.1429   2.1429   2.1429   2.1429

Histogram of JPEG Coefficients8
  mean                               146.1589 180.6075  69.6263  63.7442  59.3694  85.7044        0        0
  std. dev.                            53.764  45.0298  44.5563  33.5209  34.5721  20.6563   0.2348   0.2348
  weight sum                               43      148       76       61       64       24        0        0
  precision                            1.4088   1.4088   1.4088   1.4088   1.4088   1.4088   1.4088   1.4088

Histogram of JPEG Coefficients9
  mean                               200.1657 165.2284 178.5643  154.758  182.408 213.0822        0        0
  std. dev.                           48.5841  45.1582  93.7768   78.229  61.3969  40.0445   0.2911   0.2911
  weight sum                               43      148       76       61       64       24        0        0
  precision                            1.7466   1.7466   1.7466   1.7466   1.7466   1.7466   1.7466   1.7466

Histogram of JPEG Coefficients10
  mean                               144.1114 105.4244 166.7909 143.8175 203.2484  200.728        0        0
  std. dev.                           47.2102  48.5827  78.3649  52.6424  48.4669  37.1349   0.2415   0.2415
  weight sum                               43      148       76       61       64       24        0        0
  precision                            1.4489   1.4489   1.4489   1.4489   1.4489   1.4489   1.4489   1.4489

Histogram of JPEG Coefficients11
  mean                                51.3078   34.623 103.8433 103.6351 150.3471 179.4146        0        0
  std. dev.                           24.9265  23.6211  50.0046  48.1135  58.2812  50.5403    0.269    0.269
  weight sum                               43      148       76       61       64       24        0        0
  precision                            1.6139   1.6139   1.6139   1.6139   1.6139   1.6139   1.6139   1.6139

Histogram of JPEG Coefficients12
  mean                                17.4586  13.1222  65.7632  70.4636 109.9688   134.47        0        0
  std. dev.                           10.8955  12.3774   39.808  40.0687   49.018  35.2745     0.34     0.34
  weight sum                               43      148       76       61       64       24        0        0
  precision                              2.04     2.04     2.04     2.04     2.04     2.04     2.04     2.04

Histogram of JPEG Coefficients13
  mean                                 5.4531   8.3376  43.9655  38.4878  87.1983  98.9224        0        0
  std. dev.                            3.8232    6.507  41.5328  26.5601   54.908  42.0023   0.4885   0.4885
  weight sum                               43      148       76       61       64       24        0        0
  precision                             2.931    2.931    2.931    2.931    2.931    2.931    2.931    2.931

Histogram of JPEG Coefficients14
  mean                                 6.4287  10.3095  17.5446  27.3236  54.0759  89.2089        0        0
  std. dev.                            3.6977   6.8494  14.6242  21.7216  35.8148  50.3929   0.4517   0.4517
  weight sum                               43      148       76       61       64       24        0        0
  precision                            2.7101   2.7101   2.7101   2.7101   2.7101   2.7101   2.7101   2.7101

Histogram of JPEG Coefficients15
  mean                                19.0668  29.2033  18.3902  23.8649  59.9169 103.6946        0        0
  std. dev.                           11.0467  16.3315  15.3202  15.3448   56.114  66.9166    0.538    0.538
  weight sum                               43      148       76       61       64       24        0        0
  precision                            3.2278   3.2278   3.2278   3.2278   3.2278   3.2278   3.2278   3.2278

Histogram of JPEG Coefficients16
  mean                                168.975 196.4721 106.5814    93.18 123.8108 124.2207        0        0
  std. dev.                           59.0234  53.6925  59.2644  43.0227  60.8945   46.743   0.2623   0.2623
  weight sum                               43      148       76       61       64       24        0        0
  precision                            1.5741   1.5741   1.5741   1.5741   1.5741   1.5741   1.5741   1.5741

Histogram of JPEG Coefficients17
  mean                               140.6472 111.0938 165.1676 126.0671 179.1716 174.6108        0        0
  std. dev.                           47.8421  40.4248  73.1088  52.4474   67.043  45.0399   0.2673   0.2673
  weight sum                               43      148       76       61       64       24        0        0
  precision                            1.6038   1.6038   1.6038   1.6038   1.6038   1.6038   1.6038   1.6038

Histogram of JPEG Coefficients18
  mean                                85.4027  51.5722 134.5005  91.9156 191.6681 153.0131        0        0
  std. dev.                           40.1385  31.4689  66.1241   39.397  62.1471  32.2844   0.2623   0.2623
  weight sum                               43      148       76       61       64       24        0        0
  precision                            1.5741   1.5741   1.5741   1.5741   1.5741   1.5741   1.5741   1.5741

Histogram of JPEG Coefficients19
  mean                                 27.622  14.9023  77.6839  61.5166 166.9969 119.9819        0        0
  std. dev.                           19.4273  11.7991  37.5652  34.3223  53.4356  30.0817   0.3219   0.3219
  weight sum                               43      148       76       61       64       24        0        0
  precision                            1.9313   1.9313   1.9313   1.9313   1.9313   1.9313   1.9313   1.9313

Histogram of JPEG Coefficients20
  mean                                 6.6211   7.7617   49.938  45.1313  94.1937  84.0716        0        0
  std. dev.                            5.5928   6.4716  40.8631   34.612  39.0551  31.8533   0.4126   0.4126
  weight sum                               43      148       76       61       64       24        0        0
  precision                            2.4757   2.4757   2.4757   2.4757   2.4757   2.4757   2.4757   2.4757

Histogram of JPEG Coefficients21
  mean                                  4.016   7.0775  21.9029  28.3099  63.6529  66.2923        0        0
  std. dev.                            2.0462   5.3522  17.7531  29.5007   35.153   42.188   0.4718   0.4718
  weight sum                               43      148       76       61       64       24        0        0
  precision                             2.831    2.831    2.831    2.831    2.831    2.831    2.831    2.831

Histogram of JPEG Coefficients22
  mean                                11.1239  14.6372  16.3326  20.7377  53.7996  54.5202        0        0
  std. dev.                            5.2731   8.6029  13.1945  14.5934  57.6288  39.9569   0.6589   0.6589
  weight sum                               43      148       76       61       64       24        0        0
  precision                            3.9531   3.9531   3.9531   3.9531   3.9531   3.9531   3.9531   3.9531

Histogram of JPEG Coefficients23
  mean                                17.1977  25.1308    14.14  24.4848  40.6406  75.4375        0        0
  std. dev.                             8.865  14.5944  17.3901  34.2565  35.6241  57.8714   0.6071   0.6071
  weight sum                               43      148       76       61       64       24        0        0
  precision                            3.6429   3.6429   3.6429   3.6429   3.6429   3.6429   3.6429   3.6429

Histogram of JPEG Coefficients24
  mean                               125.3069 156.9842  82.4521  65.7969  107.083 109.2678        0        0
  std. dev.                           47.8533  45.9077   36.919  31.6142  52.8618  45.4021   0.2515   0.2515
  weight sum                               43      148       76       61       64       24        0        0
  precision                            1.5089   1.5089   1.5089   1.5089   1.5089   1.5089   1.5089   1.5089

Histogram of JPEG Coefficients25
  mean                                70.9981  53.2719 100.5767   83.872 132.9941 125.0781        0        0
  std. dev.                           34.8067  26.9991  49.0381  39.9327  51.2304  26.4728   0.2744   0.2744
  weight sum                               43      148       76       61       64       24        0        0
  precision                            1.6467   1.6467   1.6467   1.6467   1.6467   1.6467   1.6467   1.6467

Histogram of JPEG Coefficients26
  mean                                28.3904  16.6871  75.7708  64.4165 134.7472 108.6762        0        0
  std. dev.                           18.9327  13.1414  41.6328  38.9652  56.6548  24.0548   0.3346   0.3346
  weight sum                               43      148       76       61       64       24        0        0
  precision                            2.0079   2.0079   2.0079   2.0079   2.0079   2.0079   2.0079   2.0079

Histogram of JPEG Coefficients27
  mean                                12.2026   7.6208  61.3626  36.4573 130.0285   84.387        0        0
  std. dev.                           10.1645   5.8284  44.1399  18.8648  63.0834  29.8953   0.4087   0.4087
  weight sum                               43      148       76       61       64       24        0        0
  precision                            2.4519   2.4519   2.4519   2.4519   2.4519   2.4519   2.4519   2.4519

Histogram of JPEG Coefficients28
  mean                                 1.7393   3.4832  28.0109   26.404  83.4704  50.4161        0        0
  std. dev.                             1.717   2.9237  21.8914  21.6571  49.5496  21.4699   0.4452   0.4452
  weight sum                               43      148       76       61       64       24        0        0
  precision                            2.6711   2.6711   2.6711   2.6711   2.6711   2.6711   2.6711   2.6711

Histogram of JPEG Coefficients29
  mean                                 3.0949   4.8605  18.1258  21.4038  52.8838   47.957        0        0
  std. dev.                              1.99   3.8744   27.851   32.638  45.7427   39.094   0.5995   0.5995
  weight sum                               43      148       76       61       64       24        0        0
  precision                            3.5968   3.5968   3.5968   3.5968   3.5968   3.5968   3.5968   3.5968

Histogram of JPEG Coefficients30
  mean                                 5.0078   8.3018   9.5417  12.8224  34.7344  39.9792        0        0
  std. dev.                             2.995   5.0394  10.1382   9.7885   36.874  20.8217   0.5278   0.5278
  weight sum                               43      148       76       61       64       24        0        0
  precision                            3.1667   3.1667   3.1667   3.1667   3.1667   3.1667   3.1667   3.1667

Histogram of JPEG Coefficients31
  mean                                13.8445  21.9489  12.7364  17.8663  34.4971  48.6328        0        0
  std. dev.                            6.9823   12.124  10.6141  14.9813  34.2898  29.6251   0.3906   0.3906
  weight sum                               43      148       76       61       64       24        0        0
  precision                            2.3438   2.3438   2.3438   2.3438   2.3438   2.3438   2.3438   2.3438

Histogram of JPEG Coefficients32
  mean                                68.5974  92.8006   45.209  45.3037 107.3431  84.9481        0        0
  std. dev.                           29.9229  32.8605  29.8424  27.0387  68.2914  48.7386   0.3012   0.3012
  weight sum                               43      148       76       61       64       24        0        0
  precision                            1.8074   1.8074   1.8074   1.8074   1.8074   1.8074   1.8074   1.8074

Histogram of JPEG Coefficients33
  mean                                26.3262  20.0504  46.7678  50.0882  93.5572 102.6702        0        0
  std. dev.                           15.6043  13.6052  34.3182  28.8777  47.2401  25.1063   0.3664   0.3664
  weight sum                               43      148       76       61       64       24        0        0
  precision                            2.1981   2.1981   2.1981   2.1981   2.1981   2.1981   2.1981   2.1981

Histogram of JPEG Coefficients34
  mean                                 5.1985   3.5638  38.4345  29.6454  85.3169  61.7442        0        0
  std. dev.                            6.4182   4.2211  30.0734  17.5067  51.4213  22.5688   0.4186   0.4186
  weight sum                               43      148       76       61       64       24        0        0
  precision                            2.5116   2.5116   2.5116   2.5116   2.5116   2.5116   2.5116   2.5116

Histogram of JPEG Coefficients35
  mean                                 2.0309   2.7851  31.7141  18.4965  82.4711  49.6318        0        0
  std. dev.                            1.8808   2.7228  47.3555  14.3308  50.1385  17.6101   0.5822   0.5822
  weight sum                               43      148       76       61       64       24        0        0
  precision                            3.4932   3.4932   3.4932   3.4932   3.4932   3.4932   3.4932   3.4932

Histogram of JPEG Coefficients36
  mean                                  1.626   3.1403  21.3222  12.3387  64.6497  31.0181        0        0
  std. dev.                            2.1978   3.3249  29.7314   9.7954  52.6381  17.7689   0.6855   0.6855
  weight sum                               43      148       76       61       64       24        0        0
  precision                            4.1129   4.1129   4.1129   4.1129   4.1129   4.1129   4.1129   4.1129

Histogram of JPEG Coefficients37
  mean                                 4.5456   7.0437  17.7581    9.918  34.3948  35.8734        0        0
  std. dev.                            3.0916   4.6377  20.5607    8.937  46.6374  20.2179   0.7756   0.7756
  weight sum                               43      148       76       61       64       24        0        0
  precision                            4.6538   4.6538   4.6538   4.6538   4.6538   4.6538   4.6538   4.6538

Histogram of JPEG Coefficients38
  mean                                 5.4502   8.7558  13.8764  16.0457  26.7637    48.25        0        0
  std. dev.                            3.1738   5.5857  17.5821  25.1011  32.2196  40.0809   0.5744   0.5744
  weight sum                               43      148       76       61       64       24        0        0
  precision                            3.4464   3.4464   3.4464   3.4464   3.4464   3.4464   3.4464   3.4464

Histogram of JPEG Coefficients39
  mean                                14.7927  22.8607  17.4964  26.5657    23.38  50.7355        0        0
  std. dev.                            6.6042  12.2348  23.1964  41.5509  29.2814  29.8737   0.5048   0.5048
  weight sum                               43      148       76       61       64       24        0        0
  precision                             3.029    3.029    3.029    3.029    3.029    3.029    3.029    3.029

Histogram of JPEG Coefficients40
  mean                                38.0678    52.48  27.2507   27.418  86.4051  68.3036        0        0
  std. dev.                           19.5156  19.6151  21.5255  16.2016   68.229  48.3766   0.3954   0.3954
  weight sum                               43      148       76       61       64       24        0        0
  precision                            2.3723   2.3723   2.3723   2.3723   2.3723   2.3723   2.3723   2.3723

Histogram of JPEG Coefficients41
  mean                                 6.1483   5.6771  23.7788  29.4183  67.9903  54.3243        0        0
  std. dev.                            6.0392   5.8323  18.8994  17.8439  34.0144   12.502   0.3018   0.3018
  weight sum                               43      148       76       61       64       24        0        0
  precision                            1.8108   1.8108   1.8108   1.8108   1.8108   1.8108   1.8108   1.8108

Histogram of JPEG Coefficients42
  mean                                 1.8365   3.2459  19.9584  18.3395  50.2288   43.871        0        0
  std. dev.                             1.634   2.8104  24.7687  14.5505  28.0959  23.7585   0.5484   0.5484
  weight sum                               43      148       76       61       64       24        0        0
  precision                            3.2903   3.2903   3.2903   3.2903   3.2903   3.2903   3.2903   3.2903

Histogram of JPEG Coefficients43
  mean                                 1.3784   2.8285   9.9925  11.1744  44.5124  30.5625        0        0
  std. dev.                            1.7906   2.8358  13.1666   9.1112  35.5418  23.3134   0.6174   0.6174
  weight sum                               43      148       76       61       64       24        0        0
  precision                            3.7045   3.7045   3.7045   3.7045   3.7045   3.7045   3.7045   3.7045

Histogram of JPEG Coefficients44
  mean                                 2.7733   4.4853   7.0609  11.0127   38.073  18.2188        0        0
  std. dev.                            2.0168   2.9327   6.7198  16.9929  38.0089   9.5948   0.6625   0.6625
  weight sum                               43      148       76       61       64       24        0        0
  precision                             3.975    3.975    3.975    3.975    3.975    3.975    3.975    3.975

Histogram of JPEG Coefficients45
  mean                                 5.2563   6.6569   8.6169   9.4057  32.2372  28.0114        0        0
  std. dev.                            3.7107    5.058   9.2352   9.2182  49.9687  14.9326   0.9659   0.9659
  weight sum                               43      148       76       61       64       24        0        0
  precision                            5.7955   5.7955   5.7955   5.7955   5.7955   5.7955   5.7955   5.7955

Histogram of JPEG Coefficients46
  mean                                15.4054  21.4956  14.3561   15.468  27.7029  28.4132        0        0
  std. dev.                            9.1696  11.9752  16.6269  16.4589  39.7035  22.7113   0.4639   0.4639
  weight sum                               43      148       76       61       64       24        0        0
  precision                            2.7833   2.7833   2.7833   2.7833   2.7833   2.7833   2.7833   2.7833

Histogram of JPEG Coefficients47
  mean                                14.3863  24.5253  20.8612  19.0735  24.8687   36.871        0        0
  std. dev.                            7.7465  13.6332  21.7993  20.5393  27.1311  23.0917   0.3414   0.3414
  weight sum                               43      148       76       61       64       24        0        0
  precision                            2.0484   2.0484   2.0484   2.0484   2.0484   2.0484   2.0484   2.0484

Histogram of JPEG Coefficients48
  mean                                13.9271  22.2159  23.9952  23.1818  58.9808  45.8807        0        0
  std. dev.                            9.9691  12.6469  32.1079  18.2298   44.328   32.752   0.6439   0.6439
  weight sum                               43      148       76       61       64       24        0        0
  precision                            3.8636   3.8636   3.8636   3.8636   3.8636   3.8636   3.8636   3.8636

Histogram of JPEG Coefficients49
  mean                                 3.1475   4.5299  18.8852  22.0328  46.1803  54.8197        0        0
  std. dev.                            2.3515   3.5138  20.8722  16.9261  37.5611  38.9744   0.5246   0.5246
  weight sum                               43      148       76       61       64       24        0        0
  precision                            3.1475   3.1475   3.1475   3.1475   3.1475   3.1475   3.1475   3.1475

Histogram of JPEG Coefficients50
  mean                                 2.8495   4.8213  15.7902  16.1874  29.5059   29.581        0        0
  std. dev.                            2.4028   3.4938  26.8282  14.7454  23.5703   15.003   0.6006   0.6006
  weight sum                               43      148       76       61       64       24        0        0
  precision                            3.6038   3.6038   3.6038   3.6038   3.6038   3.6038   3.6038   3.6038

Histogram of JPEG Coefficients51
  mean                                 2.9133   5.1437    11.57  10.6237  24.3168  30.0133        0        0
  std. dev.                            2.4677   3.9965  12.4753   8.5411  21.4409  15.8277   0.4015   0.4015
  weight sum                               43      148       76       61       64       24        0        0
  precision                            2.4091   2.4091   2.4091   2.4091   2.4091   2.4091   2.4091   2.4091

Histogram of JPEG Coefficients52
  mean                                 4.6398   6.5328  11.2578  19.8126  19.7832  27.4966        0        0
  std. dev.                            2.5582   3.8227  16.1265  24.2276  32.8947  23.9519   0.6395   0.6395
  weight sum                               43      148       76       61       64       24        0        0
  precision                            3.8367   3.8367   3.8367   3.8367   3.8367   3.8367   3.8367   3.8367

Histogram of JPEG Coefficients53
  mean                                11.4472  15.3454  12.9124   13.483  25.3612  30.6346        0        0
  std. dev.                            6.2568   9.1123  20.6695  11.3345  38.3374  19.7376   0.5192   0.5192
  weight sum                               43      148       76       61       64       24        0        0
  precision                            3.1154   3.1154   3.1154   3.1154   3.1154   3.1154   3.1154   3.1154

Histogram of JPEG Coefficients54
  mean                                  11.25  16.9257  24.4243  30.2459  29.9414  38.5938        0        0
  std. dev.                            6.1592   8.9178  26.1192  38.7747  48.3176  28.8953    0.625    0.625
  weight sum                               43      148       76       61       64       24        0        0
  precision                              3.75     3.75     3.75     3.75     3.75     3.75     3.75     3.75

Histogram of JPEG Coefficients55
  mean                                18.1395  32.7534  39.9671  30.6967  35.9766  43.2292        0        0
  std. dev.                            6.9276  16.2844  39.9599  24.3528  45.1941  22.6899   0.4167   0.4167
  weight sum                               43      148       76       61       64       24        0        0
  precision                               2.5      2.5      2.5      2.5      2.5      2.5      2.5      2.5

Histogram of JPEG Coefficients56
  mean                                28.5796  41.9927  21.3049  17.5237  44.1228  58.3759        0        0
  std. dev.                           17.9005  24.9338  27.6741  12.7613  27.9414  43.9987    0.404    0.404
  weight sum                               43      148       76       61       64       24        0        0
  precision                            2.4239   2.4239   2.4239   2.4239   2.4239   2.4239   2.4239   2.4239

Histogram of JPEG Coefficients57
  mean                                 5.2613   8.5376  16.4674  15.1903  33.9582  58.0636        0        0
  std. dev.                             3.038   5.6536  17.2235  14.9292  34.4969  35.8084   0.4011   0.4011
  weight sum                               43      148       76       61       64       24        0        0
  precision                            2.4068   2.4068   2.4068   2.4068   2.4068   2.4068   2.4068   2.4068

Histogram of JPEG Coefficients58
  mean                                 7.0926   10.257  12.0086  20.5252  32.9634  54.8434        0        0
  std. dev.                            4.1024   5.5562  13.8132  18.2148  31.7004  25.8413   0.3822   0.3822
  weight sum                               43      148       76       61       64       24        0        0
  precision                            2.2931   2.2931   2.2931   2.2931   2.2931   2.2931   2.2931   2.2931

Histogram of JPEG Coefficients59
  mean                                 7.3882  10.9015  12.5106  16.4054  20.7422  47.3702        0        0
  std. dev.                            3.9787   6.9074  11.9935  16.0847  17.2906   33.327   0.3782   0.3782
  weight sum                               43      148       76       61       64       24        0        0
  precision                            2.2692   2.2692   2.2692   2.2692   2.2692   2.2692   2.2692   2.2692

Histogram of JPEG Coefficients60
  mean                                 8.6346  13.3069  14.0188  21.1048  22.5748  41.7024        0        0
  std. dev.                            4.9681   8.1185   11.811  31.9815   31.775  25.2479   0.6726   0.6726
  weight sum                               43      148       76       61       64       24        0        0
  precision                            4.0357   4.0357   4.0357   4.0357   4.0357   4.0357   4.0357   4.0357

Histogram of JPEG Coefficients61
  mean                                 8.2247  13.0163  18.2852  17.2567  22.4289  31.7254        0        0
  std. dev.                            4.8727   7.8629  29.9736  16.7421  28.0715  26.4463   0.6935   0.6935
  weight sum                               43      148       76       61       64       24        0        0
  precision                            4.1607   4.1607   4.1607   4.1607   4.1607   4.1607   4.1607   4.1607

Histogram of JPEG Coefficients62
  mean                                13.6852  22.5754  32.4772  35.5864  29.8828  37.8686        0        0
  std. dev.                            7.7958   12.416  34.6484  45.5663  28.5407  22.7855   0.5449   0.5449
  weight sum                               43      148       76       61       64       24        0        0
  precision                            3.2692   3.2692   3.2692   3.2692   3.2692   3.2692   3.2692   3.2692

Histogram of JPEG Coefficients63
  mean                                25.9588  44.2934  64.0665  57.6964  44.1288  48.4139        0        0
  std. dev.                           11.9953  21.3122  61.2963  57.3327  40.3402  30.8021   0.4009   0.4009
  weight sum                               43      148       76       61       64       24        0        0
  precision                            2.4057   2.4057   2.4057   2.4057   2.4057   2.4057   2.4057   2.4057

Histogram of JPEG Coefficients64
  mean                               145.7942 129.9815  78.8592 117.4173  25.4599  15.7036        0        0
  std. dev.                           83.4957  91.4319    65.02  83.7021  57.0887  18.8456   0.2673   0.2673
  weight sum                               43      148       76       61       64       24        0        0
  precision                            1.6038   1.6038   1.6038   1.6038   1.6038   1.6038   1.6038   1.6038

Histogram of JPEG Coefficients65
  mean                               233.6017  215.788 188.6497 213.9631 174.3164 173.0104        0        0
  std. dev.                           39.2671  41.0497  98.4499  76.7102  41.6091  47.4924   0.3542   0.3542
  weight sum                               43      148       76       61       64       24        0        0
  precision                             2.125    2.125    2.125    2.125    2.125    2.125    2.125    2.125

Histogram of JPEG Coefficients66
  mean                               114.8309  84.3767   151.33 182.7943 208.1383 241.4773        0        0
  std. dev.                           30.8857  34.6683  61.8086  58.8152  42.6002    17.47   0.2415   0.2415
  weight sum                               43      148       76       61       64       24        0        0
  precision                            1.4489   1.4489   1.4489   1.4489   1.4489   1.4489   1.4489   1.4489

Histogram of JPEG Coefficients67
  mean                                75.4683  67.9984  95.7859 121.5731 115.6287 176.8408        0        0
  std. dev.                           18.7302  26.2706  55.0452  46.0477  43.0301  39.2275   0.2911   0.2911
  weight sum                               43      148       76       61       64       24        0        0
  precision                            1.7466   1.7466   1.7466   1.7466   1.7466   1.7466   1.7466   1.7466

Histogram of JPEG Coefficients68
  mean                                 88.259  73.0789  33.9758  59.3155  53.4481   94.955        0        0
  std. dev.                           21.1959  24.1465  26.5966  34.7271  33.2767  59.7763   0.3829   0.3829
  weight sum                               43      148       76       61       64       24        0        0
  precision                            2.2973   2.2973   2.2973   2.2973   2.2973   2.2973   2.2973   2.2973

Histogram of JPEG Coefficients69
  mean                               111.0953 107.1728  31.0845   50.898  29.1869  51.6458        0        0
  std. dev.                           31.5052   35.384  28.1593  36.6103  23.5485  49.0627   0.2233   0.2233
  weight sum                               43      148       76       61       64       24        0        0
  precision                              1.34     1.34     1.34     1.34     1.34     1.34     1.34     1.34

Histogram of JPEG Coefficients70
  mean                               101.2158 100.2417   30.052  52.5581  35.2435  38.8934        0        0
  std. dev.                           23.8261   32.338  20.1788    40.79   25.604  22.8667   0.2364   0.2364
  weight sum                               43      148       76       61       64       24        0        0
  precision                            1.4186   1.4186   1.4186   1.4186   1.4186   1.4186   1.4186   1.4186

Histogram of JPEG Coefficients71
  mean                               175.4277 195.4066  42.1209  69.5777  47.2948   48.863        0        0
  std. dev.                           50.2476  54.9784  25.7747  46.6901  33.4246  22.6035   0.2401   0.2401
  weight sum                               43      148       76       61       64       24        0        0
  precision                            1.4407   1.4407   1.4407   1.4407   1.4407   1.4407   1.4407   1.4407

Histogram of JPEG Coefficients72
  mean                               120.1652  147.551 102.3846  99.4967  118.739 132.4708        0        0
  std. dev.                           59.5669  72.7914  59.9893  53.6958  44.9209  40.1933   0.2485   0.2485
  weight sum                               43      148       76       61       64       24        0        0
  precision                            1.4912   1.4912   1.4912   1.4912   1.4912   1.4912   1.4912   1.4912

Histogram of JPEG Coefficients73
  mean                                58.7453  36.7155  144.888 132.0152 221.8482  209.154        0        0
  std. dev.                           39.8544  33.4686  67.0799  57.9979  29.2885  40.8036   0.2348   0.2348
  weight sum                               43      148       76       61       64       24        0        0
  precision                            1.4088   1.4088   1.4088   1.4088   1.4088   1.4088   1.4088   1.4088

Histogram of JPEG Coefficients74
  mean                                 5.2298   2.4556  96.6421 102.0066 207.7208 205.5561        0        0
  std. dev.                            5.9711   2.9692  47.0836  48.0665  48.1392   32.767   0.3346   0.3346
  weight sum                               43      148       76       61       64       24        0        0
  precision                            2.0079   2.0079   2.0079   2.0079   2.0079   2.0079   2.0079   2.0079

Histogram of JPEG Coefficients75
  mean                                 6.4516   6.2671  30.6398  42.8139  75.0026 130.1854        0        0
  std. dev.                            3.7999   3.7899  41.9033  42.0441   47.549  70.4089    0.467    0.467
  weight sum                               43      148       76       61       64       24        0        0
  precision                            2.8022   2.8022   2.8022   2.8022   2.8022   2.8022   2.8022   2.8022

Histogram of JPEG Coefficients76
  mean                                18.4197  15.4284  15.4037  21.8517  27.6491  58.4375        0        0
  std. dev.                            8.3257   7.4548  30.5415  37.8097  19.8919   47.258   0.6439   0.6439
  weight sum                               43      148       76       61       64       24        0        0
  precision                            3.8636   3.8636   3.8636   3.8636   3.8636   3.8636   3.8636   3.8636

Histogram of JPEG Coefficients77
  mean                                30.3016  30.6173  12.7742  14.4305   13.754  33.7742        0        0
  std. dev.                           10.2158  13.1386  20.0346  12.7151  12.1887  33.2879   0.3871   0.3871
  weight sum                               43      148       76       61       64       24        0        0
  precision                            2.3226   2.3226   2.3226   2.3226   2.3226   2.3226   2.3226   2.3226

Histogram of JPEG Coefficients78
  mean                                 33.056  34.0118  19.5411  29.6227  26.1408  22.1925        0        0
  std. dev.                            10.392  13.2908  14.1428  21.5584  23.7218     9.12   0.2723   0.2723
  weight sum                               43      148       76       61       64       24        0        0
  precision                            1.6338   1.6338   1.6338   1.6338   1.6338   1.6338   1.6338   1.6338

Histogram of JPEG Coefficients79
  mean                                76.5134   94.051  45.7375  56.8273  38.7653  43.4586        0        0
  std. dev.                           25.4788  29.2193  44.8392  39.3756  28.3986  17.3324   0.3195   0.3195
  weight sum                               43      148       76       61       64       24        0        0
  precision                            1.9173   1.9173   1.9173   1.9173   1.9173   1.9173   1.9173   1.9173

Histogram of JPEG Coefficients80
  mean                                40.7399  43.1569  89.7878  77.3074 150.1782 173.3476        0        0
  std. dev.                           26.6529  31.8748  47.4284  34.0748  44.3398   33.917   0.2911   0.2911
  weight sum                               43      148       76       61       64       24        0        0
  precision                            1.7466   1.7466   1.7466   1.7466   1.7466   1.7466   1.7466   1.7466

Histogram of JPEG Coefficients81
  mean                                 3.6379   1.4479  84.7556  91.6159 189.6763 181.9643        0        0
  std. dev.                            3.5054   2.2171  46.5968  49.8494  62.0724  44.1628   0.3571   0.3571
  weight sum                               43      148       76       61       64       24        0        0
  precision                            2.1429   2.1429   2.1429   2.1429   2.1429   2.1429   2.1429   2.1429

Histogram of JPEG Coefficients82
  mean                                 0.5182   0.4349  53.5539  53.8572 122.2004 127.9126        0        0
  std. dev.                            1.1399   0.9851  57.5095  50.6494  40.2695  51.8854   0.4126   0.4126
  weight sum                               43      148       76       61       64       24        0        0
  precision                            2.4757   2.4757   2.4757   2.4757   2.4757   2.4757   2.4757   2.4757

Histogram of JPEG Coefficients83
  mean                                 3.8887    3.977  11.1329  17.4888  46.2971  73.8525        0        0
  std. dev.                            2.8787   2.8923  29.2724   27.673  43.6288  44.8671   0.5574   0.5574
  weight sum                               43      148       76       61       64       24        0        0
  precision                            3.3443   3.3443   3.3443   3.3443   3.3443   3.3443   3.3443   3.3443

Histogram of JPEG Coefficients84
  mean                                 8.0957   9.9248  10.7249  16.3316  17.9982  50.9434        0        0
  std. dev.                            3.4301    5.441   21.847  28.2154  13.9404  42.4528   0.4717   0.4717
  weight sum                               43      148       76       61       64       24        0        0
  precision                            2.8302   2.8302   2.8302   2.8302   2.8302   2.8302   2.8302   2.8302

Histogram of JPEG Coefficients85
  mean                                13.4666  17.0619   11.384  15.8586   9.5801  16.5582        0        0
  std. dev.                            5.3288   8.2109  17.3353  19.5712   7.9729  16.6676   0.3785   0.3785
  weight sum                               43      148       76       61       64       24        0        0
  precision                            2.2708   2.2708   2.2708   2.2708   2.2708   2.2708   2.2708   2.2708

Histogram of JPEG Coefficients86
  mean                                20.4435  24.4378  21.0653  23.3392  20.4747   17.819        0        0
  std. dev.                            7.6859  10.8669  17.1737  16.9431  16.2542   8.9261   0.3046   0.3046
  weight sum                               43      148       76       61       64       24        0        0
  precision                            1.8276   1.8276   1.8276   1.8276   1.8276   1.8276   1.8276   1.8276

Histogram of JPEG Coefficients87
  mean                                60.0997  74.0589   43.562  49.0047   32.779  36.1607        0        0
  std. dev.                           24.0267  26.0835  34.1646  39.0688  22.7306  14.6033   0.3571   0.3571
  weight sum                               43      148       76       61       64       24        0        0
  precision                            2.1429   2.1429   2.1429   2.1429   2.1429   2.1429   2.1429   2.1429

Histogram of JPEG Coefficients88
  mean                                22.1465   28.269   57.277  54.2333  96.3655 131.5431        0        0
  std. dev.                            12.581   14.162  44.5349  39.3733  41.7643  42.7844   0.3761   0.3761
  weight sum                               43      148       76       61       64       24        0        0
  precision                            2.2566   2.2566   2.2566   2.2566   2.2566   2.2566   2.2566   2.2566

Histogram of JPEG Coefficients89
  mean                                 4.5825   3.4068  34.2771  36.0078  64.9272  99.4886        0        0
  std. dev.                            2.1857   2.6889  43.0942  41.1826  37.4319  44.5053    0.483    0.483
  weight sum                               43      148       76       61       64       24        0        0
  precision                            2.8977   2.8977   2.8977   2.8977   2.8977   2.8977   2.8977   2.8977

Histogram of JPEG Coefficients90
  mean                                 2.2452   2.8413  10.2756  17.7264   36.171  66.9561        0        0
  std. dev.                            2.2168   2.9321   18.737  25.2569  28.0449  35.8949   0.3576   0.3576
  weight sum                               43      148       76       61       64       24        0        0
  precision                            2.1455   2.1455   2.1455   2.1455   2.1455   2.1455   2.1455   2.1455

Histogram of JPEG Coefficients91
  mean                                 6.6279   7.8378  12.9605  10.5738  24.2188   51.875        0        0
  std. dev.                            4.1373   4.8338  34.0586  18.5123  25.6968  40.9983   0.8333   0.8333
  weight sum                               43      148       76       61       64       24        0        0
  precision                                 5        5        5        5        5        5        5        5

Histogram of JPEG Coefficients92
  mean                                11.7087  14.0756    7.354   9.0109  13.7489  38.9732        0        0
  std. dev.                            5.8171   8.4787  13.6516   11.789  12.7706  30.1812   0.3849   0.3849
  weight sum                               43      148       76       61       64       24        0        0
  precision                            2.3095   2.3095   2.3095   2.3095   2.3095   2.3095   2.3095   2.3095

Histogram of JPEG Coefficients93
  mean                                10.6499  13.8638  12.7555  11.9922   6.9696  13.6294        0        0
  std. dev.                            4.7229    6.463  28.3212   9.4185   6.7773     8.14   0.9912   0.9912
  weight sum                               43      148       76       61       64       24        0        0
  precision                            5.9474   5.9474   5.9474   5.9474   5.9474   5.9474   5.9474   5.9474

Histogram of JPEG Coefficients94
  mean                                15.1125  20.0921  25.4351  19.9577  20.3075  15.9375        0        0
  std. dev.                            6.4405  10.1483  38.3609  16.8815  18.9857   8.8302   0.6855   0.6855
  weight sum                               43      148       76       61       64       24        0        0
  precision                            4.1129   4.1129   4.1129   4.1129   4.1129   4.1129   4.1129   4.1129

Histogram of JPEG Coefficients95
  mean                                45.7242   61.816  38.0808  46.8303  29.1465  34.1751        0        0
  std. dev.                            17.164  25.4553  28.3187   34.879  21.6485  19.8377   0.3906   0.3906
  weight sum                               43      148       76       61       64       24        0        0
  precision                            2.3434   2.3434   2.3434   2.3434   2.3434   2.3434   2.3434   2.3434

Histogram of JPEG Coefficients96
  mean                                24.7565  32.2905  15.5707  16.1248  38.4817  72.8018        0        0
  std. dev.                           10.8183  14.3252   22.139  15.3579  20.5007  42.7993   0.4214   0.4214
  weight sum                               43      148       76       61       64       24        0        0
  precision                            2.5286   2.5286   2.5286   2.5286   2.5286   2.5286   2.5286   2.5286

Histogram of JPEG Coefficients97
  mean                                15.8721  10.8699   6.6711  12.9467   24.375  56.7396        0        0
  std. dev.                            7.2574   6.9737  10.9947  22.9168   18.968  34.3945   0.5417   0.5417
  weight sum                               43      148       76       61       64       24        0        0
  precision                              3.25     3.25     3.25     3.25     3.25     3.25     3.25     3.25

Histogram of JPEG Coefficients98
  mean                                 1.6944   1.9281   11.344  10.8489  13.6607  41.4881        0        0
  std. dev.                            2.7233   3.0795  33.4341  16.3474  12.8794  26.7342   1.0119   1.0119
  weight sum                               43      148       76       61       64       24        0        0
  precision                            6.0714   6.0714   6.0714   6.0714   6.0714   6.0714   6.0714   6.0714

Histogram of JPEG Coefficients99
  mean                                 2.5071   3.1378  13.3665  10.6717   9.9123  38.1809        0        0
  std. dev.                            2.5512   3.1835  32.2131   22.303   8.1495  31.4635   0.6911   0.6911
  weight sum                               43      148       76       61       64       24        0        0
  precision                            4.1463   4.1463   4.1463   4.1463   4.1463   4.1463   4.1463   4.1463

Histogram of JPEG Coefficients100
  mean                                 5.6478   7.6303    14.14  10.9485   9.5815  11.6369        0        0
  std. dev.                            3.3113   5.3343   34.195  18.8123  10.2837   8.7487   1.0119   1.0119
  weight sum                               43      148       76       61       64       24        0        0
  precision                            6.0714   6.0714   6.0714   6.0714   6.0714   6.0714   6.0714   6.0714

Histogram of JPEG Coefficients101
  mean                                 6.8153   9.5215  13.4551   11.244   7.5993   8.8333        0        0
  std. dev.                            4.6221   6.2541  30.5475  12.2551   6.9248   5.9472   1.0392   1.0392
  weight sum                               43      148       76       61       64       24        0        0
  precision                            6.2353   6.2353   6.2353   6.2353   6.2353   6.2353   6.2353   6.2353

Histogram of JPEG Coefficients102
  mean                                15.8438  20.3085   19.862  21.1874  15.1848  14.1934        0        0
  std. dev.                            7.7269  10.4857  22.8946  15.6044  10.9962   4.5475   0.5566   0.5566
  weight sum                               43      148       76       61       64       24        0        0
  precision                            3.3396   3.3396   3.3396   3.3396   3.3396   3.3396   3.3396   3.3396

Histogram of JPEG Coefficients103
  mean                                50.1524  69.2137  38.4274   43.892  33.4106  30.9928        0        0
  std. dev.                           19.6533  28.7842  26.9301   27.688  26.2814  16.5451   0.3046   0.3046
  weight sum                               43      148       76       61       64       24        0        0
  precision                            1.8276   1.8276   1.8276   1.8276   1.8276   1.8276   1.8276   1.8276

Histogram of JPEG Coefficients104
  mean                                47.5849  55.8405   9.8048  17.3814  23.3708   58.096        0        0
  std. dev.                           24.4183  23.8107  19.8857  24.6024  16.0861  41.2651   0.2254   0.2254
  weight sum                               43      148       76       61       64       24        0        0
  precision                            1.3524   1.3524   1.3524   1.3524   1.3524   1.3524   1.3524   1.3524

Histogram of JPEG Coefficients105
  mean                                13.4053  10.4826   5.7801   9.0632  13.2924  42.3214        0        0
  std. dev.                            5.6994    5.582  10.8767  11.1744  11.0387  26.8446   0.3571   0.3571
  weight sum                               43      148       76       61       64       24        0        0
  precision                            2.1429   2.1429   2.1429   2.1429   2.1429   2.1429   2.1429   2.1429

Histogram of JPEG Coefficients106
  mean                                 3.3979   4.2469   7.3634   9.9876  12.9223  20.4459        0        0
  std. dev.                            2.5804   3.3669   12.028    15.33  14.6514   12.093   0.4595   0.4595
  weight sum                               43      148       76       61       64       24        0        0
  precision                            2.7568   2.7568   2.7568   2.7568   2.7568   2.7568   2.7568   2.7568

Histogram of JPEG Coefficients107
  mean                                 5.6624   7.1142   8.5722   7.4437   5.7581  13.1613        0        0
  std. dev.                            4.8298   5.1609  25.7319   7.0971   7.3113   12.601   1.0968   1.0968
  weight sum                               43      148       76       61       64       24        0        0
  precision                            6.5806   6.5806   6.5806   6.5806   6.5806   6.5806   6.5806   6.5806

Histogram of JPEG Coefficients108
  mean                                 3.4334   4.1564  11.4127   9.9836   8.6506   6.4078        0        0
  std. dev.                             3.585   4.1214  26.7339  11.7439   11.494   6.5196   1.0253   1.0253
  weight sum                               43      148       76       61       64       24        0        0
  precision                            6.1515   6.1515   6.1515   6.1515   6.1515   6.1515   6.1515   6.1515

Histogram of JPEG Coefficients109
  mean                                 8.4593  11.1091  12.9546  16.4582  11.4051      9.7        0        0
  std. dev.                             5.343   6.2846  13.5336  15.4068    6.133   5.2852   0.4042   0.4042
  weight sum                               43      148       76       61       64       24        0        0
  precision                             2.425    2.425    2.425    2.425    2.425    2.425    2.425    2.425

Histogram of JPEG Coefficients110
  mean                                12.9477   16.397   26.227  26.9631  21.9141  16.8229        0        0
  std. dev.                            5.7936   9.1768  31.8219  19.5122  16.3952   10.588   0.7083   0.7083
  weight sum                               43      148       76       61       64       24        0        0
  precision                              4.25     4.25     4.25     4.25     4.25     4.25     4.25     4.25

Histogram of JPEG Coefficients111
  mean                                35.5453  47.0358  46.1848  47.1015   34.981  37.7622        0        0
  std. dev.                           14.5858  19.0755  35.5906  27.3168  28.5732  12.0396   0.4082   0.4082
  weight sum                               43      148       76       61       64       24        0        0
  precision                            2.4494   2.4494   2.4494   2.4494   2.4494   2.4494   2.4494   2.4494

Histogram of JPEG Coefficients112
  mean                                45.2136  54.2517  16.0545  14.9834  25.3149  44.8801        0        0
  std. dev.                           29.8412  26.3169  33.4845  13.8369  18.4914  36.7363   0.3724   0.3724
  weight sum                               43      148       76       61       64       24        0        0
  precision                            2.2347   2.2347   2.2347   2.2347   2.2347   2.2347   2.2347   2.2347

Histogram of JPEG Coefficients113
  mean                                13.6809  12.8061  12.0789  12.8326  12.5276  32.1221        0        0
  std. dev.                            6.0712   6.9143  18.0127  10.8267    9.945  18.2201   0.3953   0.3953
  weight sum                               43      148       76       61       64       24        0        0
  precision                            2.3721   2.3721   2.3721   2.3721   2.3721   2.3721   2.3721   2.3721

Histogram of JPEG Coefficients114
  mean                                 6.0785   7.8826  13.0016  13.4816  13.7461  17.7969        0        0
  std. dev.                            5.4915   5.3625  30.5636  12.4912  19.5914   9.9068   1.0625   1.0625
  weight sum                               43      148       76       61       64       24        0        0
  precision                             6.375    6.375    6.375    6.375    6.375    6.375    6.375    6.375

Histogram of JPEG Coefficients115
  mean                                 8.3272   8.9708   12.758  16.7526   8.6751   9.5552        0        0
  std. dev.                             6.458    5.496  13.6496  25.6652   9.7833   5.1696   0.6705   0.6705
  weight sum                               43      148       76       61       64       24        0        0
  precision                            4.0233   4.0233   4.0233   4.0233   4.0233   4.0233   4.0233   4.0233

Histogram of JPEG Coefficients116
  mean                                 7.7048   9.8869   13.986  20.6839  14.9691  12.8841        0        0
  std. dev.                            4.2754   6.4908  14.5564  21.0773  11.6093   9.4526   0.4601   0.4601
  weight sum                               43      148       76       61       64       24        0        0
  precision                            2.7609   2.7609   2.7609   2.7609   2.7609   2.7609   2.7609   2.7609

Histogram of JPEG Coefficients117
  mean                                10.1925   12.349  23.0673  24.4384  18.3547  20.6219        0        0
  std. dev.                            6.9917    7.295  18.8216  23.4502  14.1347   9.6962   0.4969   0.4969
  weight sum                               43      148       76       61       64       24        0        0
  precision                            2.9815   2.9815   2.9815   2.9815   2.9815   2.9815   2.9815   2.9815

Histogram of JPEG Coefficients118
  mean                                15.4479   18.506  41.5887  43.2483   31.088  30.3009        0        0
  std. dev.                            8.0853  10.9601  37.7305  43.5023  21.0339  12.0843   0.5247   0.5247
  weight sum                               43      148       76       61       64       24        0        0
  precision                            3.1481   3.1481   3.1481   3.1481   3.1481   3.1481   3.1481   3.1481

Histogram of JPEG Coefficients119
  mean                                32.9964  45.1662   63.294   57.174  46.9135  47.1042        0        0
  std. dev.                           14.4333  22.0039  40.3362  31.3463   30.119  16.7896   0.3814   0.3814
  weight sum                               43      148       76       61       64       24        0        0
  precision                            2.2885   2.2885   2.2885   2.2885   2.2885   2.2885   2.2885   2.2885

Histogram of JPEG Coefficients120
  mean                                66.1949  77.6858  18.9976  28.0648  29.9721  37.2004        0        0
  std. dev.                           42.9983  34.5683  21.8125  24.9332  25.0204  20.5876   0.2455   0.2455
  weight sum                               43      148       76       61       64       24        0        0
  precision                            1.4733   1.4733   1.4733   1.4733   1.4733   1.4733   1.4733   1.4733

Histogram of JPEG Coefficients121
  mean                                15.5413  21.4877  19.0324  24.2411  21.2271   27.051        0        0
  std. dev.                            7.5136  10.5178  15.1305  17.8989  15.7372  13.2842   0.2443   0.2443
  weight sum                               43      148       76       61       64       24        0        0
  precision                            1.4655   1.4655   1.4655   1.4655   1.4655   1.4655   1.4655   1.4655

Histogram of JPEG Coefficients122
  mean                                14.4518  17.0473  20.1555  24.6279  21.5801  18.0603        0        0
  std. dev.                            7.6222   8.1569  13.7992  17.1548  15.2023  16.7253   0.2589   0.2589
  weight sum                               43      148       76       61       64       24        0        0
  precision                            1.5536   1.5536   1.5536   1.5536   1.5536   1.5536   1.5536   1.5536

Histogram of JPEG Coefficients123
  mean                                12.9727  17.6456  24.1907  29.2277  20.0945  28.9226        0        0
  std. dev.                            6.6422   9.4246  22.3374   19.916   14.771  13.6336   0.2989   0.2989
  weight sum                               43      148       76       61       64       24        0        0
  precision                            1.7937   1.7937   1.7937   1.7937   1.7937   1.7937   1.7937   1.7937

Histogram of JPEG Coefficients124
  mean                                16.7442  21.3773  24.8684  34.7856  28.6118  25.9615        0        0
  std. dev.                            8.6717  12.3616   16.028  34.1378  17.4074  11.2611   0.5769   0.5769
  weight sum                               43      148       76       61       64       24        0        0
  precision                            3.4615   3.4615   3.4615   3.4615   3.4615   3.4615   3.4615   3.4615

Histogram of JPEG Coefficients125
  mean                                17.2372  20.7905  35.0289  38.5148  25.1812   25.925        0        0
  std. dev.                           10.0912  11.7748  33.0611  34.6062  18.9373  11.2685   0.5667   0.5667
  weight sum                               43      148       76       61       64       24        0        0
  precision                               3.4      3.4      3.4      3.4      3.4      3.4      3.4      3.4

Histogram of JPEG Coefficients126
  mean                                19.6253  23.6271  61.2826  53.9982   39.596  39.1835        0        0
  std. dev.                            9.4031  13.3652   52.655  31.4106  21.3514  16.2856   0.4125   0.4125
  weight sum                               43      148       76       61       64       24        0        0
  precision                            2.4747   2.4747   2.4747   2.4747   2.4747   2.4747   2.4747   2.4747

Histogram of JPEG Coefficients127
  mean                                44.0879  55.2199  85.9442  82.3045  58.9165  60.5277        0        0
  std. dev.                           17.1758   28.201  56.2794  50.4262  35.5748   27.922   0.3484   0.3484
  weight sum                               43      148       76       61       64       24        0        0
  precision                            2.0902   2.0902   2.0902   2.0902   2.0902   2.0902   2.0902   2.0902

Histogram of JPEG Coefficients128
  mean                               147.4248 116.9536  72.7259 102.7509  28.1698  16.7834        0        0
  std. dev.                           87.2482  89.7376  61.5754   74.092  49.6821  19.7852   0.2707   0.2707
  weight sum                               43      148       76       61       64       24        0        0
  precision                            1.6242   1.6242   1.6242   1.6242   1.6242   1.6242   1.6242   1.6242

Histogram of JPEG Coefficients129
  mean                               242.6877 238.0492 188.8534 211.9625 175.1987 173.4405        0        0
  std. dev.                           30.9035  30.2427  95.2713  75.1052  52.8944  51.2352   0.4048   0.4048
  weight sum                               43      148       76       61       64       24        0        0
  precision                            2.4286   2.4286   2.4286   2.4286   2.4286   2.4286   2.4286   2.4286

Histogram of JPEG Coefficients130
  mean                               121.0675  96.4206 167.8915 196.6582 203.5297  242.459        0        0
  std. dev.                           31.1441  40.6215  64.7785  54.0353  52.1634  20.9249   0.2322   0.2322
  weight sum                               43      148       76       61       64       24        0        0
  precision                            1.3934   1.3934   1.3934   1.3934   1.3934   1.3934   1.3934   1.3934

Histogram of JPEG Coefficients131
  mean                                77.1743  69.8984  111.597 138.0367 114.5371 190.0856        0        0
  std. dev.                           19.0557  25.1841  49.4198  52.2988  39.8984  44.0806   0.2911   0.2911
  weight sum                               43      148       76       61       64       24        0        0
  precision                            1.7466   1.7466   1.7466   1.7466   1.7466   1.7466   1.7466   1.7466

Histogram of JPEG Coefficients132
  mean                                84.4668  72.2987  47.2198  63.6083  53.4176  99.3732        0        0
  std. dev.                           18.5555  22.3258  37.9581  42.1051   33.737  52.3536   0.2891   0.2891
  weight sum                               43      148       76       61       64       24        0        0
  precision                            1.7345   1.7345   1.7345   1.7345   1.7345   1.7345   1.7345   1.7345

Histogram of JPEG Coefficients133
  mean                               106.7926 105.1122  33.0269  45.6553  34.1573  59.6921        0        0
  std. dev.                           27.1305  33.0307  35.9544  33.7935  21.8405  37.2608   0.2477   0.2477
  weight sum                               43      148       76       61       64       24        0        0
  precision                            1.4861   1.4861   1.4861   1.4861   1.4861   1.4861   1.4861   1.4861

Histogram of JPEG Coefficients134
  mean                                93.5246  90.5932   27.944  45.9523  41.6559  42.5242        0        0
  std. dev.                           21.3601  29.7092  21.4497  32.9248  27.2497  27.1428   0.2597   0.2597
  weight sum                               43      148       76       61       64       24        0        0
  precision                            1.5581   1.5581   1.5581   1.5581   1.5581   1.5581   1.5581   1.5581

Histogram of JPEG Coefficients135
  mean                               157.6176 164.2922  34.8533  56.8102  53.8562  60.8251        0        0
  std. dev.                           46.5745  53.1957  28.0164  34.8774  36.9557  33.1641   0.2388   0.2388
  weight sum                               43      148       76       61       64       24        0        0
  precision                            1.4326   1.4326   1.4326   1.4326   1.4326   1.4326   1.4326   1.4326

Histogram of JPEG Coefficients136
  mean                               119.3329 159.7025 103.5422 102.4303 115.3372 116.9371        0        0
  std. dev.                           56.6361  68.7668  56.9177  42.1675  36.5467  34.3088   0.2485   0.2485
  weight sum                               43      148       76       61       64       24        0        0
  precision                            1.4912   1.4912   1.4912   1.4912   1.4912   1.4912   1.4912   1.4912

Histogram of JPEG Coefficients137
  mean                                66.6903  60.1308 154.2109 154.4619 227.6213  209.176        0        0
  std. dev.                           39.2396  43.3653  64.9685  50.8945  42.5012  27.5767   0.2374   0.2374
  weight sum                               43      148       76       61       64       24        0        0
  precision                            1.4246   1.4246   1.4246   1.4246   1.4246   1.4246   1.4246   1.4246

Histogram of JPEG Coefficients138
  mean                                 6.4693   5.7563 113.1385 117.7142 208.5458  207.107        0        0
  std. dev.                            5.8012   7.8293  56.1316  49.3039  45.8291  33.5852    0.322    0.322
  weight sum                               43      148       76       61       64       24        0        0
  precision                            1.9318   1.9318   1.9318   1.9318   1.9318   1.9318   1.9318   1.9318

Histogram of JPEG Coefficients139
  mean                                 6.6174   6.8085  44.0355  41.7684  66.4461 145.2105        0        0
  std. dev.                            3.3473   3.6873  44.8279    33.24  38.7119  62.6019   0.4351   0.4351
  weight sum                               43      148       76       61       64       24        0        0
  precision                            2.6105   2.6105   2.6105   2.6105   2.6105   2.6105   2.6105   2.6105

Histogram of JPEG Coefficients140
  mean                                19.3392  18.0709  17.2953  18.6458   32.903  55.8862        0        0
  std. dev.                            7.9019   8.4448  27.9639   17.231  15.9566  35.3399   0.4471   0.4471
  weight sum                               43      148       76       61       64       24        0        0
  precision                            2.6825   2.6825   2.6825   2.6825   2.6825   2.6825   2.6825   2.6825

Histogram of JPEG Coefficients141
  mean                                31.2948  30.7897  18.1753  20.5506  18.1949  40.4743        0        0
  std. dev.                           11.0287  11.9681  25.1785  28.9727  12.8684  21.9772   0.4951   0.4951
  weight sum                               43      148       76       61       64       24        0        0
  precision                            2.9706   2.9706   2.9706   2.9706   2.9706   2.9706   2.9706   2.9706

Histogram of JPEG Coefficients142
  mean                                34.8938  35.7579  21.5418  26.7177  26.3315  32.6449        0        0
  std. dev.                           11.2801  13.7221  33.0135   24.159   16.624  19.5749   0.6159   0.6159
  weight sum                               43      148       76       61       64       24        0        0
  precision                            3.6957   3.6957   3.6957   3.6957   3.6957   3.6957   3.6957   3.6957

Histogram of JPEG Coefficients143
  mean                                 75.072  82.3731  23.3273  34.7637   47.622  75.0623        0        0
  std. dev.                           29.5709  29.5217  18.1813  24.5051  33.4949  31.8809   0.2385   0.2385
  weight sum                               43      148       76       61       64       24        0        0
  precision                            1.4309   1.4309   1.4309   1.4309   1.4309   1.4309   1.4309   1.4309

Histogram of JPEG Coefficients144
  mean                                39.3964  60.0516  89.6518   80.438 146.6605 163.6385        0        0
  std. dev.                            24.635  44.0186  41.2143  30.8334  48.2626  34.4554   0.2707   0.2707
  weight sum                               43      148       76       61       64       24        0        0
  precision                            1.6242   1.6242   1.6242   1.6242   1.6242   1.6242   1.6242   1.6242

Histogram of JPEG Coefficients145
  mean                                 3.6184   3.2123 102.4493  88.2829 185.9825 200.4343        0        0
  std. dev.                            3.6317   4.9958  47.8698  38.9413  54.9626  18.9757   0.3602   0.3602
  weight sum                               43      148       76       61       64       24        0        0
  precision                             2.161    2.161    2.161    2.161    2.161    2.161    2.161    2.161

Histogram of JPEG Coefficients146
  mean                                 0.5985   0.6323  62.3648  51.8898 101.8026 146.9954        0        0
  std. dev.                            1.1386   1.4543  45.1162  38.1988  30.5839  50.2014   0.3899   0.3899
  weight sum                               43      148       76       61       64       24        0        0
  precision                            2.3394   2.3394   2.3394   2.3394   2.3394   2.3394   2.3394   2.3394

Histogram of JPEG Coefficients147
  mean                                 4.0618    4.272  34.0123  18.2102   44.101  62.7312        0        0
  std. dev.                            2.6021   3.0878  48.6651  18.4853  34.1449  35.1994   0.5822   0.5822
  weight sum                               43      148       76       61       64       24        0        0
  precision                            3.4932   3.4932   3.4932   3.4932   3.4932   3.4932   3.4932   3.4932

Histogram of JPEG Coefficients148
  mean                                 8.9817     8.79  16.2768  21.5646  19.7371  48.0345        0        0
  std. dev.                            4.5079   4.8443  21.4843  24.0233  14.2553  39.6562    0.484    0.484
  weight sum                               43      148       76       61       64       24        0        0
  precision                            2.9038   2.9038   2.9038   2.9038   2.9038   2.9038   2.9038   2.9038

Histogram of JPEG Coefficients149
  mean                                13.6176  15.1622  11.3333  17.3097  11.6875  18.4167        0        0
  std. dev.                            5.0971   7.0503  14.1385  17.2652  11.4891   9.0629   0.3148   0.3148
  weight sum                               43      148       76       61       64       24        0        0
  precision                            1.8889   1.8889   1.8889   1.8889   1.8889   1.8889   1.8889   1.8889

Histogram of JPEG Coefficients150
  mean                                19.3757  22.2284  15.2523  24.8332  21.5595  35.2636        0        0
  std. dev.                             7.947   9.8784  12.2035  28.7431  19.2366  15.6344   0.5489   0.5489
  weight sum                               43      148       76       61       64       24        0        0
  precision                            3.2931   3.2931   3.2931   3.2931   3.2931   3.2931   3.2931   3.2931

Histogram of JPEG Coefficients151
  mean                                53.3721    63.08  23.2072  34.2942  36.0069  55.6829        0        0
  std. dev.                           22.5962  23.8777  24.6012  34.7474   25.655  34.4452   0.3935   0.3935
  weight sum                               43      148       76       61       64       24        0        0
  precision                            2.3611   2.3611   2.3611   2.3611   2.3611   2.3611   2.3611   2.3611

Histogram of JPEG Coefficients152
  mean                                22.2791  31.4459  54.1842  55.5738  92.6875 133.8333        0        0
  std. dev.                           12.3408  17.0846  23.9697  24.3637  41.8199  50.9049   0.3333   0.3333
  weight sum                               43      148       76       61       64       24        0        0
  precision                                 2        2        2        2        2        2        2        2

Histogram of JPEG Coefficients153
  mean                                 4.8989   4.2887  35.4856  37.7138  61.5846 109.5992        0        0
  std. dev.                            2.8566   3.4453  34.8287  30.6283  24.4963  42.7901    0.462    0.462
  weight sum                               43      148       76       61       64       24        0        0
  precision                            2.7717   2.7717   2.7717   2.7717   2.7717   2.7717   2.7717   2.7717

Histogram of JPEG Coefficients154
  mean                                  3.315   2.6035  22.5658  19.2422  32.6435  55.7746        0        0
  std. dev.                            3.2356   2.5021  28.3516  20.8665  22.5502  26.7232   0.3712   0.3712
  weight sum                               43      148       76       61       64       24        0        0
  precision                            2.2273   2.2273   2.2273   2.2273   2.2273   2.2273   2.2273   2.2273

Histogram of JPEG Coefficients155
  mean                                 9.3736   7.7812  30.5762  14.0918  27.6336  37.7016        0        0
  std. dev.                            5.4913    5.599  41.4865  19.9896  23.5312  22.6728   0.6855   0.6855
  weight sum                               43      148       76       61       64       24        0        0
  precision                            4.1129   4.1129   4.1129   4.1129   4.1129   4.1129   4.1129   4.1129

Histogram of JPEG Coefficients156
  mean                                13.4958  13.1708  18.0616  11.4039  13.5431   28.365        0        0
  std. dev.                            6.6169   7.8721  25.8202  17.6149  12.7577  18.4385     0.62     0.62
  weight sum                               43      148       76       61       64       24        0        0
  precision                              3.72     3.72     3.72     3.72     3.72     3.72     3.72     3.72

Histogram of JPEG Coefficients157
  mean                                10.7246  11.7045  11.3041  12.9709  11.3754  20.5805        0        0
  std. dev.                            4.9525   6.4912  16.0727  15.8007  12.6121  11.0002   0.3902   0.3902
  weight sum                               43      148       76       61       64       24        0        0
  precision                            2.3409   2.3409   2.3409   2.3409   2.3409   2.3409   2.3409   2.3409

Histogram of JPEG Coefficients158
  mean                                16.4594  18.4604  16.7078  16.2094  17.4011   29.273        0        0
  std. dev.                            6.4405   9.2013  31.1367  12.9237  12.1078  11.2233   0.8673   0.8673
  weight sum                               43      148       76       61       64       24        0        0
  precision                            5.2041   5.2041   5.2041   5.2041   5.2041   5.2041   5.2041   5.2041

Histogram of JPEG Coefficients159
  mean                                46.4595  53.0443  22.9156  32.6485  36.3475  53.5421        0        0
  std. dev.                           19.0254  21.0647  17.0696  26.8658  22.3277  23.6225   0.3443   0.3443
  weight sum                               43      148       76       61       64       24        0        0
  precision                            2.0659   2.0659   2.0659   2.0659   2.0659   2.0659   2.0659   2.0659

Histogram of JPEG Coefficients160
  mean                                23.9033  32.5838  22.9726  18.1193    33.55  70.3022        0        0
  std. dev.                           11.5547   16.073  27.2613  13.8155  22.1099  31.2533   0.3911   0.3911
  weight sum                               43      148       76       61       64       24        0        0
  precision                            2.3467   2.3467   2.3467   2.3467   2.3467   2.3467   2.3467   2.3467

Histogram of JPEG Coefficients161
  mean                                15.1856  12.3869  16.3929  14.6013  20.9607  55.4397        0        0
  std. dev.                            6.9044   7.4174  19.0993  22.4312  12.5114   37.837   0.4554   0.4554
  weight sum                               43      148       76       61       64       24        0        0
  precision                            2.7321   2.7321   2.7321   2.7321   2.7321   2.7321   2.7321   2.7321

Histogram of JPEG Coefficients162
  mean                                 4.0224    3.302  20.1213  14.0423  15.8293  38.2076        0        0
  std. dev.                            3.2077   2.7447  29.3621  15.4517   8.6512  21.4561   0.4576   0.4576
  weight sum                               43      148       76       61       64       24        0        0
  precision                            2.7455   2.7455   2.7455   2.7455   2.7455   2.7455   2.7455   2.7455

Histogram of JPEG Coefficients163
  mean                                  2.737   3.1146  22.3254  15.1135  10.4973   22.476        0        0
  std. dev.                            2.4353   3.0245  33.7543  34.3246   9.4513  18.3985   0.8173   0.8173
  weight sum                               43      148       76       61       64       24        0        0
  precision                            4.9038   4.9038   4.9038   4.9038   4.9038   4.9038   4.9038   4.9038

Histogram of JPEG Coefficients164
  mean                                 6.1925   6.4051  19.2702    9.167  13.3972  16.6424        0        0
  std. dev.                            3.7972   3.9135  35.4205   7.6619  13.8039   7.7347   0.8876   0.8876
  weight sum                               43      148       76       61       64       24        0        0
  precision                            5.3256   5.3256   5.3256   5.3256   5.3256   5.3256   5.3256   5.3256

Histogram of JPEG Coefficients165
  mean                                  8.709   8.4931   13.754  10.3565  10.8886   21.031        0        0
  std. dev.                             4.902   4.6615  18.6364   8.8153   8.0225  15.7855   0.5427   0.5427
  weight sum                               43      148       76       61       64       24        0        0
  precision                            3.2564   3.2564   3.2564   3.2564   3.2564   3.2564   3.2564   3.2564

Histogram of JPEG Coefficients166
  mean                                16.0568   18.226  15.1789  20.1066  22.2464  32.8782        0        0
  std. dev.                            6.3469   8.7756  30.5026   20.272  16.4155  12.4825   0.7147   0.7147
  weight sum                               43      148       76       61       64       24        0        0
  precision                            4.2885   4.2885   4.2885   4.2885   4.2885   4.2885   4.2885   4.2885

Histogram of JPEG Coefficients167
  mean                                47.0465  57.1371  27.8966  32.6464  42.8036  61.8274        0        0
  std. dev.                           20.9243  24.4369   33.195  33.3352  24.3066  30.4297   0.4048   0.4048
  weight sum                               43      148       76       61       64       24        0        0
  precision                            2.4286   2.4286   2.4286   2.4286   2.4286   2.4286   2.4286   2.4286

Histogram of JPEG Coefficients168
  mean                                47.6972  55.2816  15.8056   15.462  23.1834  46.1582        0        0
  std. dev.                           27.3384  24.1203  17.3835  27.4857  16.0111  43.0543   0.3707   0.3707
  weight sum                               43      148       76       61       64       24        0        0
  precision                            2.2245   2.2245   2.2245   2.2245   2.2245   2.2245   2.2245   2.2245

Histogram of JPEG Coefficients169
  mean                                13.3085  11.9658  12.5158  15.6568  17.5813       29        0        0
  std. dev.                             5.161   6.0362  18.1565  24.9356  15.0678  21.9868   0.6444   0.6444
  weight sum                               43      148       76       61       64       24        0        0
  precision                            3.8667   3.8667   3.8667   3.8667   3.8667   3.8667   3.8667   3.8667

Histogram of JPEG Coefficients170
  mean                                 3.7773   4.0441  14.3747  13.8971  10.1863  19.5615        0        0
  std. dev.                            2.9399   3.3728  17.0005  18.7229   8.6246  20.9412   0.3708   0.3708
  weight sum                               43      148       76       61       64       24        0        0
  precision                             2.225    2.225    2.225    2.225    2.225    2.225    2.225    2.225

Histogram of JPEG Coefficients171
  mean                                 6.1072   6.4024  12.8954    9.054    7.149  18.3872        0        0
  std. dev.                            4.0491   4.1413  20.2591  10.4093   6.8082   15.394   0.4512   0.4512
  weight sum                               43      148       76       61       64       24        0        0
  precision                            2.7073   2.7073   2.7073   2.7073   2.7073   2.7073   2.7073   2.7073

Histogram of JPEG Coefficients172
  mean                                 4.6877    4.182  10.8274   8.3972   9.4116  15.7107        0        0
  std. dev.                            3.2942   2.9351  15.1178   8.0628   7.5687    6.192   0.3952   0.3952
  weight sum                               43      148       76       61       64       24        0        0
  precision                            2.3714   2.3714   2.3714   2.3714   2.3714   2.3714   2.3714   2.3714

Histogram of JPEG Coefficients173
  mean                                 9.5975   9.5577  12.8826  12.0378  14.2308  16.9583        0        0
  std. dev.                            5.4909   5.6441  16.9042  11.5398   9.8208  11.6333   0.4744   0.4744
  weight sum                               43      148       76       61       64       24        0        0
  precision                            2.8462   2.8462   2.8462   2.8462   2.8462   2.8462   2.8462   2.8462

Histogram of JPEG Coefficients174
  mean                                13.4655  14.5389   21.569  19.8179  23.2292  36.6776        0        0
  std. dev.                             7.273    7.348  36.4443  17.8493  16.5966  16.2022    0.652    0.652
  weight sum                               43      148       76       61       64       24        0        0
  precision                            3.9123   3.9123   3.9123   3.9123   3.9123   3.9123   3.9123   3.9123

Histogram of JPEG Coefficients175
  mean                                36.1209  43.7473  24.8368  31.3049  40.2188  61.5083        0        0
  std. dev.                           17.1611  18.8862   24.189  17.2834  26.4557  29.5672   0.3667   0.3667
  weight sum                               43      148       76       61       64       24        0        0
  precision                               2.2      2.2      2.2      2.2      2.2      2.2      2.2      2.2

Histogram of JPEG Coefficients176
  mean                                37.8837  42.1824  18.2763  14.6557  26.3438     48.5        0        0
  std. dev.                           26.1776  19.1721   31.772  11.9272  23.0097  50.4579      0.5      0.5
  weight sum                               43      148       76       61       64       24        0        0
  precision                                 3        3        3        3        3        3        3        3

Histogram of JPEG Coefficients177
  mean                                 13.468  11.8345     11.3  12.0873  15.7141  33.4292        0        0
  std. dev.                            6.1483   6.4382  10.2678  13.0928  10.8597  32.6983   0.4708   0.4708
  weight sum                               43      148       76       61       64       24        0        0
  precision                             2.825    2.825    2.825    2.825    2.825    2.825    2.825    2.825

Histogram of JPEG Coefficients178
  mean                                 6.9147    7.749  15.2299  13.0562  14.6842  19.4683        0        0
  std. dev.                            4.6563   4.7159  27.3642   13.445  10.6911    8.062   0.8849   0.8849
  weight sum                               43      148       76       61       64       24        0        0
  precision                            5.3095   5.3095   5.3095   5.3095   5.3095   5.3095   5.3095   5.3095

Histogram of JPEG Coefficients179
  mean                                 7.7165   8.7838  12.8371  11.2849  12.8839  25.7937        0        0
  std. dev.                             4.378   5.1277  16.5168   9.9708  13.4362  14.7001   0.4127   0.4127
  weight sum                               43      148       76       61       64       24        0        0
  precision                            2.4762   2.4762   2.4762   2.4762   2.4762   2.4762   2.4762   2.4762

Histogram of JPEG Coefficients180
  mean                                 8.5271   8.7838  13.8471   12.217  15.9226  25.8929        0        0
  std. dev.                            4.4538   5.2795  15.9939   10.485  14.4084  13.3155   0.3968   0.3968
  weight sum                               43      148       76       61       64       24        0        0
  precision                             2.381    2.381    2.381    2.381    2.381    2.381    2.381    2.381

Histogram of JPEG Coefficients181
  mean                                10.0479  11.7521  15.8013   19.469  22.1915   33.143        0        0
  std. dev.                            4.7389    6.499  18.8156  19.1027  13.4632  16.5495   0.3693   0.3693
  weight sum                               43      148       76       61       64       24        0        0
  precision                            2.2157   2.2157   2.2157   2.2157   2.2157   2.2157   2.2157   2.2157

Histogram of JPEG Coefficients182
  mean                                16.0944  16.5696  23.8429  27.1847  37.6903  50.7761        0        0
  std. dev.                            6.7352   9.1393  21.6964  18.4115  25.5318  13.7323   0.2786   0.2786
  weight sum                               43      148       76       61       64       24        0        0
  precision                            1.6716   1.6716   1.6716   1.6716   1.6716   1.6716   1.6716   1.6716

Histogram of JPEG Coefficients183
  mean                                38.0159  40.9886  34.2943  45.2355  56.9975  76.1645        0        0
  std. dev.                           18.1585  18.5878  24.7916  38.2575  32.3387  30.4652   0.4474   0.4474
  weight sum                               43      148       76       61       64       24        0        0
  precision                            2.6842   2.6842   2.6842   2.6842   2.6842   2.6842   2.6842   2.6842

Histogram of JPEG Coefficients184
  mean                                62.6026  65.9374  22.6991  21.4469  34.9239  61.4402        0        0
  std. dev.                           39.0026  29.5886  33.3926  16.9953  31.2949  44.3269   0.3696   0.3696
  weight sum                               43      148       76       61       64       24        0        0
  precision                            2.2174   2.2174   2.2174   2.2174   2.2174   2.2174   2.2174   2.2174

Histogram of JPEG Coefficients185
  mean                                15.2082  17.7022  24.7857  21.7107  30.7182  35.8165        0        0
  std. dev.                            7.7091   8.6809  36.7928  18.2136  21.9565  13.4578   0.6855   0.6855
  weight sum                               43      148       76       61       64       24        0        0
  precision                            4.1129   4.1129   4.1129   4.1129   4.1129   4.1129   4.1129   4.1129

Histogram of JPEG Coefficients186
  mean                                14.6143  17.0154  19.1515  22.9141  20.2516  36.0991        0        0
  std. dev.                            7.8422   9.7841  24.9812  17.7992  13.3954  17.1186   0.3851   0.3851
  weight sum                               43      148       76       61       64       24        0        0
  precision                            2.3103   2.3103   2.3103   2.3103   2.3103   2.3103   2.3103   2.3103

Histogram of JPEG Coefficients187
  mean                                15.8613  16.5424  21.0738  18.1979  25.2089   47.233        0        0
  std. dev.                             9.436   7.4242  22.9149  14.4909  14.5065   25.101    0.392    0.392
  weight sum                               43      148       76       61       64       24        0        0
  precision                            2.3519   2.3519   2.3519   2.3519   2.3519   2.3519   2.3519   2.3519

Histogram of JPEG Coefficients188
  mean                                18.0846  19.3846  19.5971  22.8315  31.0973  43.2022        0        0
  std. dev.                            8.8611   9.7398  20.5508  23.0094  20.0741  15.3465   0.3661   0.3661
  weight sum                               43      148       76       61       64       24        0        0
  precision                            2.1967   2.1967   2.1967   2.1967   2.1967   2.1967   2.1967   2.1967

Histogram of JPEG Coefficients189
  mean                                 17.289  17.7376  19.9085   25.927  36.7369   54.481        0        0
  std. dev.                            9.3719  10.7929  18.2848  24.8911    22.53  20.9736   0.3358   0.3358
  weight sum                               43      148       76       61       64       24        0        0
  precision                            2.0147   2.0147   2.0147   2.0147   2.0147   2.0147   2.0147   2.0147

Histogram of JPEG Coefficients190
  mean                                21.7955  23.1594  30.2845  33.3883  49.2096  69.4075        0        0
  std. dev.                            9.4004  12.0178  36.7665  19.9541  27.0495  31.7571   0.5519   0.5519
  weight sum                               43      148       76       61       64       24        0        0
  precision                            3.3117   3.3117   3.3117   3.3117   3.3117   3.3117   3.3117   3.3117

Histogram of JPEG Coefficients191
  mean                                46.7243  52.9248  45.0288  53.9573  72.3008  85.1438        0        0
  std. dev.                           20.5384  23.8551  34.6865  30.4088  38.8678  37.2704   0.3574   0.3574
  weight sum                               43      148       76       61       64       24        0        0
  precision                            2.1442   2.1442   2.1442   2.1442   2.1442   2.1442   2.1442   2.1442



Time taken to build model: 0.19 seconds

Time taken to test model on training data: 0.11 seconds

=== Error on training data ===

Correctly Classified Instances         321               77.1635 %
Incorrectly Classified Instances        95               22.8365 %
Kappa statistic                          0.7162
Mean absolute error                      0.0569
Root mean squared error                  0.2353
Relative absolute error                 29.0842 %
Root relative squared error             75.3099 %
Total Number of Instances              416     


=== Detailed Accuracy By Class ===

                 TP Rate  FP Rate  Precision  Recall   F-Measure  MCC      ROC Area  PRC Area  Class
                 0.884    0.105    0.494      0.884    0.633      0.611    0.965     0.782     K1
                 0.730    0.019    0.956      0.730    0.828      0.765    0.985     0.965     K2
                 0.487    0.012    0.902      0.487    0.632      0.616    0.980     0.910     K3
                 0.951    0.121    0.574      0.951    0.716      0.685    0.980     0.913     K4
                 0.906    0.011    0.935      0.906    0.921      0.907    0.995     0.966     K5
                 0.917    0.000    1.000      0.917    0.957      0.955    1.000     0.994     K6
                 ?        0.000    ?          ?        ?          ?        ?         ?         K7
                 ?        0.000    ?          ?        ?          ?        ?         ?         K8
Weighted Avg.    0.772    0.039    0.842      0.772    0.777      0.743    0.984     0.930     


=== Confusion Matrix ===

   a   b   c   d   e   f   g   h   <-- classified as
  38   5   0   0   0   0   0   0 |   a = K1
  39 108   0   1   0   0   0   0 |   b = K2
   0   0  37  38   1   0   0   0 |   c = K3
   0   0   2  58   1   0   0   0 |   d = K4
   0   0   2   4  58   0   0   0 |   e = K5
   0   0   0   0   2  22   0   0 |   f = K6
   0   0   0   0   0   0   0   0 |   g = K7
   0   0   0   0   0   0   0   0 |   h = K8

Time taken to perform cross-validation: 0.15 seconds


=== Stratified cross-validation ===

Correctly Classified Instances         279               67.0673 %
Incorrectly Classified Instances       137               32.9327 %
Kappa statistic                          0.5902
Mean absolute error                      0.0827
Root mean squared error                  0.2842
Relative absolute error                 42.2506 %
Root relative squared error             90.9571 %
Total Number of Instances              416     


=== Detailed Accuracy By Class ===

                 TP Rate  FP Rate  Precision  Recall   F-Measure  MCC      ROC Area  PRC Area  Class
                 0.698    0.115    0.411      0.698    0.517      0.466    0.927     0.645     K1
                 0.696    0.045    0.896      0.696    0.783      0.697    0.971     0.930     K2
                 0.316    0.038    0.649      0.316    0.425      0.377    0.873     0.578     K3
                 0.754    0.152    0.460      0.754    0.571      0.498    0.825     0.555     K4
                 0.891    0.031    0.838      0.891    0.864      0.838    0.986     0.883     K5
                 0.792    0.010    0.826      0.792    0.809      0.797    0.993     0.816     K6
                 ?        0.000    ?          ?        ?          ?        ?         ?         K7
                 ?        0.000    ?          ?        ?          ?        ?         ?         K8
Weighted Avg.    0.671    0.063    0.724      0.671    0.673      0.613    0.931     0.767     


=== Confusion Matrix ===

   a   b   c   d   e   f   g   h   <-- classified as
  30  12   0   1   0   0   0   0 |   a = K1
  43 103   0   2   0   0   0   0 |   b = K2
   0   0  24  47   3   2   0   0 |   c = K3
   0   0  11  46   3   1   0   0 |   d = K4
   0   0   2   4  57   1   0   0 |   e = K5
   0   0   0   0   5  19   0   0 |   f = K6
   0   0   0   0   0   0   0   0 |   g = K7
   0   0   0   0   0   0   0   0 |   h = K8

