
=== Classifier model (full training set) ===

Naive Bayes Classifier

                                       Class
Attribute                                 K1       K2       K3       K4       K5       K6       K7       K8
                                       (0.1)   (0.35)   (0.18)   (0.15)   (0.15)   (0.06)      (0)      (0)
============================================================================================================
Histogram of JPEG Coefficients0
  mean                                58.7674  53.0473  30.4868  39.5902    3.375   0.1667        0        0
  std. dev.                           57.3937  54.5782  29.6761  33.9196    6.707   0.4714   0.0017   0.0017
  weight sum                               43      148       76       61       64       24        0        0
  precision                              0.01     0.01     0.01     0.01     0.01     0.01     0.01     0.01

Histogram of JPEG Coefficients1
  mean                               243.5116  237.777 242.1579 249.0492 246.8438  250.875        0        0
  std. dev.                           24.7061  30.6858  35.3513  33.3601  17.9341  10.9137   0.0017   0.0017
  weight sum                               43      148       76       61       64       24        0        0
  precision                              0.01     0.01     0.01     0.01     0.01     0.01     0.01     0.01

Histogram of JPEG Coefficients2
  mean                               164.9302  135.223 149.3421 157.5574 145.1406 176.0417        0        0
  std. dev.                           26.4526  34.0572  40.6951  37.4461  34.9606  19.2234   0.0017   0.0017
  weight sum                               43      148       76       61       64       24        0        0
  precision                              0.01     0.01     0.01     0.01     0.01     0.01     0.01     0.01

Histogram of JPEG Coefficients3
  mean                                71.5349  62.8784  61.4211  79.6885  54.3906   64.875        0        0
  std. dev.                           17.9629  21.3339  22.4296  26.4993  18.6963  11.9698   0.0017   0.0017
  weight sum                               43      148       76       61       64       24        0        0
  precision                              0.01     0.01     0.01     0.01     0.01     0.01     0.01     0.01

Histogram of JPEG Coefficients4
  mean                                39.6512  30.5068  38.4342  53.3607  39.1875   45.625        0        0
  std. dev.                           17.9299  19.3361  19.9482  17.7145   12.644   7.2561   0.0017   0.0017
  weight sum                               43      148       76       61       64       24        0        0
  precision                              0.01     0.01     0.01     0.01     0.01     0.01     0.01     0.01

Histogram of JPEG Coefficients5
  mean                                 28.814  30.4122  23.4342  26.9344  14.9375    20.75        0        0
  std. dev.                           17.6388  21.1254  11.3199  11.4217   8.9615   6.1526   0.0017   0.0017
  weight sum                               43      148       76       61       64       24        0        0
  precision                              0.01     0.01     0.01     0.01     0.01     0.01     0.01     0.01

Histogram of JPEG Coefficients6
  mean                                31.6512  33.6014  12.4868  18.0984  10.5938  11.7083        0        0
  std. dev.                            18.273  20.9258  10.7734  13.1644   6.7285   6.1744   0.0017   0.0017
  weight sum                               43      148       76       61       64       24        0        0
  precision                              0.01     0.01     0.01     0.01     0.01     0.01     0.01     0.01

Histogram of JPEG Coefficients7
  mean                                46.0233  54.4189   8.7763  11.4262   9.9688   9.7917        0        0
  std. dev.                           22.9433  32.8033   9.8135  10.8029  10.5519  20.2525   0.0017   0.0017
  weight sum                               43      148       76       61       64       24        0        0
  precision                              0.01     0.01     0.01     0.01     0.01     0.01     0.01     0.01

Histogram of JPEG Coefficients8
  mean                               182.2791  210.527 186.0395 169.3607 203.1563  199.375        0        0
  std. dev.                           52.3465   46.911  33.9312  33.7314  33.0857  32.6022   0.0017   0.0017
  weight sum                               43      148       76       61       64       24        0        0
  precision                              0.01     0.01     0.01     0.01     0.01     0.01     0.01     0.01

Histogram of JPEG Coefficients9
  mean                               155.0698 124.6757 200.3553 186.5738 194.7344 209.2917        0        0
  std. dev.                           42.7575  38.3589   64.229  56.8889  37.1207  22.1237   0.0017   0.0017
  weight sum                               43      148       76       61       64       24        0        0
  precision                              0.01     0.01     0.01     0.01     0.01     0.01     0.01     0.01

Histogram of JPEG Coefficients10
  mean                                     51  32.6081  97.9211  89.8852  92.0938       93        0        0
  std. dev.                           21.0304  20.6498  35.6425  30.8551  31.0884   9.6566   0.0017   0.0017
  weight sum                               43      148       76       61       64       24        0        0
  precision                              0.01     0.01     0.01     0.01     0.01     0.01     0.01     0.01

Histogram of JPEG Coefficients11
  mean                                 5.2093   4.8108  22.3158       23  21.7969  24.1667        0        0
  std. dev.                            3.5012   3.8753  10.9859  10.4033  10.5151   6.0873   0.0017   0.0017
  weight sum                               43      148       76       61       64       24        0        0
  precision                              0.01     0.01     0.01     0.01     0.01     0.01     0.01     0.01

Histogram of JPEG Coefficients12
  mean                                 3.7442   4.1081  12.7105   13.459  12.2344  15.7917        0        0
  std. dev.                             2.092   3.3108    7.009   6.3001   7.0948   4.0925   0.0017   0.0017
  weight sum                               43      148       76       61       64       24        0        0
  precision                              0.01     0.01     0.01     0.01     0.01     0.01     0.01     0.01

Histogram of JPEG Coefficients13
  mean                                 5.0233   8.0473   1.8289   2.1148   2.3906   2.2083        0        0
  std. dev.                            2.0402   5.7013   2.0416   2.1961   2.6257   4.6991   0.0017   0.0017
  weight sum                               43      148       76       61       64       24        0        0
  precision                              0.01     0.01     0.01     0.01     0.01     0.01     0.01     0.01

Histogram of JPEG Coefficients14
  mean                                 6.9535  10.7703   2.5263   2.8689    3.375   4.2917        0        0
  std. dev.                            2.5786   6.9924   3.0499   2.9167   3.5289   8.3341   0.0017   0.0017
  weight sum                               43      148       76       61       64       24        0        0
  precision                              0.01     0.01     0.01     0.01     0.01     0.01     0.01     0.01

Histogram of JPEG Coefficients15
  mean                                19.9535  27.6824   4.4605   4.7377   8.5625   8.8333        0        0
  std. dev.                            8.8211  13.3493   5.2752   4.8109   7.9606   9.6853   0.0017   0.0017
  weight sum                               43      148       76       61       64       24        0        0
  precision                              0.01     0.01     0.01     0.01     0.01     0.01     0.01     0.01

Histogram of JPEG Coefficients16
  mean                               111.1163 128.8446 104.1053  97.7377 107.3281  116.125        0        0
  std. dev.                            36.669  38.3634  27.4104  24.8312   25.403  32.7558   0.0017   0.0017
  weight sum                               43      148       76       61       64       24        0        0
  precision                              0.01     0.01     0.01     0.01     0.01     0.01     0.01     0.01

Histogram of JPEG Coefficients17
  mean                                47.6047  33.1959  87.1711  82.1803  87.7188  85.7917        0        0
  std. dev.                           20.2681  16.8666  29.4285  21.0849  23.7957  12.7442   0.0017   0.0017
  weight sum                               43      148       76       61       64       24        0        0
  precision                              0.01     0.01     0.01     0.01     0.01     0.01     0.01     0.01

Histogram of JPEG Coefficients18
  mean                                11.1628   4.8176  38.8947  28.3607  35.2813  30.4583        0        0
  std. dev.                            6.4589   4.6267  22.1505  14.6097  11.8473   6.7081   0.0017   0.0017
  weight sum                               43      148       76       61       64       24        0        0
  precision                              0.01     0.01     0.01     0.01     0.01     0.01     0.01     0.01

Histogram of JPEG Coefficients19
  mean                                 2.3953   3.3784   4.2237   4.6393   5.0938   4.4583        0        0
  std. dev.                            1.4963   2.8791   3.9789   4.6554      3.9   2.3448   0.0017   0.0017
  weight sum                               43      148       76       61       64       24        0        0
  precision                              0.01     0.01     0.01     0.01     0.01     0.01     0.01     0.01

Histogram of JPEG Coefficients20
  mean                                  4.093   5.6284     1.75   1.3607        1   0.9167        0        0
  std. dev.                            3.0638   5.2056   2.6414   1.6097   1.6583   1.4696   0.0017   0.0017
  weight sum                               43      148       76       61       64       24        0        0
  precision                              0.01     0.01     0.01     0.01     0.01     0.01     0.01     0.01

Histogram of JPEG Coefficients21
  mean                                 4.1163   6.8108   0.6842   0.7377   1.5156   1.2917        0        0
  std. dev.                            1.9194   5.0382   1.0028   1.1294   1.3345   4.5869   0.0017   0.0017
  weight sum                               43      148       76       61       64       24        0        0
  precision                              0.01     0.01     0.01     0.01     0.01     0.01     0.01     0.01

Histogram of JPEG Coefficients22
  mean                                 8.9767  13.0676   1.8026   1.5738   4.1719   2.8333        0        0
  std. dev.                            3.9678   7.6084   2.6259   1.7784   3.3239   6.1824   0.0017   0.0017
  weight sum                               43      148       76       61       64       24        0        0
  precision                              0.01     0.01     0.01     0.01     0.01     0.01     0.01     0.01

Histogram of JPEG Coefficients23
  mean                                17.4186  26.5811   3.6053   3.5738   8.5938      7.5        0        0
  std. dev.                            7.4373   13.371   4.2336   3.7829   6.5281  14.8885   0.0017   0.0017
  weight sum                               43      148       76       61       64       24        0        0
  precision                              0.01     0.01     0.01     0.01     0.01     0.01     0.01     0.01

Histogram of JPEG Coefficients24
  mean                                 44.814  61.9122  35.5132  37.8361  38.0625  40.6667        0        0
  std. dev.                           15.5163  18.8808  14.1324  12.7049  13.4209  17.3221   0.0017   0.0017
  weight sum                               43      148       76       61       64       24        0        0
  precision                              0.01     0.01     0.01     0.01     0.01     0.01     0.01     0.01

Histogram of JPEG Coefficients25
  mean                                 5.8837   4.3851  16.4474  18.8689    16.75    19.25        0        0
  std. dev.                            3.3909   3.6382  11.2301  10.4591   7.1019   5.3092   0.0017   0.0017
  weight sum                               43      148       76       61       64       24        0        0
  precision                              0.01     0.01     0.01     0.01     0.01     0.01     0.01     0.01

Histogram of JPEG Coefficients26
  mean                                 1.3721   2.0473   3.0789   3.2295   3.6406    4.125        0        0
  std. dev.                            1.0121   1.9149   2.4908   2.3774   3.6287   1.9856   0.0017   0.0017
  weight sum                               43      148       76       61       64       24        0        0
  precision                              0.01     0.01     0.01     0.01     0.01     0.01     0.01     0.01

Histogram of JPEG Coefficients27
  mean                                 3.5349   4.4527   0.4342   0.4098   0.6719     0.25        0        0
  std. dev.                            2.0271   4.4877   0.8481    1.077   1.0466    1.199   0.0017   0.0017
  weight sum                               43      148       76       61       64       24        0        0
  precision                              0.01     0.01     0.01     0.01     0.01     0.01     0.01     0.01

Histogram of JPEG Coefficients28
  mean                                      2   3.0473   0.4737   0.4098   0.6563   0.4167        0        0
  std. dev.                            1.3295   2.3433   0.8503    0.637   0.9556   1.2219   0.0017   0.0017
  weight sum                               43      148       76       61       64       24        0        0
  precision                              0.01     0.01     0.01     0.01     0.01     0.01     0.01     0.01

Histogram of JPEG Coefficients29
  mean                                 3.0698     4.75   0.5658   0.5082   1.2813   0.9167        0        0
  std. dev.                             1.531   3.0378   0.9506   0.8223   2.0192   1.4696   0.0017   0.0017
  weight sum                               43      148       76       61       64       24        0        0
  precision                              0.01     0.01     0.01     0.01     0.01     0.01     0.01     0.01

Histogram of JPEG Coefficients30
  mean                                 5.6279   9.4122   1.3684   1.4754   3.0156   3.2917        0        0
  std. dev.                            1.8804   5.6818   1.7535   1.7612   2.9074   6.1811   0.0017   0.0017
  weight sum                               43      148       76       61       64       24        0        0
  precision                              0.01     0.01     0.01     0.01     0.01     0.01     0.01     0.01

Histogram of JPEG Coefficients31
  mean                                13.8605  21.7365   3.6974   3.4426   9.5938    6.875        0        0
  std. dev.                            5.3552   9.5474   4.3438   4.2793    6.823   9.1893   0.0017   0.0017
  weight sum                               43      148       76       61       64       24        0        0
  precision                              0.01     0.01     0.01     0.01     0.01     0.01     0.01     0.01

Histogram of JPEG Coefficients32
  mean                                20.9535  30.4122  20.6579  20.7541  25.1094  23.6667        0        0
  std. dev.                            8.6722  13.2313  11.0389   9.0584   9.4771   6.9502   0.0017   0.0017
  weight sum                               43      148       76       61       64       24        0        0
  precision                              0.01     0.01     0.01     0.01     0.01     0.01     0.01     0.01

Histogram of JPEG Coefficients33
  mean                                 3.3721    2.527   9.3553    9.082   9.5156     10.5        0        0
  std. dev.                             2.333   2.5294   6.1424   5.4058   6.0415   3.8514   0.0017   0.0017
  weight sum                               43      148       76       61       64       24        0        0
  precision                              0.01     0.01     0.01     0.01     0.01     0.01     0.01     0.01

Histogram of JPEG Coefficients34
  mean                                 0.8605   1.2703   1.3289   0.6557   0.9531    0.875        0        0
  std. dev.                            0.8235   1.1425   3.1178   1.2131   1.6903   1.4524   0.0017   0.0017
  weight sum                               43      148       76       61       64       24        0        0
  precision                              0.01     0.01     0.01     0.01     0.01     0.01     0.01     0.01

Histogram of JPEG Coefficients35
  mean                                 1.2558   2.1351   0.2632   0.1967   0.4219   0.1667        0        0
  std. dev.                            1.2026   2.2501   0.6149   0.4729   0.7028   0.4714   0.0017   0.0017
  weight sum                               43      148       76       61       64       24        0        0
  precision                              0.01     0.01     0.01     0.01     0.01     0.01     0.01     0.01

Histogram of JPEG Coefficients36
  mean                                 2.4884   3.4932     0.25   0.3607   1.5469   0.7083        0        0
  std. dev.                            1.8847    2.898   0.5162   0.8499   1.8786   1.8366   0.0017   0.0017
  weight sum                               43      148       76       61       64       24        0        0
  precision                              0.01     0.01     0.01     0.01     0.01     0.01     0.01     0.01

Histogram of JPEG Coefficients37
  mean                                 5.6279   8.4054   0.7237   0.7049      2.5   1.1667        0        0
  std. dev.                            2.6939   4.9632   1.1192   1.1065   2.3651    1.748   0.0017   0.0017
  weight sum                               43      148       76       61       64       24        0        0
  precision                              0.01     0.01     0.01     0.01     0.01     0.01     0.01     0.01

Histogram of JPEG Coefficients38
  mean                                 5.4651   8.7297   1.8421   1.4426   5.4688    2.375        0        0
  std. dev.                            2.0837   5.0505   2.4658   1.7037   4.1381   4.1111   0.0017   0.0017
  weight sum                               43      148       76       61       64       24        0        0
  precision                              0.01     0.01     0.01     0.01     0.01     0.01     0.01     0.01

Histogram of JPEG Coefficients39
  mean                                16.4651  24.9392     3.75   3.5082  10.6094   7.5417        0        0
  std. dev.                            5.9037  10.9657   4.3472   4.0392   7.8574  10.1611   0.0017   0.0017
  weight sum                               43      148       76       61       64       24        0        0
  precision                              0.01     0.01     0.01     0.01     0.01     0.01     0.01     0.01

Histogram of JPEG Coefficients40
  mean                                16.0465  22.8716  10.5395  10.1967  10.5469  10.2917        0        0
  std. dev.                           10.1751  10.8312   6.9575   5.3526   5.9344   6.8403   0.0017   0.0017
  weight sum                               43      148       76       61       64       24        0        0
  precision                              0.01     0.01     0.01     0.01     0.01     0.01     0.01     0.01

Histogram of JPEG Coefficients41
  mean                                 2.2093   3.1081   1.9342   1.7377   2.0938   1.0833        0        0
  std. dev.                            1.4716   2.8407   2.3694   1.8279   3.3574   1.3514   0.0017   0.0017
  weight sum                               43      148       76       61       64       24        0        0
  precision                              0.01     0.01     0.01     0.01     0.01     0.01     0.01     0.01

Histogram of JPEG Coefficients42
  mean                                 2.0698   3.0541   0.3421   0.3115   0.9063   0.5417        0        0
  std. dev.                             1.469   2.2625   0.6987   0.5879   1.2339   0.9119   0.0017   0.0017
  weight sum                               43      148       76       61       64       24        0        0
  precision                              0.01     0.01     0.01     0.01     0.01     0.01     0.01     0.01

Histogram of JPEG Coefficients43
  mean                                 1.5814   2.9257   0.3553   0.2459   1.1719   0.5833        0        0
  std. dev.                            0.9458   2.6562   0.8224    0.501   1.4313   1.2219   0.0017   0.0017
  weight sum                               43      148       76       61       64       24        0        0
  precision                              0.01     0.01     0.01     0.01     0.01     0.01     0.01     0.01

Histogram of JPEG Coefficients44
  mean                                 3.2558   5.1892   0.4079   0.4098   1.6719    1.125        0        0
  std. dev.                            2.0242   3.1373   0.8457   0.6866   1.9926   2.3684   0.0017   0.0017
  weight sum                               43      148       76       61       64       24        0        0
  precision                              0.01     0.01     0.01     0.01     0.01     0.01     0.01     0.01

Histogram of JPEG Coefficients45
  mean                                 4.7907   7.3919   1.0526   0.9344   3.3906   1.2917        0        0
  std. dev.                            2.3581   4.7243   1.4317   1.4471   2.7535    2.761   0.0017   0.0017
  weight sum                               43      148       76       61       64       24        0        0
  precision                              0.01     0.01     0.01     0.01     0.01     0.01     0.01     0.01

Histogram of JPEG Coefficients46
  mean                                20.6744  25.2905   2.4211   2.1311   7.4219   5.4167        0        0
  std. dev.                           10.8386  14.2607   2.9212   2.6518   5.3875   7.0233   0.0017   0.0017
  weight sum                               43      148       76       61       64       24        0        0
  precision                              0.01     0.01     0.01     0.01     0.01     0.01     0.01     0.01

Histogram of JPEG Coefficients47
  mean                                16.0233  24.8919   4.0921   4.5246  16.7031   8.5833        0        0
  std. dev.                             4.653  11.1544   4.7105   4.6398   9.2815  12.1652   0.0017   0.0017
  weight sum                               43      148       76       61       64       24        0        0
  precision                              0.01     0.01     0.01     0.01     0.01     0.01     0.01     0.01

Histogram of JPEG Coefficients48
  mean                                 9.7442  15.2297   4.9737    5.918   6.7188     6.75        0        0
  std. dev.                            6.4847   9.8242   4.4985   7.2458   5.0974   4.8584   0.0017   0.0017
  weight sum                               43      148       76       61       64       24        0        0
  precision                              0.01     0.01     0.01     0.01     0.01     0.01     0.01     0.01

Histogram of JPEG Coefficients49
  mean                                 2.5116   3.8784   1.4342   1.5902   2.4219        2        0        0
  std. dev.                            1.6048   2.9106   1.9956   2.0596   2.6564   2.0817   0.0017   0.0017
  weight sum                               43      148       76       61       64       24        0        0
  precision                              0.01     0.01     0.01     0.01     0.01     0.01     0.01     0.01

Histogram of JPEG Coefficients50
  mean                                 2.6512   4.5676   1.1842   0.8197   2.0625   1.7083        0        0
  std. dev.                            1.5683   3.1326   1.6758   1.4655    2.331   3.5294   0.0017   0.0017
  weight sum                               43      148       76       61       64       24        0        0
  precision                              0.01     0.01     0.01     0.01     0.01     0.01     0.01     0.01

Histogram of JPEG Coefficients51
  mean                                 3.1395   4.7703   0.9474    0.918   2.8438   2.0417        0        0
  std. dev.                            1.8247   3.2217   1.4859   1.4291   3.1485   5.0206   0.0017   0.0017
  weight sum                               43      148       76       61       64       24        0        0
  precision                              0.01     0.01     0.01     0.01     0.01     0.01     0.01     0.01

Histogram of JPEG Coefficients52
  mean                                  3.814   6.0946   1.1842   1.2623   5.0781     2.25        0        0
  std. dev.                            1.9078   4.1855   1.8332   1.5775   3.9934   3.5853   0.0017   0.0017
  weight sum                               43      148       76       61       64       24        0        0
  precision                              0.01     0.01     0.01     0.01     0.01     0.01     0.01     0.01

Histogram of JPEG Coefficients53
  mean                                14.3953  19.6284   1.7368   1.8361     6.75   3.9167        0        0
  std. dev.                             7.218  10.4055   2.1544   1.9768   5.4228   6.5759   0.0017   0.0017
  weight sum                               43      148       76       61       64       24        0        0
  precision                              0.01     0.01     0.01     0.01     0.01     0.01     0.01     0.01

Histogram of JPEG Coefficients54
  mean                                11.6047  17.0743   4.2105   3.7869  15.4531   7.0833        0        0
  std. dev.                            4.5091   8.2044   4.6292   4.2739  10.8468  10.4719   0.0017   0.0017
  weight sum                               43      148       76       61       64       24        0        0
  precision                              0.01     0.01     0.01     0.01     0.01     0.01     0.01     0.01

Histogram of JPEG Coefficients55
  mean                                20.7907  34.3176   7.0658   6.7377  24.7813  13.4167        0        0
  std. dev.                            5.5972  14.4128   7.2154   7.3125  14.6495  17.1292   0.0017   0.0017
  weight sum                               43      148       76       61       64       24        0        0
  precision                              0.01     0.01     0.01     0.01     0.01     0.01     0.01     0.01

Histogram of JPEG Coefficients56
  mean                                33.3256  44.4122   3.2632   3.5246   6.4219   3.5417        0        0
  std. dev.                           20.5864  22.9267     4.75   4.2023   8.9264   5.1557   0.0017   0.0017
  weight sum                               43      148       76       61       64       24        0        0
  precision                              0.01     0.01     0.01     0.01     0.01     0.01     0.01     0.01

Histogram of JPEG Coefficients57
  mean                                 5.1628   8.4595   2.6711   3.0164     6.75   6.5417        0        0
  std. dev.                            2.6844   4.7667   3.7919   4.0102   6.7291   9.5742   0.0017   0.0017
  weight sum                               43      148       76       61       64       24        0        0
  precision                              0.01     0.01     0.01     0.01     0.01     0.01     0.01     0.01

Histogram of JPEG Coefficients58
  mean                                 7.7209  11.1892   2.5789   2.5738    7.375   5.7083        0        0
  std. dev.                            3.2373   6.1472   3.3766   3.1177    6.795  11.6457   0.0017   0.0017
  weight sum                               43      148       76       61       64       24        0        0
  precision                              0.01     0.01     0.01     0.01     0.01     0.01     0.01     0.01

Histogram of JPEG Coefficients59
  mean                                 6.7209  10.3649   2.7368   2.8197   8.7813   3.7917        0        0
  std. dev.                            2.8229   5.5643   3.2982   3.3609   7.5818   4.9915   0.0017   0.0017
  weight sum                               43      148       76       61       64       24        0        0
  precision                              0.01     0.01     0.01     0.01     0.01     0.01     0.01     0.01

Histogram of JPEG Coefficients60
  mean                                 9.9535       15   3.1184   2.8033  11.2188    6.875        0        0
  std. dev.                            3.6533   7.4362   3.5908   3.5474   8.5686  10.3171   0.0017   0.0017
  weight sum                               43      148       76       61       64       24        0        0
  precision                              0.01     0.01     0.01     0.01     0.01     0.01     0.01     0.01

Histogram of JPEG Coefficients61
  mean                                 9.2326  13.8986   3.3158   4.0164  13.0625   5.5417        0        0
  std. dev.                            3.4293   6.8445   3.6606   4.1231   8.3645   6.8555   0.0017   0.0017
  weight sum                               43      148       76       61       64       24        0        0
  precision                              0.01     0.01     0.01     0.01     0.01     0.01     0.01     0.01

Histogram of JPEG Coefficients62
  mean                                15.8372  24.2027   6.4474   6.1148  20.4844  10.3333        0        0
  std. dev.                            6.5554  12.1327   6.2585   6.7584  12.3022  12.6513   0.0017   0.0017
  weight sum                               43      148       76       61       64       24        0        0
  precision                              0.01     0.01     0.01     0.01     0.01     0.01     0.01     0.01

Histogram of JPEG Coefficients63
  mean                                27.7209  45.2703  11.7895  11.4098  34.5781  21.9583        0        0
  std. dev.                            8.6167  20.6256  11.5648   10.565  20.6525  22.3373   0.0017   0.0017
  weight sum                               43      148       76       61       64       24        0        0
  precision                              0.01     0.01     0.01     0.01     0.01     0.01     0.01     0.01

Histogram of JPEG Coefficients64
  mean                               158.0233 137.9932  58.2895  87.5082  40.4531  20.4167        0        0
  std. dev.                           79.1664  92.3849  53.2867  76.6819  62.0128   21.156   0.0017   0.0017
  weight sum                               43      148       76       61       64       24        0        0
  precision                              0.01     0.01     0.01     0.01     0.01     0.01     0.01     0.01

Histogram of JPEG Coefficients65
  mean                               229.7209 211.3243 221.9605 234.4426 247.6875      255        0        0
  std. dev.                           40.0031  42.4662  72.9364  51.6535   16.749   0.0017   0.0017   0.0017
  weight sum                               43      148       76       61       64       24        0        0
  precision                              0.01     0.01     0.01     0.01     0.01     0.01     0.01     0.01

Histogram of JPEG Coefficients66
  mean                                95.8837  73.3176  91.5789 111.1148 138.5469 150.9167        0        0
  std. dev.                           24.8981  33.4258  46.0741  34.9647  29.6769  16.4467   0.0017   0.0017
  weight sum                               43      148       76       61       64       24        0        0
  precision                              0.01     0.01     0.01     0.01     0.01     0.01     0.01     0.01

Histogram of JPEG Coefficients67
  mean                                68.9302  63.0405  24.4211  39.6721  50.7344  59.3333        0        0
  std. dev.                           18.0521  27.8339  22.1165  27.9717  19.3207  15.2033   0.0017   0.0017
  weight sum                               43      148       76       61       64       24        0        0
  precision                              0.01     0.01     0.01     0.01     0.01     0.01     0.01     0.01

Histogram of JPEG Coefficients68
  mean                                70.4651  59.3446  18.0789  34.7213  24.3438  17.7083        0        0
  std. dev.                           15.6493  24.1562  15.8677  30.5593  23.3975  15.3771   0.0017   0.0017
  weight sum                               43      148       76       61       64       24        0        0
  precision                              0.01     0.01     0.01     0.01     0.01     0.01     0.01     0.01

Histogram of JPEG Coefficients69
  mean                                97.3256  93.1149  24.1184  37.3934   20.875     13.5        0        0
  std. dev.                           22.4755  33.0359  22.5307  38.6028  23.1216  10.6223   0.0017   0.0017
  weight sum                               43      148       76       61       64       24        0        0
  precision                              0.01     0.01     0.01     0.01     0.01     0.01     0.01     0.01

Histogram of JPEG Coefficients70
  mean                                92.9767    91.25  34.9868   47.541  28.7031  22.0417        0        0
  std. dev.                           21.4438  31.7298  41.0659  41.8606  28.4499  13.6427   0.0017   0.0017
  weight sum                               43      148       76       61       64       24        0        0
  precision                              0.01     0.01     0.01     0.01     0.01     0.01     0.01     0.01

Histogram of JPEG Coefficients71
  mean                                186.093 203.4662    51.25  70.0656  48.4219    47.25        0        0
  std. dev.                           52.0754   51.529  28.8153  57.8451  37.7077  24.2989   0.0017   0.0017
  weight sum                               43      148       76       61       64       24        0        0
  precision                              0.01     0.01     0.01     0.01     0.01     0.01     0.01     0.01

Histogram of JPEG Coefficients72
  mean                               113.1395 141.7568 141.8026 129.7377 188.8281    196.5        0        0
  std. dev.                           53.9153  72.3403  64.7404  52.3494  44.4988  21.0278   0.0017   0.0017
  weight sum                               43      148       76       61       64       24        0        0
  precision                              0.01     0.01     0.01     0.01     0.01     0.01     0.01     0.01

Histogram of JPEG Coefficients73
  mean                                44.8605  30.9392  94.9474  85.8689 177.4844   176.25        0        0
  std. dev.                           27.5661  28.1697  52.4417  54.2261  37.7847   41.117   0.0017   0.0017
  weight sum                               43      148       76       61       64       24        0        0
  precision                              0.01     0.01     0.01     0.01     0.01     0.01     0.01     0.01

Histogram of JPEG Coefficients74
  mean                                 1.9535   1.3986  23.8289  20.6885  78.3125  59.7917        0        0
  std. dev.                             1.446    1.384  22.3915  17.6427  48.3111  15.9321   0.0017   0.0017
  weight sum                               43      148       76       61       64       24        0        0
  precision                              0.01     0.01     0.01     0.01     0.01     0.01     0.01     0.01

Histogram of JPEG Coefficients75
  mean                                 5.4419   5.1892   1.7237    2.623    4.875     1.25        0        0
  std. dev.                            2.4806   3.8701    5.944   5.3902   7.7832   1.4506   0.0017   0.0017
  weight sum                               43      148       76       61       64       24        0        0
  precision                              0.01     0.01     0.01     0.01     0.01     0.01     0.01     0.01

Histogram of JPEG Coefficients76
  mean                                14.2093  12.4932   4.6447   5.7869     3.75   2.3333        0        0
  std. dev.                            5.8927   5.4865   6.5327   6.6533   3.8931   2.4944   0.0017   0.0017
  weight sum                               43      148       76       61       64       24        0        0
  precision                              0.01     0.01     0.01     0.01     0.01     0.01     0.01     0.01

Histogram of JPEG Coefficients77
  mean                                29.7674  29.2905  10.1053  13.2787   5.0938    5.125        0        0
  std. dev.                           12.1748   12.549  15.3696  12.0533    3.782   2.1078   0.0017   0.0017
  weight sum                               43      148       76       61       64       24        0        0
  precision                              0.01     0.01     0.01     0.01     0.01     0.01     0.01     0.01

Histogram of JPEG Coefficients78
  mean                                30.9535  33.0405  23.9342  22.2459   17.625  16.6667        0        0
  std. dev.                           10.1888  14.1096  26.5371   16.728  11.8566   6.9442   0.0017   0.0017
  weight sum                               43      148       76       61       64       24        0        0
  precision                              0.01     0.01     0.01     0.01     0.01     0.01     0.01     0.01

Histogram of JPEG Coefficients79
  mean                                88.2791  99.8041  57.5526  47.7869  36.4375  32.9167        0        0
  std. dev.                           31.0433  31.4683  45.8936  28.6025  19.6746   7.9053   0.0017   0.0017
  weight sum                               43      148       76       61       64       24        0        0
  precision                              0.01     0.01     0.01     0.01     0.01     0.01     0.01     0.01

Histogram of JPEG Coefficients80
  mean                                25.6512  27.9122  40.7763  41.7705 100.2656  97.5833        0        0
  std. dev.                           17.1381  20.3214  29.0166  24.4483  27.3206   21.428   0.0017   0.0017
  weight sum                               43      148       76       61       64       24        0        0
  precision                              0.01     0.01     0.01     0.01     0.01     0.01     0.01     0.01

Histogram of JPEG Coefficients81
  mean                                 1.1163   0.8784  14.6842  20.6885  67.5156  53.4583        0        0
  std. dev.                            1.0164   1.1906  14.3401   28.777  30.1164  15.5509   0.0017   0.0017
  weight sum                               43      148       76       61       64       24        0        0
  precision                              0.01     0.01     0.01     0.01     0.01     0.01     0.01     0.01

Histogram of JPEG Coefficients82
  mean                                 0.3023   0.3649   1.3947   3.3607  23.1563   7.5417        0        0
  std. dev.                            0.5074   0.7547   6.5294   8.3529  19.1427   4.7432   0.0017   0.0017
  weight sum                               43      148       76       61       64       24        0        0
  precision                              0.01     0.01     0.01     0.01     0.01     0.01     0.01     0.01

Histogram of JPEG Coefficients83
  mean                                 3.0698   3.5608   2.0526   2.8689   1.9531        1        0        0
  std. dev.                            2.1716    2.428   3.9666   5.9243   2.2737   1.1902   0.0017   0.0017
  weight sum                               43      148       76       61       64       24        0        0
  precision                              0.01     0.01     0.01     0.01     0.01     0.01     0.01     0.01

Histogram of JPEG Coefficients84
  mean                                 8.7209   9.6284   8.6579   4.3115   3.5781   3.0833        0        0
  std. dev.                            4.3739   6.0931  18.2624   4.1589   3.3718   1.6309   0.0017   0.0017
  weight sum                               43      148       76       61       64       24        0        0
  precision                              0.01     0.01     0.01     0.01     0.01     0.01     0.01     0.01

Histogram of JPEG Coefficients85
  mean                                14.7442  16.7095  10.1711  10.2787   5.9375      4.5        0        0
  std. dev.                            5.7145   7.5286  13.1393  11.8586   4.7889   2.8431   0.0017   0.0017
  weight sum                               43      148       76       61       64       24        0        0
  precision                              0.01     0.01     0.01     0.01     0.01     0.01     0.01     0.01

Histogram of JPEG Coefficients86
  mean                                22.3023  26.4527  28.1053  21.9016  16.9375   16.625        0        0
  std. dev.                            7.6752  10.0689  31.4176  14.1973   10.802   8.1487   0.0017   0.0017
  weight sum                               43      148       76       61       64       24        0        0
  precision                              0.01     0.01     0.01     0.01     0.01     0.01     0.01     0.01

Histogram of JPEG Coefficients87
  mean                                69.7907   80.277  47.6184  44.1639  35.8125  33.5417        0        0
  std. dev.                           26.1245  27.6224  36.9434  26.5529  16.3333   6.3704   0.0017   0.0017
  weight sum                               43      148       76       61       64       24        0        0
  precision                              0.01     0.01     0.01     0.01     0.01     0.01     0.01     0.01

Histogram of JPEG Coefficients88
  mean                                16.7209  22.7432   4.6711  11.8197  28.0625  34.2083        0        0
  std. dev.                           10.7904  11.7807   7.7483  12.4341  15.5873  13.3135   0.0017   0.0017
  weight sum                               43      148       76       61       64       24        0        0
  precision                              0.01     0.01     0.01     0.01     0.01     0.01     0.01     0.01

Histogram of JPEG Coefficients89
  mean                                 3.4419   2.7635   1.3553   1.1803    4.375   0.7083        0        0
  std. dev.                            1.7561   2.3405   4.8087   1.7972   5.4328   1.4283   0.0017   0.0017
  weight sum                               43      148       76       61       64       24        0        0
  precision                              0.01     0.01     0.01     0.01     0.01     0.01     0.01     0.01

Histogram of JPEG Coefficients90
  mean                                 1.9535   2.6014   1.3421   1.0164   1.2344   0.4583        0        0
  std. dev.                            1.5089   2.2831   2.8495   1.4428   1.7024   0.7626   0.0017   0.0017
  weight sum                               43      148       76       61       64       24        0        0
  precision                              0.01     0.01     0.01     0.01     0.01     0.01     0.01     0.01

Histogram of JPEG Coefficients91
  mean                                 6.8605   8.3243   3.9211   3.3115   1.9531   1.4167        0        0
  std. dev.                            3.2175   4.9227   7.4864   7.2802   2.0572   1.1149   0.0017   0.0017
  weight sum                               43      148       76       61       64       24        0        0
  precision                              0.01     0.01     0.01     0.01     0.01     0.01     0.01     0.01

Histogram of JPEG Coefficients92
  mean                                14.5814  15.5068   8.8026   5.1967      2.5    2.375        0        0
  std. dev.                            7.3429  10.3542  29.4033   8.9017   2.4559   1.1837   0.0017   0.0017
  weight sum                               43      148       76       61       64       24        0        0
  precision                              0.01     0.01     0.01     0.01     0.01     0.01     0.01     0.01

Histogram of JPEG Coefficients93
  mean                                13.6512   15.973  10.2237   8.6885   5.3594        5        0        0
  std. dev.                            6.3535   8.2257  11.2818   9.0237   3.7348   2.1016   0.0017   0.0017
  weight sum                               43      148       76       61       64       24        0        0
  precision                              0.01     0.01     0.01     0.01     0.01     0.01     0.01     0.01

Histogram of JPEG Coefficients94
  mean                                18.1628  22.5608  24.7237   15.377  13.7656    9.125        0        0
  std. dev.                            6.6715  10.4204  26.4414  11.6227   9.5259   3.0864   0.0017   0.0017
  weight sum                               43      148       76       61       64       24        0        0
  precision                              0.01     0.01     0.01     0.01     0.01     0.01     0.01     0.01

Histogram of JPEG Coefficients95
  mean                                54.3023  66.7365  61.8421  47.2295  34.3594   27.625        0        0
  std. dev.                           17.1119   24.188  57.6943  32.9099  18.7436   8.3507   0.0017   0.0017
  weight sum                               43      148       76       61       64       24        0        0
  precision                              0.01     0.01     0.01     0.01     0.01     0.01     0.01     0.01

Histogram of JPEG Coefficients96
  mean                                15.0233  19.3919   3.1974   6.4918  11.4531   9.2083        0        0
  std. dev.                            7.2352   9.7583   4.6652   9.9731   9.3957   8.5925   0.0017   0.0017
  weight sum                               43      148       76       61       64       24        0        0
  precision                              0.01     0.01     0.01     0.01     0.01     0.01     0.01     0.01

Histogram of JPEG Coefficients97
  mean                                11.4651   9.0676   1.7632   2.8033   1.6719   0.7083        0        0
  std. dev.                            6.2927   6.3721   3.8589   4.3299   1.9207   0.8406   0.0017   0.0017
  weight sum                               43      148       76       61       64       24        0        0
  precision                              0.01     0.01     0.01     0.01     0.01     0.01     0.01     0.01

Histogram of JPEG Coefficients98
  mean                                 2.2093   2.1216   1.6053   1.8852   1.4063   0.9583        0        0
  std. dev.                            1.6219    2.313   2.8148   2.2623   1.3661   1.0985   0.0017   0.0017
  weight sum                               43      148       76       61       64       24        0        0
  precision                              0.01     0.01     0.01     0.01     0.01     0.01     0.01     0.01

Histogram of JPEG Coefficients99
  mean                                 2.6279   3.1622   3.3289   3.1639   1.8594     1.25        0        0
  std. dev.                            1.5405   2.2543   8.3278   4.5922   2.2141   1.3307   0.0017   0.0017
  weight sum                               43      148       76       61       64       24        0        0
  precision                              0.01     0.01     0.01     0.01     0.01     0.01     0.01     0.01

Histogram of JPEG Coefficients100
  mean                                 7.5349   8.0676   8.7105   5.5246   4.5469    3.875        0        0
  std. dev.                            3.4123    5.009  12.3776   7.4231   3.0048     1.81   0.0017   0.0017
  weight sum                               43      148       76       61       64       24        0        0
  precision                              0.01     0.01     0.01     0.01     0.01     0.01     0.01     0.01

Histogram of JPEG Coefficients101
  mean                                 8.7442  10.0338  12.8816   8.2623   6.0313   6.0417        0        0
  std. dev.                            4.2705   5.7333  15.6734     8.01   4.2609   2.3713   0.0017   0.0017
  weight sum                               43      148       76       61       64       24        0        0
  precision                              0.01     0.01     0.01     0.01     0.01     0.01     0.01     0.01

Histogram of JPEG Coefficients102
  mean                                19.8837  21.9595  24.1711  22.8197    14.75   11.875        0        0
  std. dev.                            8.6218  10.0067  27.2823  16.6994   9.5721   3.8548   0.0017   0.0017
  weight sum                               43      148       76       61       64       24        0        0
  precision                              0.01     0.01     0.01     0.01     0.01     0.01     0.01     0.01

Histogram of JPEG Coefficients103
  mean                                55.7209  73.9324  55.4605  41.8852  33.5938  33.0417        0        0
  std. dev.                           21.1477  27.9257  43.5952    26.53  16.0689  10.4182   0.0017   0.0017
  weight sum                               43      148       76       61       64       24        0        0
  precision                              0.01     0.01     0.01     0.01     0.01     0.01     0.01     0.01

Histogram of JPEG Coefficients104
  mean                                38.5814  43.3649   4.2368  10.2787   9.1094   8.0417        0        0
  std. dev.                           20.6997  20.9562   5.3234    17.97  10.0469    5.748   0.0017   0.0017
  weight sum                               43      148       76       61       64       24        0        0
  precision                              0.01     0.01     0.01     0.01     0.01     0.01     0.01     0.01

Histogram of JPEG Coefficients105
  mean                                10.4651   9.7568   4.2368   3.6393   2.7813   1.5833        0        0
  std. dev.                             4.929   5.8026   7.3069   3.6977   2.5768   0.9538   0.0017   0.0017
  weight sum                               43      148       76       61       64       24        0        0
  precision                              0.01     0.01     0.01     0.01     0.01     0.01     0.01     0.01

Histogram of JPEG Coefficients106
  mean                                  3.186   4.0068   4.3026   4.4754   3.6875   3.5833        0        0
  std. dev.                            1.8833   3.1697   5.5394   4.8742   4.2495   1.8911   0.0017   0.0017
  weight sum                               43      148       76       61       64       24        0        0
  precision                              0.01     0.01     0.01     0.01     0.01     0.01     0.01     0.01

Histogram of JPEG Coefficients107
  mean                                 5.4651   7.3311   5.6447   4.8689     3.25    1.875        0        0
  std. dev.                            3.0602   4.7724   7.7573   5.9077   2.9101   1.2353   0.0017   0.0017
  weight sum                               43      148       76       61       64       24        0        0
  precision                              0.01     0.01     0.01     0.01     0.01     0.01     0.01     0.01

Histogram of JPEG Coefficients108
  mean                                 4.4651   4.9392   7.6447   6.5738   3.9531   3.1667        0        0
  std. dev.                            2.3757   3.8047  10.9805   7.6232    2.907   1.4044   0.0017   0.0017
  weight sum                               43      148       76       61       64       24        0        0
  precision                              0.01     0.01     0.01     0.01     0.01     0.01     0.01     0.01

Histogram of JPEG Coefficients109
  mean                                11.1163  12.6622  21.3947  13.3279  11.1094   9.9167        0        0
  std. dev.                            5.5957   7.0198  23.3768   8.9712   6.5482   4.5361   0.0017   0.0017
  weight sum                               43      148       76       61       64       24        0        0
  precision                              0.01     0.01     0.01     0.01     0.01     0.01     0.01     0.01

Histogram of JPEG Coefficients110
  mean                                15.8605  17.8514       33  23.7049  19.3906  18.7917        0        0
  std. dev.                            6.6177   9.4012  33.9954  17.4791   8.9523   5.2992   0.0017   0.0017
  weight sum                               43      148       76       61       64       24        0        0
  precision                              0.01     0.01     0.01     0.01     0.01     0.01     0.01     0.01

Histogram of JPEG Coefficients111
  mean                                43.7442   50.777  56.9342  52.8689  36.4531  31.5833        0        0
  std. dev.                           21.7866  18.9344  43.2326  37.9134  16.6883   6.9876   0.0017   0.0017
  weight sum                               43      148       76       61       64       24        0        0
  precision                              0.01     0.01     0.01     0.01     0.01     0.01     0.01     0.01

Histogram of JPEG Coefficients112
  mean                                43.4419  44.7432   9.6842  11.0656  15.5938   11.125        0        0
  std. dev.                           37.8204  23.0906  13.3241  12.5383  16.5621   8.5211   0.0017   0.0017
  weight sum                               43      148       76       61       64       24        0        0
  precision                              0.01     0.01     0.01     0.01     0.01     0.01     0.01     0.01

Histogram of JPEG Coefficients113
  mean                                11.7907  11.5405  10.0789   8.8525   7.8125   6.3333        0        0
  std. dev.                            5.1243   6.4372  11.7471  12.0801   7.1652   3.6705   0.0017   0.0017
  weight sum                               43      148       76       61       64       24        0        0
  precision                              0.01     0.01     0.01     0.01     0.01     0.01     0.01     0.01

Histogram of JPEG Coefficients114
  mean                                 6.0698   8.0405  13.2237   8.3443   9.5938        8        0        0
  std. dev.                            3.1725   5.1765  29.9862   6.9327   7.1496   3.1623   0.0017   0.0017
  weight sum                               43      148       76       61       64       24        0        0
  precision                              0.01     0.01     0.01     0.01     0.01     0.01     0.01     0.01

Histogram of JPEG Coefficients115
  mean                                      9   9.8041  11.1711  11.5574   9.7969   7.1667        0        0
  std. dev.                            5.0716   5.8548  10.7708  11.8273   6.1851    4.543   0.0017   0.0017
  weight sum                               43      148       76       61       64       24        0        0
  precision                              0.01     0.01     0.01     0.01     0.01     0.01     0.01     0.01

Histogram of JPEG Coefficients116
  mean                                 8.3953   9.6892  20.2237       14  11.4063        9        0        0
  std. dev.                            4.4729   5.8723  26.3756  13.8966   8.2495   3.2404   0.0017   0.0017
  weight sum                               43      148       76       61       64       24        0        0
  precision                              0.01     0.01     0.01     0.01     0.01     0.01     0.01     0.01

Histogram of JPEG Coefficients117
  mean                                12.3256  12.6892  26.5263  22.9836  16.4375  16.4167        0        0
  std. dev.                            6.6288   7.1828  21.8503  20.0053  11.2123   4.9659   0.0017   0.0017
  weight sum                               43      148       76       61       64       24        0        0
  precision                              0.01     0.01     0.01     0.01     0.01     0.01     0.01     0.01

Histogram of JPEG Coefficients118
  mean                                17.6047  20.8243  43.3289  43.7541  31.9688  30.5417        0        0
  std. dev.                            8.6027  12.4844  36.3193  32.4157  17.2055   8.3864   0.0017   0.0017
  weight sum                               43      148       76       61       64       24        0        0
  precision                              0.01     0.01     0.01     0.01     0.01     0.01     0.01     0.01

Histogram of JPEG Coefficients119
  mean                                39.4186  46.8851  74.7632  65.2787  55.1875       46        0        0
  std. dev.                           19.8251  21.3049  54.6931  41.0354  24.2157  11.2361   0.0017   0.0017
  weight sum                               43      148       76       61       64       24        0        0
  precision                              0.01     0.01     0.01     0.01     0.01     0.01     0.01     0.01

Histogram of JPEG Coefficients120
  mean                                66.3256  78.0068  17.4474  27.7049  25.6094   23.125        0        0
  std. dev.                           43.6507  34.8352  17.2615   30.642  23.8698  19.0642   0.0017   0.0017
  weight sum                               43      148       76       61       64       24        0        0
  precision                              0.01     0.01     0.01     0.01     0.01     0.01     0.01     0.01

Histogram of JPEG Coefficients121
  mean                                16.1628  21.3108  25.2632  21.2623  17.7656    16.25        0        0
  std. dev.                            7.8501  11.4478  23.5396  16.5726  11.4901     6.24   0.0017   0.0017
  weight sum                               43      148       76       61       64       24        0        0
  precision                              0.01     0.01     0.01     0.01     0.01     0.01     0.01     0.01

Histogram of JPEG Coefficients122
  mean                                15.5116  17.8919  30.4605  26.3115  20.7344  17.0417        0        0
  std. dev.                            7.9486   8.0523  32.8026  20.2319  11.0669   5.7262   0.0017   0.0017
  weight sum                               43      148       76       61       64       24        0        0
  precision                              0.01     0.01     0.01     0.01     0.01     0.01     0.01     0.01

Histogram of JPEG Coefficients123
  mean                                15.9302  18.3243  34.6184  27.3934  19.5469  15.8333        0        0
  std. dev.                            7.6261   8.7164  33.9209  24.8321  10.3952   2.5111   0.0017   0.0017
  weight sum                               43      148       76       61       64       24        0        0
  precision                              0.01     0.01     0.01     0.01     0.01     0.01     0.01     0.01

Histogram of JPEG Coefficients124
  mean                                 20.814  23.5338  36.7237  26.1967   23.375  19.9583        0        0
  std. dev.                            9.2466  13.3272  35.8545  16.6515  12.5965   6.1946   0.0017   0.0017
  weight sum                               43      148       76       61       64       24        0        0
  precision                              0.01     0.01     0.01     0.01     0.01     0.01     0.01     0.01

Histogram of JPEG Coefficients125
  mean                                19.5581  21.7973  44.0658  39.1311  27.4688  25.0833        0        0
  std. dev.                           11.9501  12.6672  29.7292  23.7538  10.8986   6.8491   0.0017   0.0017
  weight sum                               43      148       76       61       64       24        0        0
  precision                              0.01     0.01     0.01     0.01     0.01     0.01     0.01     0.01

Histogram of JPEG Coefficients126
  mean                                24.0698  25.2635  65.4342  57.7869  44.7188     39.5        0        0
  std. dev.                           10.9595  14.3618  50.7948  40.4354  14.6218   8.3964   0.0017   0.0017
  weight sum                               43      148       76       61       64       24        0        0
  precision                              0.01     0.01     0.01     0.01     0.01     0.01     0.01     0.01

Histogram of JPEG Coefficients127
  mean                                47.8605       59 101.1447  96.1311  73.7969   60.375        0        0
  std. dev.                           20.5184  27.7579  61.9348  57.9481  28.2136  11.9122   0.0017   0.0017
  weight sum                               43      148       76       61       64       24        0        0
  precision                              0.01     0.01     0.01     0.01     0.01     0.01     0.01     0.01

Histogram of JPEG Coefficients128
  mean                               156.5349 122.3716  35.6053  59.9508  39.6719  33.9167        0        0
  std. dev.                           85.3241  89.9097  36.4335  56.1364  56.6566  27.5044   0.0017   0.0017
  weight sum                               43      148       76       61       64       24        0        0
  precision                              0.01     0.01     0.01     0.01     0.01     0.01     0.01     0.01

Histogram of JPEG Coefficients129
  mean                               240.5814 234.9392 218.1053 235.1148 250.4063    253.5        0        0
  std. dev.                            32.901  31.9081  76.1843   54.671  15.5058   4.9749   0.0017   0.0017
  weight sum                               43      148       76       61       64       24        0        0
  precision                              0.01     0.01     0.01     0.01     0.01     0.01     0.01     0.01

Histogram of JPEG Coefficients130
  mean                                98.2791  79.7365 119.3947  135.377 143.8281 157.8333        0        0
  std. dev.                           22.4782  31.0878  55.7615  50.3102  24.3994    38.05   0.0017   0.0017
  weight sum                               43      148       76       61       64       24        0        0
  precision                              0.01     0.01     0.01     0.01     0.01     0.01     0.01     0.01

Histogram of JPEG Coefficients131
  mean                                72.1628  64.3378  39.9474  49.2787  51.7969   47.125        0        0
  std. dev.                           17.8077   25.482  30.5794  29.8022  26.1768  15.2269   0.0017   0.0017
  weight sum                               43      148       76       61       64       24        0        0
  precision                              0.01     0.01     0.01     0.01     0.01     0.01     0.01     0.01

Histogram of JPEG Coefficients132
  mean                                68.4186   57.777  11.4868  21.8197  30.5469  20.9583        0        0
  std. dev.                           16.0003   23.144  10.8488  19.5804  22.6357  12.9502   0.0017   0.0017
  weight sum                               43      148       76       61       64       24        0        0
  precision                              0.01     0.01     0.01     0.01     0.01     0.01     0.01     0.01

Histogram of JPEG Coefficients133
  mean                                98.4419  94.3784  10.4868  21.8361  19.7344     22.5        0        0
  std. dev.                           23.5503  33.0271  11.6274  22.8051  21.0589  16.4494   0.0017   0.0017
  weight sum                               43      148       76       61       64       24        0        0
  precision                              0.01     0.01     0.01     0.01     0.01     0.01     0.01     0.01

Histogram of JPEG Coefficients134
  mean                                 90.186  83.0541    17.75  27.9508  31.7969  37.0417        0        0
  std. dev.                           23.0492  30.2082  27.3352  25.4194  30.2945  19.7473   0.0017   0.0017
  weight sum                               43      148       76       61       64       24        0        0
  precision                              0.01     0.01     0.01     0.01     0.01     0.01     0.01     0.01

Histogram of JPEG Coefficients135
  mean                               166.6512 164.3649  31.2632  43.1148       51  78.7917        0        0
  std. dev.                           46.7934  55.0598  36.7937  35.2183  43.8242  45.0157   0.0017   0.0017
  weight sum                               43      148       76       61       64       24        0        0
  precision                              0.01     0.01     0.01     0.01     0.01     0.01     0.01     0.01

Histogram of JPEG Coefficients136
  mean                               121.3488 161.0473 154.8421 151.9344 183.6094  191.125        0        0
  std. dev.                           57.7198  70.5828  66.4344  45.8568  31.7006  33.3533   0.0017   0.0017
  weight sum                               43      148       76       61       64       24        0        0
  precision                              0.01     0.01     0.01     0.01     0.01     0.01     0.01     0.01

Histogram of JPEG Coefficients137
  mean                                44.9535  46.6149 139.3289 137.6557 190.3594  168.875        0        0
  std. dev.                           25.9901  31.4556  66.3742  56.9259   34.334  49.3612   0.0017   0.0017
  weight sum                               43      148       76       61       64       24        0        0
  precision                              0.01     0.01     0.01     0.01     0.01     0.01     0.01     0.01

Histogram of JPEG Coefficients138
  mean                                 1.6279   1.8311  50.4342  47.7049  78.3594  53.7083        0        0
  std. dev.                              1.51   2.7739  42.3321  35.3017  41.6595  22.7623   0.0017   0.0017
  weight sum                               43      148       76       61       64       24        0        0
  precision                              0.01     0.01     0.01     0.01     0.01     0.01     0.01     0.01

Histogram of JPEG Coefficients139
  mean                                 4.6279   5.0338   0.3947    1.459    7.875   1.5833        0        0
  std. dev.                            2.3921   3.6603   0.8897   3.3514   6.1783   1.5789   0.0017   0.0017
  weight sum                               43      148       76       61       64       24        0        0
  precision                              0.01     0.01     0.01     0.01     0.01     0.01     0.01     0.01

Histogram of JPEG Coefficients140
  mean                                     13  11.7432   3.4342   3.6557   4.9531    5.625        0        0
  std. dev.                            5.1354   6.2883  17.3731   3.7368    5.369   3.4255   0.0017   0.0017
  weight sum                               43      148       76       61       64       24        0        0
  precision                              0.01     0.01     0.01     0.01     0.01     0.01     0.01     0.01

Histogram of JPEG Coefficients141
  mean                                 27.186  28.0473      5.5   7.5902   7.2969  11.3333        0        0
  std. dev.                            9.5558  12.2702   8.5186   7.7043   6.0999    7.157   0.0017   0.0017
  weight sum                               43      148       76       61       64       24        0        0
  precision                              0.01     0.01     0.01     0.01     0.01     0.01     0.01     0.01

Histogram of JPEG Coefficients142
  mean                                     33   34.277  15.7632  16.0164  16.4219  29.9167        0        0
  std. dev.                           10.9608  12.6469  23.0993   11.755   12.773  17.7175   0.0017   0.0017
  weight sum                               43      148       76       61       64       24        0        0
  precision                              0.01     0.01     0.01     0.01     0.01     0.01     0.01     0.01

Histogram of JPEG Coefficients143
  mean                                80.6279  84.9054  31.6316  38.8525   35.625  69.7917        0        0
  std. dev.                           32.7158  31.1688  40.3445  34.5077  24.3404  31.9152   0.0017   0.0017
  weight sum                               43      148       76       61       64       24        0        0
  precision                              0.01     0.01     0.01     0.01     0.01     0.01     0.01     0.01

Histogram of JPEG Coefficients144
  mean                                24.6744  33.3581  65.6579  62.9672  94.2969     83.5        0        0
  std. dev.                           14.9615  23.4114  36.7121  31.8052  22.6851  30.5369   0.0017   0.0017
  weight sum                               43      148       76       61       64       24        0        0
  precision                              0.01     0.01     0.01     0.01     0.01     0.01     0.01     0.01

Histogram of JPEG Coefficients145
  mean                                 0.9535   1.0676  42.3289  37.2295  69.7813  45.0833        0        0
  std. dev.                            1.1605   1.5451  36.3819  38.1401  27.2176  23.1821   0.0017   0.0017
  weight sum                               43      148       76       61       64       24        0        0
  precision                              0.01     0.01     0.01     0.01     0.01     0.01     0.01     0.01

Histogram of JPEG Coefficients146
  mean                                 0.5581   0.3176   2.9211   2.6066  21.5313    3.375        0        0
  std. dev.                            1.4355   0.6782  11.7078   4.8932  13.6037   3.3393   0.0017   0.0017
  weight sum                               43      148       76       61       64       24        0        0
  precision                              0.01     0.01     0.01     0.01     0.01     0.01     0.01     0.01

Histogram of JPEG Coefficients147
  mean                                 3.6744   3.4459   1.3684   1.0328    1.875   3.2917        0        0
  std. dev.                            2.1428    2.258    5.472   1.8815   2.1542   3.4336   0.0017   0.0017
  weight sum                               43      148       76       61       64       24        0        0
  precision                              0.01     0.01     0.01     0.01     0.01     0.01     0.01     0.01

Histogram of JPEG Coefficients148
  mean                                 9.0233   8.5743   2.1447   3.2131   4.8906   6.4583        0        0
  std. dev.                            4.4329   4.9812   4.2355   3.4882   4.6975   5.4847   0.0017   0.0017
  weight sum                               43      148       76       61       64       24        0        0
  precision                              0.01     0.01     0.01     0.01     0.01     0.01     0.01     0.01

Histogram of JPEG Coefficients149
  mean                                15.2791  15.2095   5.7763   6.2951   7.0156    11.75        0        0
  std. dev.                            6.1164    6.848  11.0687   5.4992   6.3848   6.8511   0.0017   0.0017
  weight sum                               43      148       76       61       64       24        0        0
  precision                              0.01     0.01     0.01     0.01     0.01     0.01     0.01     0.01

Histogram of JPEG Coefficients150
  mean                                20.3953  21.7635  12.3158  17.3934  20.2656   30.875        0        0
  std. dev.                            6.8544   9.2753  16.2272  15.8748   18.539  16.2335   0.0017   0.0017
  weight sum                               43      148       76       61       64       24        0        0
  precision                              0.01     0.01     0.01     0.01     0.01     0.01     0.01     0.01

Histogram of JPEG Coefficients151
  mean                                62.3023  67.8514  23.9342  28.7705  34.5625  71.4583        0        0
  std. dev.                           24.3134  25.4097  26.7652  18.4412  22.9578  44.6234   0.0017   0.0017
  weight sum                               43      148       76       61       64       24        0        0
  precision                              0.01     0.01     0.01     0.01     0.01     0.01     0.01     0.01

Histogram of JPEG Coefficients152
  mean                                 19.093  23.9662     17.5  18.8852   32.625  24.6667        0        0
  std. dev.                           12.5953  11.5035  16.0431  13.8103  13.7551   11.294   0.0017   0.0017
  weight sum                               43      148       76       61       64       24        0        0
  precision                              0.01     0.01     0.01     0.01     0.01     0.01     0.01     0.01

Histogram of JPEG Coefficients153
  mean                                 3.7442   3.1419   0.3684   0.4754   6.5938   1.2083        0        0
  std. dev.                             2.136   2.5389   1.5798   0.9685   5.7655   1.2576   0.0017   0.0017
  weight sum                               43      148       76       61       64       24        0        0
  precision                              0.01     0.01     0.01     0.01     0.01     0.01     0.01     0.01

Histogram of JPEG Coefficients154
  mean                                 2.3256   2.2162   0.5132   0.4262   1.3125   1.0833        0        0
  std. dev.                            1.7484   1.9849   2.2094   0.7566   1.5398   1.0375   0.0017   0.0017
  weight sum                               43      148       76       61       64       24        0        0
  precision                              0.01     0.01     0.01     0.01     0.01     0.01     0.01     0.01

Histogram of JPEG Coefficients155
  mean                                 9.8372   8.4797   1.2763   1.2951    1.875   3.6667        0        0
  std. dev.                            4.6901   5.2214   3.0026   1.7211   2.0729   3.6362   0.0017   0.0017
  weight sum                               43      148       76       61       64       24        0        0
  precision                              0.01     0.01     0.01     0.01     0.01     0.01     0.01     0.01

Histogram of JPEG Coefficients156
  mean                                14.7907  13.6419   4.3684   3.7213   2.8125   3.7917        0        0
  std. dev.                             6.866   8.4414   8.7717   4.8456   2.6332   2.5492   0.0017   0.0017
  weight sum                               43      148       76       61       64       24        0        0
  precision                              0.01     0.01     0.01     0.01     0.01     0.01     0.01     0.01

Histogram of JPEG Coefficients157
  mean                                12.6047  12.3514   8.6579   5.3607   4.7813    10.25        0        0
  std. dev.                            4.8471   5.8758  25.5732   4.9919   5.3399   5.4639   0.0017   0.0017
  weight sum                               43      148       76       61       64       24        0        0
  precision                              0.01     0.01     0.01     0.01     0.01     0.01     0.01     0.01

Histogram of JPEG Coefficients158
  mean                                18.3953  19.5338  10.4868   15.623   12.875  26.5417        0        0
  std. dev.                            6.8612   9.2498  18.5979  24.8604  10.3991  15.1712   0.0017   0.0017
  weight sum                               43      148       76       61       64       24        0        0
  precision                              0.01     0.01     0.01     0.01     0.01     0.01     0.01     0.01

Histogram of JPEG Coefficients159
  mean                                 51.907  57.9797  30.3684  30.5246  32.9844  63.8333        0        0
  std. dev.                           20.9593   22.239   37.746  20.5894  22.6126  33.4199   0.0017   0.0017
  weight sum                               43      148       76       61       64       24        0        0
  precision                              0.01     0.01     0.01     0.01     0.01     0.01     0.01     0.01

Histogram of JPEG Coefficients160
  mean                                14.3023  18.8311   2.0789   4.1311  17.6406   7.3333        0        0
  std. dev.                            8.3207   8.8244   3.0555   5.0618  12.7136   5.9698   0.0017   0.0017
  weight sum                               43      148       76       61       64       24        0        0
  precision                              0.01     0.01     0.01     0.01     0.01     0.01     0.01     0.01

Histogram of JPEG Coefficients161
  mean                                 10.814   8.9189   1.2105    1.541   3.7969   3.0833        0        0
  std. dev.                            5.2441   6.3112    2.347   2.4799   4.5455   2.0999   0.0017   0.0017
  weight sum                               43      148       76       61       64       24        0        0
  precision                              0.01     0.01     0.01     0.01     0.01     0.01     0.01     0.01

Histogram of JPEG Coefficients162
  mean                                 2.1395   2.4189     1.75   1.3934   2.4688   2.8333        0        0
  std. dev.                            1.7197   2.0335   6.1326   2.3628   2.6982   2.4608   0.0017   0.0017
  weight sum                               43      148       76       61       64       24        0        0
  precision                              0.01     0.01     0.01     0.01     0.01     0.01     0.01     0.01

Histogram of JPEG Coefficients163
  mean                                 3.4884   2.7973   2.0526   1.8852   1.9531   2.4167        0        0
  std. dev.                            2.1499   2.0032   7.6466   4.1215   1.8577   2.3437   0.0017   0.0017
  weight sum                               43      148       76       61       64       24        0        0
  precision                              0.01     0.01     0.01     0.01     0.01     0.01     0.01     0.01

Histogram of JPEG Coefficients164
  mean                                 7.4186   7.3581   3.9737   3.0492   6.0156   6.6667        0        0
  std. dev.                            3.1933   4.2886  10.9099   3.6817   5.7405   3.0777   0.0017   0.0017
  weight sum                               43      148       76       61       64       24        0        0
  precision                              0.01     0.01     0.01     0.01     0.01     0.01     0.01     0.01

Histogram of JPEG Coefficients165
  mean                                  8.093   9.0203   6.5526    7.377   7.2969  11.1667        0        0
  std. dev.                            2.9947   4.9271  13.4344    8.917     5.96   4.9972   0.0017   0.0017
  weight sum                               43      148       76       61       64       24        0        0
  precision                              0.01     0.01     0.01     0.01     0.01     0.01     0.01     0.01

Histogram of JPEG Coefficients166
  mean                                18.6047  19.5135  19.3158  14.4754  13.6875   25.125        0        0
  std. dev.                            6.5845   8.6074  34.8871   9.9303  12.4523  12.3501   0.0017   0.0017
  weight sum                               43      148       76       61       64       24        0        0
  precision                              0.01     0.01     0.01     0.01     0.01     0.01     0.01     0.01

Histogram of JPEG Coefficients167
  mean                                56.4651  63.6892  26.7895  33.2295  33.4531  58.0833        0        0
  std. dev.                           25.4735  25.6538  34.7295  35.3114  20.5806  23.5813   0.0017   0.0017
  weight sum                               43      148       76       61       64       24        0        0
  precision                              0.01     0.01     0.01     0.01     0.01     0.01     0.01     0.01

Histogram of JPEG Coefficients168
  mean                                39.3256  44.3986   1.8816   4.2787   9.9219   8.9167        0        0
  std. dev.                           25.8481  20.6407   3.1118   7.4748   11.026   7.1351   0.0017   0.0017
  weight sum                               43      148       76       61       64       24        0        0
  precision                              0.01     0.01     0.01     0.01     0.01     0.01     0.01     0.01

Histogram of JPEG Coefficients169
  mean                                  9.814   9.2432   1.3421   1.8852   3.7813   5.9583        0        0
  std. dev.                            4.5712   5.3254   2.0683   2.2478   3.6076   4.9031   0.0017   0.0017
  weight sum                               43      148       76       61       64       24        0        0
  precision                              0.01     0.01     0.01     0.01     0.01     0.01     0.01     0.01

Histogram of JPEG Coefficients170
  mean                                 3.6279    3.723   3.9342   2.1475   5.1875   5.1667        0        0
  std. dev.                             2.506   2.7943  17.5164   2.4816   6.4901   3.9546   0.0017   0.0017
  weight sum                               43      148       76       61       64       24        0        0
  precision                              0.01     0.01     0.01     0.01     0.01     0.01     0.01     0.01

Histogram of JPEG Coefficients171
  mean                                 6.8837   6.2162      3.5   3.1803   3.8438   7.2083        0        0
  std. dev.                            4.3893    3.766  14.8106   4.4556   4.7408   4.8818   0.0017   0.0017
  weight sum                               43      148       76       61       64       24        0        0
  precision                              0.01     0.01     0.01     0.01     0.01     0.01     0.01     0.01

Histogram of JPEG Coefficients172
  mean                                 5.6512   4.8041   7.0395   5.5246     4.75   8.3333        0        0
  std. dev.                            2.6927   3.1466  22.9699   6.7959   4.5139   4.7842   0.0017   0.0017
  weight sum                               43      148       76       61       64       24        0        0
  precision                              0.01     0.01     0.01     0.01     0.01     0.01     0.01     0.01

Histogram of JPEG Coefficients173
  mean                                11.2558  10.8986  10.6053   9.5902  11.6719  19.9167        0        0
  std. dev.                            4.7549   7.3776  14.6827   6.7857    8.691   10.165   0.0017   0.0017
  weight sum                               43      148       76       61       64       24        0        0
  precision                              0.01     0.01     0.01     0.01     0.01     0.01     0.01     0.01

Histogram of JPEG Coefficients174
  mean                                15.6977  15.5946  17.9079  19.9672  17.9063  37.5833        0        0
  std. dev.                            6.2265   7.3253  16.0609  15.5942  15.4057  19.6891   0.0017   0.0017
  weight sum                               43      148       76       61       64       24        0        0
  precision                              0.01     0.01     0.01     0.01     0.01     0.01     0.01     0.01

Histogram of JPEG Coefficients175
  mean                                43.3256  45.1622  33.3026  34.8033  36.4531   67.125        0        0
  std. dev.                           19.7304  17.9812  27.0317  25.0212  25.1874  31.2201   0.0017   0.0017
  weight sum                               43      148       76       61       64       24        0        0
  precision                              0.01     0.01     0.01     0.01     0.01     0.01     0.01     0.01

Histogram of JPEG Coefficients176
  mean                                35.9767  37.6216        4   7.0492  15.9219  16.9167        0        0
  std. dev.                           30.8827   19.372   6.4645   9.9217  13.5604  17.1414   0.0017   0.0017
  weight sum                               43      148       76       61       64       24        0        0
  precision                              0.01     0.01     0.01     0.01     0.01     0.01     0.01     0.01

Histogram of JPEG Coefficients177
  mean                                     11  10.7095   5.1842   4.6721  10.1563   9.2917        0        0
  std. dev.                            5.5699   5.6164  10.2491   4.4748   9.1638   3.7802   0.0017   0.0017
  weight sum                               43      148       76       61       64       24        0        0
  precision                              0.01     0.01     0.01     0.01     0.01     0.01     0.01     0.01

Histogram of JPEG Coefficients178
  mean                                 6.6279   7.6824   6.7763    6.082  10.1719    11.75        0        0
  std. dev.                            4.1261   5.6185  10.8889   7.4157  10.2065   6.0776   0.0017   0.0017
  weight sum                               43      148       76       61       64       24        0        0
  precision                              0.01     0.01     0.01     0.01     0.01     0.01     0.01     0.01

Histogram of JPEG Coefficients179
  mean                                 8.7674   9.0676   8.2895   6.5246   9.2344       14        0        0
  std. dev.                            4.5995   5.5831  17.5378   8.2811   9.1494   8.7226   0.0017   0.0017
  weight sum                               43      148       76       61       64       24        0        0
  precision                              0.01     0.01     0.01     0.01     0.01     0.01     0.01     0.01

Histogram of JPEG Coefficients180
  mean                                 9.6279   9.7568  10.9605  12.6066  11.3125     18.5        0        0
  std. dev.                             6.434   6.3102  18.2313  15.6878   10.141   8.3516   0.0017   0.0017
  weight sum                               43      148       76       61       64       24        0        0
  precision                              0.01     0.01     0.01     0.01     0.01     0.01     0.01     0.01

Histogram of JPEG Coefficients181
  mean                                11.6977  12.6757  14.7368  16.5246    17.75  32.4167        0        0
  std. dev.                             5.488   7.3927  14.1108  13.1506  12.9735  14.9553   0.0017   0.0017
  weight sum                               43      148       76       61       64       24        0        0
  precision                              0.01     0.01     0.01     0.01     0.01     0.01     0.01     0.01

Histogram of JPEG Coefficients182
  mean                                19.0465  17.0135  27.5921  27.9508       30  56.5833        0        0
  std. dev.                            7.8472   8.1589  28.1229  22.2633   21.286  22.6125   0.0017   0.0017
  weight sum                               43      148       76       61       64       24        0        0
  precision                              0.01     0.01     0.01     0.01     0.01     0.01     0.01     0.01

Histogram of JPEG Coefficients183
  mean                                39.6744  44.3311  47.7632  45.5246  49.7031  78.4167        0        0
  std. dev.                           17.8439  20.2476  45.4257  33.3622  33.3929  27.4847   0.0017   0.0017
  weight sum                               43      148       76       61       64       24        0        0
  precision                              0.01     0.01     0.01     0.01     0.01     0.01     0.01     0.01

Histogram of JPEG Coefficients184
  mean                                62.9535    62.25  11.6316   13.918  28.1875  33.2083        0        0
  std. dev.                            42.711  29.3264  20.1891  15.7587  24.8256  22.0794   0.0017   0.0017
  weight sum                               43      148       76       61       64       24        0        0
  precision                              0.01     0.01     0.01     0.01     0.01     0.01     0.01     0.01

Histogram of JPEG Coefficients185
  mean                                15.2326  17.2838  15.8684  15.5082  22.6875  30.7083        0        0
  std. dev.                            7.2202   9.2298  28.9179   12.775  19.4895  11.0434   0.0017   0.0017
  weight sum                               43      148       76       61       64       24        0        0
  precision                              0.01     0.01     0.01     0.01     0.01     0.01     0.01     0.01

Histogram of JPEG Coefficients186
  mean                                 15.907  16.5135  15.1974  15.0164  19.9375  31.3333        0        0
  std. dev.                            8.2203   7.4883  18.8638  12.2294   17.129  12.8214   0.0017   0.0017
  weight sum                               43      148       76       61       64       24        0        0
  precision                              0.01     0.01     0.01     0.01     0.01     0.01     0.01     0.01

Histogram of JPEG Coefficients187
  mean                                 16.093   18.027    18.75  15.2295  23.4375  35.7917        0        0
  std. dev.                            6.3386   8.7949  29.9333  10.4055  19.0336  16.3986   0.0017   0.0017
  weight sum                               43      148       76       61       64       24        0        0
  precision                              0.01     0.01     0.01     0.01     0.01     0.01     0.01     0.01

Histogram of JPEG Coefficients188
  mean                                22.6977  21.7365  20.4079  20.9836  26.1094  42.6667        0        0
  std. dev.                           10.3823  10.8649  22.8768  15.4193  17.6371  14.4097   0.0017   0.0017
  weight sum                               43      148       76       61       64       24        0        0
  precision                              0.01     0.01     0.01     0.01     0.01     0.01     0.01     0.01

Histogram of JPEG Coefficients189
  mean                                20.0233  20.7365  24.4342  28.6721  30.0938   54.375        0        0
  std. dev.                            9.1206  10.2498  30.6643  21.3877  20.5257  20.7521   0.0017   0.0017
  weight sum                               43      148       76       61       64       24        0        0
  precision                              0.01     0.01     0.01     0.01     0.01     0.01     0.01     0.01

Histogram of JPEG Coefficients190
  mean                                25.7442  24.5946  38.0132  47.6066  38.7344  83.3333        0        0
  std. dev.                            10.125  12.1087  37.6719  39.2705  25.7028  45.8209   0.0017   0.0017
  weight sum                               43      148       76       61       64       24        0        0
  precision                              0.01     0.01     0.01     0.01     0.01     0.01     0.01     0.01

Histogram of JPEG Coefficients191
  mean                                54.4419  55.3176  59.6711   64.082   67.625 112.5833        0        0
  std. dev.                           26.0958  24.8373  48.9708  45.0185  46.9902  57.6367   0.0017   0.0017
  weight sum                               43      148       76       61       64       24        0        0
  precision                              0.01     0.01     0.01     0.01     0.01     0.01     0.01     0.01



Time taken to build model: 0.17 seconds

Time taken to test model on training data: 0.15 seconds

=== Error on training data ===

Correctly Classified Instances         304               73.0769 %
Incorrectly Classified Instances       112               26.9231 %
Kappa statistic                          0.6694
Mean absolute error                      0.0679
Root mean squared error                  0.2588
Relative absolute error                 34.7023 %
Root relative squared error             82.8375 %
Total Number of Instances              416     


=== Detailed Accuracy By Class ===

                 TP Rate  FP Rate  Precision  Recall   F-Measure  MCC      ROC Area  PRC Area  Class
                 0.907    0.131    0.443      0.907    0.595      0.578    0.948     0.612     K1
                 0.649    0.007    0.980      0.649    0.780      0.723    0.981     0.964     K2
                 0.382    0.021    0.806      0.382    0.518      0.496    0.961     0.806     K3
                 0.885    0.144    0.514      0.885    0.651      0.604    0.942     0.683     K4
                 0.969    0.006    0.969      0.969    0.969      0.963    0.998     0.982     K5
                 1.000    0.003    0.960      1.000    0.980      0.979    1.000     1.000     K6
                 ?        0.000    ?          ?        ?          ?        ?         ?         K7
                 ?        0.000    ?          ?        ?          ?        ?         ?         K8
Weighted Avg.    0.731    0.042    0.821      0.731    0.735      0.701    0.972     0.863     


=== Confusion Matrix ===

  a  b  c  d  e  f  g  h   <-- classified as
 39  2  0  2  0  0  0  0 |  a = K1
 49 96  0  1  2  0  0  0 |  b = K2
  0  0 29 46  0  1  0  0 |  c = K3
  0  0  7 54  0  0  0  0 |  d = K4
  0  0  0  2 62  0  0  0 |  e = K5
  0  0  0  0  0 24  0  0 |  f = K6
  0  0  0  0  0  0  0  0 |  g = K7
  0  0  0  0  0  0  0  0 |  h = K8

Time taken to perform cross-validation: 0.15 seconds


=== Stratified cross-validation ===

Correctly Classified Instances         278               66.8269 %
Incorrectly Classified Instances       138               33.1731 %
Kappa statistic                          0.5902
Mean absolute error                      0.0837
Root mean squared error                  0.2872
Relative absolute error                 42.7485 %
Root relative squared error             91.9299 %
Total Number of Instances              416     


=== Detailed Accuracy By Class ===

                 TP Rate  FP Rate  Precision  Recall   F-Measure  MCC      ROC Area  PRC Area  Class
                 0.744    0.137    0.386      0.744    0.508      0.463    0.914     0.503     K1
                 0.642    0.037    0.905      0.642    0.751      0.666    0.963     0.912     K2
                 0.303    0.035    0.657      0.303    0.414      0.372    0.925     0.628     K3
                 0.738    0.161    0.441      0.738    0.552      0.475    0.869     0.495     K4
                 0.969    0.023    0.886      0.969    0.925      0.912    0.992     0.919     K5
                 0.875    0.000    1.000      0.875    0.933      0.932    0.971     0.953     K6
                 ?        0.000    ?          ?        ?          ?        ?         ?         K7
                 ?        0.000    ?          ?        ?          ?        ?         ?         K8
Weighted Avg.    0.668    0.061    0.740      0.668    0.673      0.617    0.942     0.760     


=== Confusion Matrix ===

  a  b  c  d  e  f  g  h   <-- classified as
 32  9  0  2  0  0  0  0 |  a = K1
 50 95  0  1  2  0  0  0 |  b = K2
  0  0 23 52  1  0  0  0 |  c = K3
  1  0 12 45  3  0  0  0 |  d = K4
  0  0  0  2 62  0  0  0 |  e = K5
  0  1  0  0  2 21  0  0 |  f = K6
  0  0  0  0  0  0  0  0 |  g = K7
  0  0  0  0  0  0  0  0 |  h = K8

