
=== Classifier model (full training set) ===

The class counts (including Laplace correction)
-----------------------------------------------
K1	44
K2	149
K3	77
K4	62
K5	65
K6	25
K7	1
K8	1

The probability of a word given the class
-----------------------------------------
	K1	K2	K3	K4	K5	K6	K7	K8	
FCTH0	0.09	0.12	0.03	0.03	0.06	0.05	0.01	0.01	
FCTH1	0.06	0.06	0.04	0.04	0.05	0.06	0.01	0.01	
FCTH2	0.05	0.06	0.07	0.08	0.04	0.04	0.01	0.01	
FCTH3	0.05	0.06	0.03	0.02	0.02	0	0.01	0.01	
FCTH4	0.08	0.12	0.05	0.05	0.06	0	0.01	0.01	
FCTH5	0.06	0.06	0.05	0.04	0.02	0	0.01	0.01	
FCTH6	0.03	0.03	0.01	0.01	0.03	0	0.01	0.01	
FCTH7	0.04	0.06	0.02	0.03	0	0	0.01	0.01	
FCTH8	0.03	0.03	0.01	0.02	0.01	0.01	0.01	0.01	
FCTH9	0.01	0.01	0	0.01	0.01	0.02	0.01	0.01	
FCTH10	0.01	0.01	0	0.01	0.01	0.01	0.01	0.01	
FCTH11	0.02	0.01	0	0	0.01	0.02	0.01	0.01	
FCTH12	0.01	0	0	0.01	0	0.03	0.01	0.01	
FCTH13	0	0	0	0	0.02	0.01	0.01	0.01	
FCTH14	0.01	0.01	0	0	0.03	0.04	0.01	0.01	
FCTH15	0	0	0.04	0.04	0.01	0.03	0.01	0.01	
FCTH16	0	0	0.01	0.02	0.03	0.05	0.01	0.01	
FCTH17	0	0	0.01	0.01	0	0.02	0.01	0.01	
FCTH18	0.03	0.03	0.04	0.03	0.03	0.03	0.01	0.01	
FCTH19	0.01	0.01	0.01	0.01	0.06	0.06	0.01	0.01	
FCTH20	0.03	0.02	0.01	0.02	0.02	0.03	0.01	0.01	
FCTH21	0.04	0.05	0.01	0.01	0.01	0	0.01	0.01	
FCTH22	0	0.01	0	0	0.02	0	0.01	0.01	
FCTH23	0.03	0.03	0.01	0.01	0.02	0	0.01	0.01	
FCTH24	0.02	0.02	0.02	0.02	0.02	0.02	0.01	0.01	
FCTH25	0.02	0.02	0.03	0.03	0.03	0.03	0.01	0.01	
FCTH26	0	0	0.01	0.01	0.01	0.01	0.01	0.01	
FCTH27	0.03	0.03	0.03	0.01	0.01	0	0.01	0.01	
FCTH28	0.02	0.03	0.02	0.01	0.02	0	0.01	0.01	
FCTH29	0.01	0.01	0.03	0.02	0.01	0	0.01	0.01	
FCTH30	0.01	0.01	0.01	0.01	0.01	0	0.01	0.01	
FCTH31	0.01	0.01	0.01	0.01	0	0	0.01	0.01	
FCTH32	0.01	0.01	0.01	0.01	0	0	0.01	0.01	
FCTH33	0	0	0	0	0	0.01	0.01	0.01	
FCTH34	0	0	0	0	0.01	0.01	0.01	0.01	
FCTH35	0	0	0	0	0.01	0	0.01	0.01	
FCTH36	0	0	0	0	0	0.02	0.01	0.01	
FCTH37	0	0	0	0	0.01	0.01	0.01	0.01	
FCTH38	0	0	0	0	0.02	0.02	0.01	0.01	
FCTH39	0	0	0.01	0.01	0	0.02	0.01	0.01	
FCTH40	0	0	0	0	0	0.01	0.01	0.01	
FCTH41	0	0	0	0	0	0	0.01	0.01	
FCTH42	0.01	0.01	0.02	0.02	0.01	0.02	0.01	0.01	
FCTH43	0	0	0	0	0.01	0.02	0.01	0.01	
FCTH44	0.01	0	0.01	0.01	0.01	0.01	0.01	0.01	
FCTH45	0.01	0.01	0.02	0.01	0.01	0	0.01	0.01	
FCTH46	0	0	0	0	0.01	0	0.01	0.01	
FCTH47	0.01	0	0.01	0.01	0.01	0	0.01	0.01	
FCTH48	0.01	0	0.01	0.01	0.01	0.01	0.01	0.01	
FCTH49	0.01	0	0.02	0.02	0.01	0.01	0.01	0.01	
FCTH50	0	0	0	0	0	0.01	0.01	0.01	
FCTH51	0.01	0.01	0.01	0.01	0.01	0	0.01	0.01	
FCTH52	0.01	0.01	0.01	0.01	0.01	0	0.01	0.01	
FCTH53	0.01	0	0.01	0.01	0	0	0.01	0.01	
FCTH54	0	0	0	0.01	0	0	0.01	0.01	
FCTH55	0	0	0.01	0.01	0	0	0.01	0.01	
FCTH56	0	0	0	0	0	0	0.01	0.01	
FCTH57	0	0	0	0	0	0.01	0.01	0.01	
FCTH58	0	0	0	0	0	0.01	0.01	0.01	
FCTH59	0	0	0	0	0	0	0.01	0.01	
FCTH60	0	0	0	0	0	0.01	0.01	0.01	
FCTH61	0	0	0	0	0	0	0.01	0.01	
FCTH62	0	0	0	0	0.01	0.01	0.01	0.01	
FCTH63	0	0	0	0.01	0	0	0.01	0.01	
FCTH64	0	0	0	0	0	0.01	0.01	0.01	
FCTH65	0	0	0	0	0	0	0.01	0.01	
FCTH66	0	0	0.01	0.01	0.01	0.01	0.01	0.01	
FCTH67	0	0	0	0	0.01	0.02	0.01	0.01	
FCTH68	0	0	0	0.01	0	0	0.01	0.01	
FCTH69	0	0	0.01	0	0	0	0.01	0.01	
FCTH70	0	0	0	0	0	0	0.01	0.01	
FCTH71	0	0	0	0	0	0	0.01	0.01	
FCTH72	0	0	0.01	0.01	0	0	0.01	0.01	
FCTH73	0	0	0.02	0.02	0.01	0.01	0.01	0.01	
FCTH74	0	0	0	0	0	0	0.01	0.01	
FCTH75	0.01	0	0.01	0	0.01	0	0.01	0.01	
FCTH76	0	0	0	0	0	0	0.01	0.01	
FCTH77	0	0	0.01	0	0	0	0.01	0.01	
FCTH78	0	0	0	0.01	0	0	0.01	0.01	
FCTH79	0	0	0	0.01	0	0	0.01	0.01	
FCTH80	0	0	0	0	0	0	0.01	0.01	
FCTH81	0	0	0	0	0	0	0.01	0.01	
FCTH82	0	0	0	0	0	0.01	0.01	0.01	
FCTH83	0	0	0	0	0	0	0.01	0.01	
FCTH84	0	0	0	0	0	0.01	0.01	0.01	
FCTH85	0	0	0	0	0	0	0.01	0.01	
FCTH86	0	0	0	0	0.01	0	0.01	0.01	
FCTH87	0	0	0	0	0	0	0.01	0.01	
FCTH88	0	0	0	0	0	0.01	0.01	0.01	
FCTH89	0	0	0	0	0	0	0.01	0.01	
FCTH90	0	0	0.01	0.01	0	0	0.01	0.01	
FCTH91	0	0	0	0	0	0.01	0.01	0.01	
FCTH92	0	0	0	0	0	0	0.01	0.01	
FCTH93	0	0	0.01	0	0	0	0.01	0.01	
FCTH94	0	0	0	0	0	0	0.01	0.01	
FCTH95	0	0	0	0	0	0	0.01	0.01	
FCTH96	0	0	0	0	0	0	0.01	0.01	
FCTH97	0	0	0.01	0	0	0	0.01	0.01	
FCTH98	0	0	0.01	0	0	0	0.01	0.01	
FCTH99	0	0	0	0	0	0	0.01	0.01	
FCTH100	0	0	0	0	0	0	0.01	0.01	
FCTH101	0	0	0	0	0	0	0.01	0.01	
FCTH102	0	0	0	0	0	0	0.01	0.01	
FCTH103	0	0	0	0	0	0	0.01	0.01	
FCTH104	0	0	0	0	0	0	0.01	0.01	
FCTH105	0	0	0	0	0	0	0.01	0.01	
FCTH106	0	0	0	0	0	0	0.01	0.01	
FCTH107	0	0	0	0	0	0	0.01	0.01	
FCTH108	0	0	0	0	0	0	0.01	0.01	
FCTH109	0	0	0	0	0	0	0.01	0.01	
FCTH110	0	0	0	0	0	0	0.01	0.01	
FCTH111	0	0	0	0	0	0	0.01	0.01	
FCTH112	0	0	0	0	0	0	0.01	0.01	
FCTH113	0	0	0	0	0	0	0.01	0.01	
FCTH114	0	0	0	0	0	0	0.01	0.01	
FCTH115	0	0	0	0	0	0	0.01	0.01	
FCTH116	0	0	0	0	0	0	0.01	0.01	
FCTH117	0	0	0	0	0	0	0.01	0.01	
FCTH118	0	0	0	0	0	0	0.01	0.01	
FCTH119	0	0	0	0	0	0	0.01	0.01	
FCTH120	0	0	0	0	0	0	0.01	0.01	
FCTH121	0	0	0.01	0	0.01	0	0.01	0.01	
FCTH122	0	0	0	0	0	0	0.01	0.01	
FCTH123	0	0	0	0	0	0	0.01	0.01	
FCTH124	0	0	0	0	0	0	0.01	0.01	
FCTH125	0	0	0	0	0	0	0.01	0.01	
FCTH126	0	0	0	0	0	0	0.01	0.01	
FCTH127	0	0	0	0	0	0	0.01	0.01	
FCTH128	0	0	0	0	0	0	0.01	0.01	
FCTH129	0	0	0	0	0	0	0.01	0.01	
FCTH130	0	0	0	0	0	0	0.01	0.01	
FCTH131	0	0	0	0	0	0	0.01	0.01	
FCTH132	0	0	0	0	0	0	0.01	0.01	
FCTH133	0	0	0	0	0	0	0.01	0.01	
FCTH134	0	0	0	0	0	0	0.01	0.01	
FCTH135	0	0	0	0	0	0	0.01	0.01	
FCTH136	0	0	0	0	0	0	0.01	0.01	
FCTH137	0	0	0	0	0	0	0.01	0.01	
FCTH138	0	0	0	0	0	0	0.01	0.01	
FCTH139	0	0	0	0	0	0	0.01	0.01	
FCTH140	0	0	0	0	0	0	0.01	0.01	
FCTH141	0	0	0	0	0	0	0.01	0.01	
FCTH142	0	0	0	0	0	0	0.01	0.01	
FCTH143	0	0	0	0	0	0	0.01	0.01	
FCTH144	0	0	0	0	0	0	0.01	0.01	
FCTH145	0	0	0.01	0	0	0	0.01	0.01	
FCTH146	0	0	0	0	0	0	0.01	0.01	
FCTH147	0	0	0	0	0	0	0.01	0.01	
FCTH148	0	0	0	0	0	0	0.01	0.01	
FCTH149	0	0	0	0	0	0	0.01	0.01	
FCTH150	0	0	0	0	0	0	0.01	0.01	
FCTH151	0	0	0	0	0	0	0.01	0.01	
FCTH152	0	0	0	0	0	0	0.01	0.01	
FCTH153	0	0	0	0	0	0	0.01	0.01	
FCTH154	0	0	0	0	0	0	0.01	0.01	
FCTH155	0	0	0	0	0	0	0.01	0.01	
FCTH156	0	0	0	0	0	0	0.01	0.01	
FCTH157	0	0	0	0	0	0	0.01	0.01	
FCTH158	0	0	0	0	0	0	0.01	0.01	
FCTH159	0	0	0	0	0	0	0.01	0.01	
FCTH160	0	0	0	0	0	0	0.01	0.01	
FCTH161	0	0	0	0	0	0	0.01	0.01	
FCTH162	0	0	0	0	0	0	0.01	0.01	
FCTH163	0	0	0	0	0	0	0.01	0.01	
FCTH164	0	0	0	0	0	0	0.01	0.01	
FCTH165	0	0	0	0	0	0	0.01	0.01	
FCTH166	0	0	0	0	0	0	0.01	0.01	
FCTH167	0	0	0	0	0	0	0.01	0.01	
FCTH168	0	0	0	0	0	0	0.01	0.01	
FCTH169	0	0	0.01	0.01	0.01	0	0.01	0.01	
FCTH170	0	0	0	0	0	0	0.01	0.01	
FCTH171	0	0	0	0	0	0	0.01	0.01	
FCTH172	0	0	0	0	0	0	0.01	0.01	
FCTH173	0	0	0	0	0	0	0.01	0.01	
FCTH174	0	0	0	0	0	0	0.01	0.01	
FCTH175	0	0	0	0	0	0	0.01	0.01	
FCTH176	0	0	0	0	0	0	0.01	0.01	
FCTH177	0	0	0	0	0	0	0.01	0.01	
FCTH178	0	0	0	0	0	0	0.01	0.01	
FCTH179	0	0	0	0	0	0	0.01	0.01	
FCTH180	0	0	0	0	0	0	0.01	0.01	
FCTH181	0	0	0	0	0	0	0.01	0.01	
FCTH182	0	0	0	0	0	0	0.01	0.01	
FCTH183	0	0	0	0	0	0	0.01	0.01	
FCTH184	0	0	0	0	0	0	0.01	0.01	
FCTH185	0	0	0	0	0	0	0.01	0.01	
FCTH186	0	0	0	0	0	0	0.01	0.01	
FCTH187	0	0	0	0	0	0	0.01	0.01	
FCTH188	0	0	0	0	0	0	0.01	0.01	
FCTH189	0	0	0	0	0	0	0.01	0.01	
FCTH190	0	0	0	0	0	0	0.01	0.01	
FCTH191	0	0	0	0	0	0	0.01	0.01	


Time taken to build model: 0.18 seconds

Time taken to test model on training data: 0.03 seconds

=== Error on training data ===

Correctly Classified Instances         332               79.8077 %
Incorrectly Classified Instances        84               20.1923 %
Kappa statistic                          0.7353
Mean absolute error                      0.0528
Root mean squared error                  0.2111
Relative absolute error                 26.9714 %
Root relative squared error             67.5805 %
Total Number of Instances              416     


=== Detailed Accuracy By Class ===

                 TP Rate  FP Rate  Precision  Recall   F-Measure  MCC      ROC Area  PRC Area  Class
                 0.279    0.032    0.500      0.279    0.358      0.322    0.914     0.528     K1
                 0.959    0.146    0.785      0.959    0.863      0.786    0.965     0.934     K2
                 0.816    0.050    0.785      0.816    0.800      0.754    0.961     0.850     K3
                 0.590    0.034    0.750      0.590    0.661      0.616    0.943     0.707     K4
                 0.875    0.006    0.966      0.875    0.918      0.905    0.997     0.985     K5
                 1.000    0.003    0.960      1.000    0.980      0.979    0.998     0.915     K6
                 ?        0.002    0.000      ?        ?          ?        ?         ?         K7
                 ?        0.000    ?          ?        ?          ?        ?         ?         K8
Weighted Avg.    0.798    0.070    0.788      0.798    0.785      0.737    0.962     0.850     


=== Confusion Matrix ===

   a   b   c   d   e   f   g   h   <-- classified as
  12  30   0   1   0   0   0   0 |   a = K1
   3 142   0   1   2   0   0   0 |   b = K2
   1   5  62   8   0   0   0   0 |   c = K3
   2   4  17  36   0   1   1   0 |   d = K4
   6   0   0   2  56   0   0   0 |   e = K5
   0   0   0   0   0  24   0   0 |   f = K6
   0   0   0   0   0   0   0   0 |   g = K7
   0   0   0   0   0   0   0   0 |   h = K8

Time taken to perform cross-validation: 0.06 seconds


=== Stratified cross-validation ===

Correctly Classified Instances         310               74.5192 %
Incorrectly Classified Instances       106               25.4808 %
Kappa statistic                          0.6662
Mean absolute error                      0.0658
Root mean squared error                  0.24  
Relative absolute error                 33.6394 %
Root relative squared error             76.8137 %
Total Number of Instances              416     


=== Detailed Accuracy By Class ===

                 TP Rate  FP Rate  Precision  Recall   F-Measure  MCC      ROC Area  PRC Area  Class
                 0.186    0.046    0.320      0.186    0.235      0.180    0.839     0.346     K1
                 0.919    0.168    0.751      0.919    0.827      0.725    0.945     0.895     K2
                 0.776    0.065    0.728      0.776    0.752      0.694    0.935     0.772     K3
                 0.443    0.042    0.643      0.443    0.524      0.470    0.903     0.579     K4
                 0.875    0.006    0.966      0.875    0.918      0.905    0.991     0.970     K5
                 1.000    0.008    0.889      1.000    0.941      0.939    0.998     0.890     K6
                 ?        0.005    0.000      ?        ?          ?        ?         ?         K7
                 ?        0.000    ?          ?        ?          ?        ?         ?         K8
Weighted Avg.    0.745    0.084    0.728      0.745    0.728      0.666    0.936     0.781     


=== Confusion Matrix ===

   a   b   c   d   e   f   g   h   <-- classified as
   8  33   1   1   0   0   0   0 |   a = K1
   9 136   0   1   2   0   0   0 |   b = K2
   1   5  59  11   0   0   0   0 |   c = K3
   3   5  21  27   0   3   2   0 |   d = K4
   4   2   0   2  56   0   0   0 |   e = K5
   0   0   0   0   0  24   0   0 |   f = K6
   0   0   0   0   0   0   0   0 |   g = K7
   0   0   0   0   0   0   0   0 |   h = K8

