
=== Classifier model (full training set) ===

Naive Bayes Classifier

                     Class
Attribute               K1      K2      K3      K4      K5      K6      K7      K8
                     (0.1)  (0.35)  (0.18)  (0.15)  (0.15)  (0.06)     (0)     (0)
===================================================================================
Gabor Features0
  mean               5.8905  5.5206  5.4129  6.7572  7.9369  7.1821       0       0
  std. dev.          2.8143    3.05  1.6533  2.7743  2.1889  1.2966  0.0017  0.0017
  weight sum             43     148      76      61      64      24       0       0
  precision            0.01    0.01    0.01    0.01    0.01    0.01    0.01    0.01

Gabor Features1
  mean               0.0579  0.0526  0.1112  0.1125  0.0734  0.0688       0       0
  std. dev.          0.0287   0.029  0.0648  0.0742  0.0252  0.0083  0.0017  0.0017
  weight sum             43     148      76      61      64      24       0       0
  precision            0.01    0.01    0.01    0.01    0.01    0.01    0.01    0.01

Gabor Features2
  mean                5.893  5.5229  5.4153  6.7592  7.9398  7.1838       0       0
  std. dev.          2.8159  3.0514   1.654  2.7752  2.1896  1.2989  0.0017  0.0017
  weight sum             43     148      76      61      64      24       0       0
  precision            0.01    0.01    0.01    0.01    0.01    0.01    0.01    0.01

Gabor Features3
  mean               0.0579  0.0526  0.1113  0.1125  0.0734  0.0688       0       0
  std. dev.          0.0287   0.029  0.0652  0.0742  0.0252  0.0083  0.0017  0.0017
  weight sum             43     148      76      61      64      24       0       0
  precision            0.01    0.01    0.01    0.01    0.01    0.01    0.01    0.01

Gabor Features4
  mean                5.893  5.5229  5.4153  6.7592  7.9398  7.1838       0       0
  std. dev.          2.8159  3.0514   1.654  2.7752  2.1896  1.2989  0.0017  0.0017
  weight sum             43     148      76      61      64      24       0       0
  precision            0.01    0.01    0.01    0.01    0.01    0.01    0.01    0.01

Gabor Features5
  mean               0.0579  0.0526  0.1113  0.1125  0.0734  0.0688       0       0
  std. dev.          0.0287   0.029  0.0652  0.0742  0.0252  0.0083  0.0017  0.0017
  weight sum             43     148      76      61      64      24       0       0
  precision            0.01    0.01    0.01    0.01    0.01    0.01    0.01    0.01

Gabor Features6
  mean               5.8905  5.5206  5.4129  6.7572  7.9369  7.1821       0       0
  std. dev.          2.8143    3.05  1.6533  2.7743  2.1889  1.2966  0.0017  0.0017
  weight sum             43     148      76      61      64      24       0       0
  precision            0.01    0.01    0.01    0.01    0.01    0.01    0.01    0.01

Gabor Features7
  mean               0.0579  0.0526  0.1112  0.1125  0.0734  0.0688       0       0
  std. dev.          0.0287   0.029  0.0648  0.0742  0.0252  0.0083  0.0017  0.0017
  weight sum             43     148      76      61      64      24       0       0
  precision            0.01    0.01    0.01    0.01    0.01    0.01    0.01    0.01

Gabor Features8
  mean                5.893  5.5229  5.4153  6.7592  7.9398  7.1838       0       0
  std. dev.          2.8159  3.0514   1.654  2.7752  2.1896  1.2989  0.0017  0.0017
  weight sum             43     148      76      61      64      24       0       0
  precision            0.01    0.01    0.01    0.01    0.01    0.01    0.01    0.01

Gabor Features9
  mean               0.0579  0.0526  0.1113  0.1125  0.0734  0.0688       0       0
  std. dev.          0.0287   0.029  0.0652  0.0742  0.0252  0.0083  0.0017  0.0017
  weight sum             43     148      76      61      64      24       0       0
  precision            0.01    0.01    0.01    0.01    0.01    0.01    0.01    0.01

Gabor Features10
  mean                5.893  5.5229  5.4153  6.7592  7.9398  7.1838       0       0
  std. dev.          2.8159  3.0514   1.654  2.7752  2.1896  1.2989  0.0017  0.0017
  weight sum             43     148      76      61      64      24       0       0
  precision            0.01    0.01    0.01    0.01    0.01    0.01    0.01    0.01

Gabor Features11
  mean               0.0579  0.0526  0.1113  0.1125  0.0734  0.0688       0       0
  std. dev.          0.0287   0.029  0.0652  0.0742  0.0252  0.0083  0.0017  0.0017
  weight sum             43     148      76      61      64      24       0       0
  precision            0.01    0.01    0.01    0.01    0.01    0.01    0.01    0.01

Gabor Features12
  mean               6.0881  5.7051  5.5945  6.9823  8.2019  7.4221       0       0
  std. dev.          2.9081  3.1524  1.7086  2.8664   2.262  1.3426  0.0017  0.0017
  weight sum             43     148      76      61      64      24       0       0
  precision            0.01    0.01    0.01    0.01    0.01    0.01    0.01    0.01

Gabor Features13
  mean               0.0598  0.0549  0.1151  0.1172  0.0748  0.0721       0       0
  std. dev.          0.0295  0.0304  0.0675  0.0772  0.0257  0.0091  0.0017  0.0017
  weight sum             43     148      76      61      64      24       0       0
  precision            0.01    0.01    0.01    0.01    0.01    0.01    0.01    0.01

Gabor Features14
  mean               6.0898  5.7071  5.5962  6.9856  8.2041  7.4229       0       0
  std. dev.          2.9094  3.1532  1.7088  2.8688  2.2626   1.342  0.0017  0.0017
  weight sum             43     148      76      61      64      24       0       0
  precision            0.01    0.01    0.01    0.01    0.01    0.01    0.01    0.01

Gabor Features15
  mean               0.0598  0.0549  0.1151  0.1174  0.0748  0.0721       0       0
  std. dev.          0.0295  0.0304  0.0675  0.0772  0.0257  0.0091  0.0017  0.0017
  weight sum             43     148      76      61      64      24       0       0
  precision            0.01    0.01    0.01    0.01    0.01    0.01    0.01    0.01

Gabor Features16
  mean               6.0898  5.7071  5.5962  6.9856  8.2041  7.4229       0       0
  std. dev.          2.9094  3.1532  1.7088  2.8688  2.2626   1.342  0.0017  0.0017
  weight sum             43     148      76      61      64      24       0       0
  precision            0.01    0.01    0.01    0.01    0.01    0.01    0.01    0.01

Gabor Features17
  mean               0.0598  0.0549  0.1151  0.1174  0.0748  0.0721       0       0
  std. dev.          0.0295  0.0304  0.0675  0.0772  0.0257  0.0091  0.0017  0.0017
  weight sum             43     148      76      61      64      24       0       0
  precision            0.01    0.01    0.01    0.01    0.01    0.01    0.01    0.01

Gabor Features18
  mean               6.0881  5.7051  5.5945  6.9823  8.2019  7.4221       0       0
  std. dev.          2.9081  3.1524  1.7086  2.8664   2.262  1.3426  0.0017  0.0017
  weight sum             43     148      76      61      64      24       0       0
  precision            0.01    0.01    0.01    0.01    0.01    0.01    0.01    0.01

Gabor Features19
  mean               0.0598  0.0549  0.1151  0.1172  0.0748  0.0721       0       0
  std. dev.          0.0295  0.0304  0.0675  0.0772  0.0257  0.0091  0.0017  0.0017
  weight sum             43     148      76      61      64      24       0       0
  precision            0.01    0.01    0.01    0.01    0.01    0.01    0.01    0.01

Gabor Features20
  mean               6.0898  5.7071  5.5962  6.9856  8.2041  7.4229       0       0
  std. dev.          2.9094  3.1532  1.7088  2.8688  2.2626   1.342  0.0017  0.0017
  weight sum             43     148      76      61      64      24       0       0
  precision            0.01    0.01    0.01    0.01    0.01    0.01    0.01    0.01

Gabor Features21
  mean               0.0598  0.0549  0.1151  0.1174  0.0748  0.0721       0       0
  std. dev.          0.0295  0.0304  0.0675  0.0772  0.0257  0.0091  0.0017  0.0017
  weight sum             43     148      76      61      64      24       0       0
  precision            0.01    0.01    0.01    0.01    0.01    0.01    0.01    0.01

Gabor Features22
  mean               6.0898  5.7071  5.5962  6.9856  8.2041  7.4229       0       0
  std. dev.          2.9094  3.1532  1.7088  2.8688  2.2626   1.342  0.0017  0.0017
  weight sum             43     148      76      61      64      24       0       0
  precision            0.01    0.01    0.01    0.01    0.01    0.01    0.01    0.01

Gabor Features23
  mean               0.0598  0.0549  0.1151  0.1174  0.0748  0.0721       0       0
  std. dev.          0.0295  0.0304  0.0675  0.0772  0.0257  0.0091  0.0017  0.0017
  weight sum             43     148      76      61      64      24       0       0
  precision            0.01    0.01    0.01    0.01    0.01    0.01    0.01    0.01

Gabor Features24
  mean               6.0823  5.7003  5.5889  6.9767  8.1944  7.4142       0       0
  std. dev.          2.9062  3.1492  1.7062  2.8644  2.2605  1.3404  0.0017  0.0017
  weight sum             43     148      76      61      64      24       0       0
  precision            0.01    0.01    0.01    0.01    0.01    0.01    0.01    0.01

Gabor Features25
  mean               0.0593  0.0548  0.1151  0.1169  0.0748  0.0721       0       0
  std. dev.          0.0292  0.0305  0.0675  0.0769  0.0257  0.0091  0.0017  0.0017
  weight sum             43     148      76      61      64      24       0       0
  precision            0.01    0.01    0.01    0.01    0.01    0.01    0.01    0.01

Gabor Features26
  mean               6.0844  5.7016  5.5911  6.9793   8.198  7.4188       0       0
  std. dev.           2.906  3.1503  1.7078  2.8657  2.2609  1.3398  0.0017  0.0017
  weight sum             43     148      76      61      64      24       0       0
  precision            0.01    0.01    0.01    0.01    0.01    0.01    0.01    0.01

Gabor Features27
  mean               0.0595  0.0548  0.1151   0.117  0.0748  0.0721       0       0
  std. dev.          0.0292  0.0305  0.0675  0.0772  0.0257  0.0091  0.0017  0.0017
  weight sum             43     148      76      61      64      24       0       0
  precision            0.01    0.01    0.01    0.01    0.01    0.01    0.01    0.01

Gabor Features28
  mean               6.0844  5.7016  5.5911  6.9793   8.198  7.4188       0       0
  std. dev.           2.906  3.1503  1.7078  2.8657  2.2609  1.3398  0.0017  0.0017
  weight sum             43     148      76      61      64      24       0       0
  precision            0.01    0.01    0.01    0.01    0.01    0.01    0.01    0.01

Gabor Features29
  mean               0.0595  0.0548  0.1151   0.117  0.0748  0.0721       0       0
  std. dev.          0.0292  0.0305  0.0675  0.0772  0.0257  0.0091  0.0017  0.0017
  weight sum             43     148      76      61      64      24       0       0
  precision            0.01    0.01    0.01    0.01    0.01    0.01    0.01    0.01

Gabor Features30
  mean               6.0823  5.7003  5.5889  6.9767  8.1944  7.4142       0       0
  std. dev.          2.9062  3.1492  1.7062  2.8644  2.2605  1.3404  0.0017  0.0017
  weight sum             43     148      76      61      64      24       0       0
  precision            0.01    0.01    0.01    0.01    0.01    0.01    0.01    0.01

Gabor Features31
  mean               0.0593  0.0548  0.1151  0.1169  0.0748  0.0721       0       0
  std. dev.          0.0292  0.0305  0.0675  0.0769  0.0257  0.0091  0.0017  0.0017
  weight sum             43     148      76      61      64      24       0       0
  precision            0.01    0.01    0.01    0.01    0.01    0.01    0.01    0.01

Gabor Features32
  mean               6.0844  5.7016  5.5911  6.9793   8.198  7.4188       0       0
  std. dev.           2.906  3.1503  1.7078  2.8657  2.2609  1.3398  0.0017  0.0017
  weight sum             43     148      76      61      64      24       0       0
  precision            0.01    0.01    0.01    0.01    0.01    0.01    0.01    0.01

Gabor Features33
  mean               0.0595  0.0548  0.1151   0.117  0.0748  0.0721       0       0
  std. dev.          0.0292  0.0305  0.0675  0.0772  0.0257  0.0091  0.0017  0.0017
  weight sum             43     148      76      61      64      24       0       0
  precision            0.01    0.01    0.01    0.01    0.01    0.01    0.01    0.01

Gabor Features34
  mean               6.0844  5.7016  5.5911  6.9793   8.198  7.4188       0       0
  std. dev.           2.906  3.1503  1.7078  2.8657  2.2609  1.3398  0.0017  0.0017
  weight sum             43     148      76      61      64      24       0       0
  precision            0.01    0.01    0.01    0.01    0.01    0.01    0.01    0.01

Gabor Features35
  mean               0.0595  0.0548  0.1151   0.117  0.0748  0.0721       0       0
  std. dev.          0.0292  0.0305  0.0675  0.0772  0.0257  0.0091  0.0017  0.0017
  weight sum             43     148      76      61      64      24       0       0
  precision            0.01    0.01    0.01    0.01    0.01    0.01    0.01    0.01

Gabor Features36
  mean               6.0663  5.6847  5.5746  6.9584  8.1728  7.3958       0       0
  std. dev.          2.8977  3.1408  1.7031  2.8572  2.2539  1.3367  0.0017  0.0017
  weight sum             43     148      76      61      64      24       0       0
  precision            0.01    0.01    0.01    0.01    0.01    0.01    0.01    0.01

Gabor Features37
  mean               0.0593  0.0547  0.1149  0.1167  0.0744  0.0721       0       0
  std. dev.          0.0292  0.0305  0.0673  0.0769  0.0261  0.0091  0.0017  0.0017
  weight sum             43     148      76      61      64      24       0       0
  precision            0.01    0.01    0.01    0.01    0.01    0.01    0.01    0.01

Gabor Features38
  mean               6.0695  5.6874  5.5767  6.9615  8.1758  7.3975       0       0
  std. dev.          2.8993  3.1421  1.7038  2.8582  2.2541  1.3368  0.0017  0.0017
  weight sum             43     148      76      61      64      24       0       0
  precision            0.01    0.01    0.01    0.01    0.01    0.01    0.01    0.01

Gabor Features39
  mean               0.0593  0.0548  0.1149  0.1167  0.0744  0.0721       0       0
  std. dev.          0.0292  0.0305  0.0673  0.0769  0.0261  0.0091  0.0017  0.0017
  weight sum             43     148      76      61      64      24       0       0
  precision            0.01    0.01    0.01    0.01    0.01    0.01    0.01    0.01

Gabor Features40
  mean               6.0695  5.6874  5.5767  6.9615  8.1758  7.3975       0       0
  std. dev.          2.8993  3.1421  1.7038  2.8582  2.2541  1.3368  0.0017  0.0017
  weight sum             43     148      76      61      64      24       0       0
  precision            0.01    0.01    0.01    0.01    0.01    0.01    0.01    0.01

Gabor Features41
  mean               0.0593  0.0548  0.1149  0.1167  0.0744  0.0721       0       0
  std. dev.          0.0292  0.0305  0.0673  0.0769  0.0261  0.0091  0.0017  0.0017
  weight sum             43     148      76      61      64      24       0       0
  precision            0.01    0.01    0.01    0.01    0.01    0.01    0.01    0.01

Gabor Features42
  mean               6.0663  5.6847  5.5746  6.9584  8.1728  7.3958       0       0
  std. dev.          2.8977  3.1408  1.7031  2.8572  2.2539  1.3367  0.0017  0.0017
  weight sum             43     148      76      61      64      24       0       0
  precision            0.01    0.01    0.01    0.01    0.01    0.01    0.01    0.01

Gabor Features43
  mean               0.0593  0.0547  0.1149  0.1167  0.0744  0.0721       0       0
  std. dev.          0.0292  0.0305  0.0673  0.0769  0.0261  0.0091  0.0017  0.0017
  weight sum             43     148      76      61      64      24       0       0
  precision            0.01    0.01    0.01    0.01    0.01    0.01    0.01    0.01

Gabor Features44
  mean               6.0695  5.6874  5.5767  6.9615  8.1758  7.3975       0       0
  std. dev.          2.8993  3.1421  1.7038  2.8582  2.2541  1.3368  0.0017  0.0017
  weight sum             43     148      76      61      64      24       0       0
  precision            0.01    0.01    0.01    0.01    0.01    0.01    0.01    0.01

Gabor Features45
  mean               0.0593  0.0548  0.1149  0.1167  0.0744  0.0721       0       0
  std. dev.          0.0292  0.0305  0.0673  0.0769  0.0261  0.0091  0.0017  0.0017
  weight sum             43     148      76      61      64      24       0       0
  precision            0.01    0.01    0.01    0.01    0.01    0.01    0.01    0.01

Gabor Features46
  mean               6.0695  5.6874  5.5767  6.9615  8.1758  7.3975       0       0
  std. dev.          2.8993  3.1421  1.7038  2.8582  2.2541  1.3368  0.0017  0.0017
  weight sum             43     148      76      61      64      24       0       0
  precision            0.01    0.01    0.01    0.01    0.01    0.01    0.01    0.01

Gabor Features47
  mean               0.0593  0.0548  0.1149  0.1167  0.0744  0.0721       0       0
  std. dev.          0.0292  0.0305  0.0673  0.0769  0.0261  0.0091  0.0017  0.0017
  weight sum             43     148      76      61      64      24       0       0
  precision            0.01    0.01    0.01    0.01    0.01    0.01    0.01    0.01

Gabor Features48
  mean               6.0212  5.6423  5.5333  6.9062  8.1108  7.3404       0       0
  std. dev.          2.8768  3.1177  1.6897  2.8357  2.2376  1.3283  0.0017  0.0017
  weight sum             43     148      76      61      64      24       0       0
  precision            0.01    0.01    0.01    0.01    0.01    0.01    0.01    0.01

Gabor Features49
  mean               0.0588  0.0545  0.1141  0.1151  0.0741  0.0713       0       0
  std. dev.          0.0293  0.0304  0.0669   0.076  0.0257  0.0078  0.0017  0.0017
  weight sum             43     148      76      61      64      24       0       0
  precision            0.01    0.01    0.01    0.01    0.01    0.01    0.01    0.01

Gabor Features50
  mean               6.0226  5.6445  5.5349  6.9087  8.1156  7.3425       0       0
  std. dev.          2.8779  3.1183  1.6901   2.837  2.2385  1.3261  0.0017  0.0017
  weight sum             43     148      76      61      64      24       0       0
  precision            0.01    0.01    0.01    0.01    0.01    0.01    0.01    0.01

Gabor Features51
  mean               0.0591  0.0545  0.1141  0.1152  0.0741  0.0713       0       0
  std. dev.          0.0292  0.0305  0.0669  0.0758  0.0257  0.0078  0.0017  0.0017
  weight sum             43     148      76      61      64      24       0       0
  precision            0.01    0.01    0.01    0.01    0.01    0.01    0.01    0.01

Gabor Features52
  mean               6.0226  5.6445  5.5349  6.9087  8.1156  7.3425       0       0
  std. dev.          2.8779  3.1183  1.6901   2.837  2.2385  1.3261  0.0017  0.0017
  weight sum             43     148      76      61      64      24       0       0
  precision            0.01    0.01    0.01    0.01    0.01    0.01    0.01    0.01

Gabor Features53
  mean               0.0591  0.0545  0.1141  0.1152  0.0741  0.0713       0       0
  std. dev.          0.0292  0.0305  0.0669  0.0758  0.0257  0.0078  0.0017  0.0017
  weight sum             43     148      76      61      64      24       0       0
  precision            0.01    0.01    0.01    0.01    0.01    0.01    0.01    0.01

Gabor Features54
  mean               6.0212  5.6423  5.5333  6.9062  8.1108  7.3404       0       0
  std. dev.          2.8768  3.1177  1.6897  2.8357  2.2376  1.3283  0.0017  0.0017
  weight sum             43     148      76      61      64      24       0       0
  precision            0.01    0.01    0.01    0.01    0.01    0.01    0.01    0.01

Gabor Features55
  mean               0.0588  0.0545  0.1141  0.1151  0.0741  0.0713       0       0
  std. dev.          0.0293  0.0304  0.0669   0.076  0.0257  0.0078  0.0017  0.0017
  weight sum             43     148      76      61      64      24       0       0
  precision            0.01    0.01    0.01    0.01    0.01    0.01    0.01    0.01

Gabor Features56
  mean               6.0226  5.6445  5.5349  6.9087  8.1156  7.3425       0       0
  std. dev.          2.8779  3.1183  1.6901   2.837  2.2385  1.3261  0.0017  0.0017
  weight sum             43     148      76      61      64      24       0       0
  precision            0.01    0.01    0.01    0.01    0.01    0.01    0.01    0.01

Gabor Features57
  mean               0.0591  0.0545  0.1141  0.1152  0.0741  0.0713       0       0
  std. dev.          0.0292  0.0305  0.0669  0.0758  0.0257  0.0078  0.0017  0.0017
  weight sum             43     148      76      61      64      24       0       0
  precision            0.01    0.01    0.01    0.01    0.01    0.01    0.01    0.01

Gabor Features58
  mean               6.0226  5.6445  5.5349  6.9087  8.1156  7.3425       0       0
  std. dev.          2.8779  3.1183  1.6901   2.837  2.2385  1.3261  0.0017  0.0017
  weight sum             43     148      76      61      64      24       0       0
  precision            0.01    0.01    0.01    0.01    0.01    0.01    0.01    0.01

Gabor Features59
  mean               0.0591  0.0545  0.1141  0.1152  0.0741  0.0713       0       0
  std. dev.          0.0292  0.0305  0.0669  0.0758  0.0257  0.0078  0.0017  0.0017
  weight sum             43     148      76      61      64      24       0       0
  precision            0.01    0.01    0.01    0.01    0.01    0.01    0.01    0.01



Time taken to build model: 0.19 seconds

Time taken to test model on training data: 0.07 seconds

=== Error on training data ===

Correctly Classified Instances         185               44.4712 %
Incorrectly Classified Instances       231               55.5288 %
Kappa statistic                          0.3128
Mean absolute error                      0.1417
Root mean squared error                  0.3653
Relative absolute error                 72.4263 %
Root relative squared error            116.9173 %
Total Number of Instances              416     


=== Detailed Accuracy By Class ===

                 TP Rate  FP Rate  Precision  Recall   F-Measure  MCC      ROC Area  PRC Area  Class
                 0.186    0.059    0.267      0.186    0.219      0.150    0.589     0.183     K1
                 0.568    0.142    0.689      0.568    0.622      0.448    0.727     0.627     K2
                 0.263    0.053    0.526      0.263    0.351      0.282    0.809     0.494     K3
                 0.230    0.037    0.519      0.230    0.318      0.277    0.677     0.362     K4
                 0.594    0.216    0.333      0.594    0.427      0.306    0.753     0.286     K5
                 0.875    0.163    0.247      0.875    0.385      0.412    0.917     0.418     K6
                 ?        0.000    ?          ?        ?          ?        ?         ?         K7
                 ?        0.000    ?          ?        ?          ?        ?         ?         K8
Weighted Avg.    0.445    0.114    0.510      0.445    0.443      0.338    0.735     0.453     


=== Confusion Matrix ===

  a  b  c  d  e  f  g  h   <-- classified as
  8 15  1  2  7 10  0  0 |  a = K1
  6 84  2  1 36 19  0  0 |  b = K2
  9  9 20  8 15 15  0  0 |  c = K3
  5  9  7 14 16 10  0  0 |  d = K4
  2  4  8  2 38 10  0  0 |  e = K5
  0  1  0  0  2 21  0  0 |  f = K6
  0  0  0  0  0  0  0  0 |  g = K7
  0  0  0  0  0  0  0  0 |  h = K8

Time taken to perform cross-validation: 0.09 seconds


=== Stratified cross-validation ===

Correctly Classified Instances         169               40.625  %
Incorrectly Classified Instances       247               59.375  %
Kappa statistic                          0.2684
Mean absolute error                      0.1502
Root mean squared error                  0.3771
Relative absolute error                 76.7389 %
Root relative squared error            120.7006 %
Total Number of Instances              416     


=== Detailed Accuracy By Class ===

                 TP Rate  FP Rate  Precision  Recall   F-Measure  MCC      ROC Area  PRC Area  Class
                 0.093    0.072    0.129      0.093    0.108      0.024    0.523     0.117     K1
                 0.541    0.134    0.690      0.541    0.606      0.434    0.710     0.574     K2
                 0.250    0.056    0.500      0.250    0.333      0.260    0.792     0.442     K3
                 0.197    0.048    0.414      0.197    0.267      0.207    0.647     0.319     K4
                 0.531    0.230    0.296      0.531    0.380      0.243    0.734     0.252     K5
                 0.833    0.171    0.230      0.833    0.360      0.380    0.899     0.355     K6
                 ?        0.000    ?          ?        ?          ?        ?         ?         K7
                 ?        0.000    ?          ?        ?          ?        ?         ?         K8
Weighted Avg.    0.406    0.118    0.469      0.406    0.406      0.294    0.711     0.403     


=== Confusion Matrix ===

  a  b  c  d  e  f  g  h   <-- classified as
  4 16  1  2  7 13  0  0 |  a = K1
  8 80  1  1 40 18  0  0 |  b = K2
 10  8 19 10 15 14  0  0 |  c = K3
  5  8  9 12 16 11  0  0 |  d = K4
  4  3  8  4 34 11  0  0 |  e = K5
  0  1  0  0  3 20  0  0 |  f = K6
  0  0  0  0  0  0  0  0 |  g = K7
  0  0  0  0  0  0  0  0 |  h = K8

