
=== Classifier model (full training set) ===

Naive Bayes Classifier

                                       Class
Attribute                                 K1       K2       K3       K4       K5       K6       K7       K8
                                       (0.1)   (0.35)   (0.18)   (0.15)   (0.15)   (0.06)      (0)      (0)
============================================================================================================
Histogram of JPEG Coefficients0
  mean                                39.5116  31.8716  93.3289 107.9508   1.8125     0.25        0        0
  std. dev.                           57.4365  48.8535   80.704  77.5625    3.836   0.6614   0.0017   0.0017
  weight sum                               43      148       76       61       64       24        0        0
  precision                              0.01     0.01     0.01     0.01     0.01     0.01     0.01     0.01

Histogram of JPEG Coefficients1
  mean                               236.7907 229.8514 179.1447 194.2295 126.8438 175.8333        0        0
  std. dev.                           28.9318  38.0743  99.6096  87.3967  71.5053  43.2884   0.0017   0.0017
  weight sum                               43      148       76       61       64       24        0        0
  precision                              0.01     0.01     0.01     0.01     0.01     0.01     0.01     0.01

Histogram of JPEG Coefficients2
  mean                               210.2326  183.777 161.5395 173.9836 166.0938  209.625        0        0
  std. dev.                            35.199  45.1633   73.715  66.6418  77.7522   35.172   0.0017   0.0017
  weight sum                               43      148       76       61       64       24        0        0
  precision                              0.01     0.01     0.01     0.01     0.01     0.01     0.01     0.01

Histogram of JPEG Coefficients3
  mean                               119.7674 110.3243 115.1053 121.9836 148.6875 194.8333        0        0
  std. dev.                            29.438  35.6073  59.7795  56.2199  68.4333  43.3279   0.0017   0.0017
  weight sum                               43      148       76       61       64       24        0        0
  precision                              0.01     0.01     0.01     0.01     0.01     0.01     0.01     0.01

Histogram of JPEG Coefficients4
  mean                                72.7674  60.0473  91.6053 100.5246 135.2031 172.9167        0        0
  std. dev.                           28.1572  29.4449   52.723  58.6304  80.1097  37.1258   0.0017   0.0017
  weight sum                               43      148       76       61       64       24        0        0
  precision                              0.01     0.01     0.01     0.01     0.01     0.01     0.01     0.01

Histogram of JPEG Coefficients5
  mean                                49.7674  48.2973  63.8421  64.8033  91.2188 123.4583        0        0
  std. dev.                           24.8679  31.8407  42.1226  35.4932   55.691  49.2358   0.0017   0.0017
  weight sum                               43      148       76       61       64       24        0        0
  precision                              0.01     0.01     0.01     0.01     0.01     0.01     0.01     0.01

Histogram of JPEG Coefficients6
  mean                                34.7674  32.8243  47.0921  61.7705  83.7813 122.6667        0        0
  std. dev.                            22.183  22.5553   31.255  43.9509  51.9824  49.1424   0.0017   0.0017
  weight sum                               43      148       76       61       64       24        0        0
  precision                              0.01     0.01     0.01     0.01     0.01     0.01     0.01     0.01

Histogram of JPEG Coefficients7
  mean                                36.6744   38.473  44.1184  59.1967  83.0313 111.6667        0        0
  std. dev.                           25.3641  24.1475  27.9605    35.01  62.1671  59.2345   0.0017   0.0017
  weight sum                               43      148       76       61       64       24        0        0
  precision                              0.01     0.01     0.01     0.01     0.01     0.01     0.01     0.01

Histogram of JPEG Coefficients8
  mean                               174.5116 200.1554  88.3026   72.082  97.0781 119.0833        0        0
  std. dev.                           54.7091  44.7523   54.188  39.2442   61.741  41.4577   0.0017   0.0017
  weight sum                               43      148       76       61       64       24        0        0
  precision                              0.01     0.01     0.01     0.01     0.01     0.01     0.01     0.01

Histogram of JPEG Coefficients9
  mean                               193.1395 165.9054 160.1579 125.1475 173.1875 211.1667        0        0
  std. dev.                           46.8375  44.1529  80.2447    64.78  80.8235  55.8537   0.0017   0.0017
  weight sum                               43      148       76       61       64       24        0        0
  precision                              0.01     0.01     0.01     0.01     0.01     0.01     0.01     0.01

Histogram of JPEG Coefficients10
  mean                               114.2558     97.5 123.9079 100.7377 181.4063   175.75        0        0
  std. dev.                           37.7723  38.4809  66.5978  48.3691  62.4394  36.1631   0.0017   0.0017
  weight sum                               43      148       76       61       64       24        0        0
  precision                              0.01     0.01     0.01     0.01     0.01     0.01     0.01     0.01

Histogram of JPEG Coefficients11
  mean                                50.9767  40.8311  82.5789  73.9836 144.3125 160.2917        0        0
  std. dev.                           21.1303  21.8398  50.0111  38.2355   60.129  40.9079   0.0017   0.0017
  weight sum                               43      148       76       61       64       24        0        0
  precision                              0.01     0.01     0.01     0.01     0.01     0.01     0.01     0.01

Histogram of JPEG Coefficients12
  mean                                24.2558  22.0338  57.4474  59.9672 103.1875 122.5833        0        0
  std. dev.                           10.6577  14.0469  44.3682  39.9873  51.8986  32.8582   0.0017   0.0017
  weight sum                               43      148       76       61       64       24        0        0
  precision                              0.01     0.01     0.01     0.01     0.01     0.01     0.01     0.01

Histogram of JPEG Coefficients13
  mean                                10.6744  10.7905  39.7763  39.2951  85.6719   98.375        0        0
  std. dev.                            7.1779   7.4989   27.455  23.2825  51.6019  41.8677   0.0017   0.0017
  weight sum                               43      148       76       61       64       24        0        0
  precision                              0.01     0.01     0.01     0.01     0.01     0.01     0.01     0.01

Histogram of JPEG Coefficients14
  mean                                10.0233  11.0946  27.7368  38.2295  71.0938  83.9583        0        0
  std. dev.                            6.4212   7.4854  20.3168  27.4742  41.2692  44.3278   0.0017   0.0017
  weight sum                               43      148       76       61       64       24        0        0
  precision                              0.01     0.01     0.01     0.01     0.01     0.01     0.01     0.01

Histogram of JPEG Coefficients15
  mean                                 20.907  23.1622  34.5395   36.459  77.3438 101.5417        0        0
  std. dev.                           15.9225  13.0597  39.0948  24.4846  61.7898  68.8071   0.0017   0.0017
  weight sum                               43      148       76       61       64       24        0        0
  precision                              0.01     0.01     0.01     0.01     0.01     0.01     0.01     0.01

Histogram of JPEG Coefficients16
  mean                               156.1395 181.3716  91.2895  71.9016 116.1406  114.375        0        0
  std. dev.                           48.4036   48.862  53.5259  32.2799  62.5882  40.8042   0.0017   0.0017
  weight sum                               43      148       76       61       64       24        0        0
  precision                              0.01     0.01     0.01     0.01     0.01     0.01     0.01     0.01

Histogram of JPEG Coefficients17
  mean                               111.1395  95.1689   121.75  87.6885 164.2031 150.8333        0        0
  std. dev.                           37.1575  34.7393  59.0052  46.4488  70.9875  45.2867   0.0017   0.0017
  weight sum                               43      148       76       61       64       24        0        0
  precision                              0.01     0.01     0.01     0.01     0.01     0.01     0.01     0.01

Histogram of JPEG Coefficients18
  mean                                74.1395  52.5878  95.4868  61.6557  172.375   130.75        0        0
  std. dev.                           30.8911  25.4144  56.2227  36.6279  61.9757  28.9831   0.0017   0.0017
  weight sum                               43      148       76       61       64       24        0        0
  precision                              0.01     0.01     0.01     0.01     0.01     0.01     0.01     0.01

Histogram of JPEG Coefficients19
  mean                                30.9535  22.0338  67.2368   51.459 145.1406   107.75        0        0
  std. dev.                           15.4166  12.7329  42.7292  34.3981  47.8774  28.2581   0.0017   0.0017
  weight sum                               43      148       76       61       64       24        0        0
  precision                              0.01     0.01     0.01     0.01     0.01     0.01     0.01     0.01

Histogram of JPEG Coefficients20
  mean                                13.7209  13.1554  46.2237  39.5246   82.125   86.375        0        0
  std. dev.                            8.0992   8.7909  33.5075    25.78  43.1033  30.4464   0.0017   0.0017
  weight sum                               43      148       76       61       64       24        0        0
  precision                              0.01     0.01     0.01     0.01     0.01     0.01     0.01     0.01

Histogram of JPEG Coefficients21
  mean                                 8.2093   8.2973  24.6842   34.377  66.7344  63.5833        0        0
  std. dev.                            5.7042   7.0024  20.1228  33.6102  35.9858  40.9938   0.0017   0.0017
  weight sum                               43      148       76       61       64       24        0        0
  precision                              0.01     0.01     0.01     0.01     0.01     0.01     0.01     0.01

Histogram of JPEG Coefficients22
  mean                                  8.907  10.7703  27.6053  29.9836  62.7188    61.75        0        0
  std. dev.                            5.3822   7.2987  28.9973  18.6244   44.851  28.4857   0.0017   0.0017
  weight sum                               43      148       76       61       64       24        0        0
  precision                              0.01     0.01     0.01     0.01     0.01     0.01     0.01     0.01

Histogram of JPEG Coefficients23
  mean                                15.4186  18.7905  24.9737  34.7705  56.4531  74.2083        0        0
  std. dev.                           11.2379  10.0916  17.8178  34.3432  42.3268  53.5195   0.0017   0.0017
  weight sum                               43      148       76       61       64       24        0        0
  precision                              0.01     0.01     0.01     0.01     0.01     0.01     0.01     0.01

Histogram of JPEG Coefficients24
  mean                                    106 135.7635  71.9211  49.5082 102.6719  92.3333        0        0
  std. dev.                           33.4386  40.9981  46.4922  25.5783  54.2598  46.4351   0.0017   0.0017
  weight sum                               43      148       76       61       64       24        0        0
  precision                              0.01     0.01     0.01     0.01     0.01     0.01     0.01     0.01

Histogram of JPEG Coefficients25
  mean                                 62.186  50.9122  74.9737  57.3607 118.8281 111.5417        0        0
  std. dev.                            27.326  23.3426  37.7788  34.2355  56.4202  30.9421   0.0017   0.0017
  weight sum                               43      148       76       61       64       24        0        0
  precision                              0.01     0.01     0.01     0.01     0.01     0.01     0.01     0.01

Histogram of JPEG Coefficients26
  mean                                 32.186  22.7905  61.3553  52.8852 125.2969  96.3333        0        0
  std. dev.                           14.6657  13.3012  44.5648  42.9789  61.6332  26.0507   0.0017   0.0017
  weight sum                               43      148       76       61       64       24        0        0
  precision                              0.01     0.01     0.01     0.01     0.01     0.01     0.01     0.01

Histogram of JPEG Coefficients27
  mean                                 18.907    13.75  54.7763  32.0328    105.5   78.875        0        0
  std. dev.                             9.452    7.879  48.6266  19.1833  51.3329  21.9665   0.0017   0.0017
  weight sum                               43      148       76       61       64       24        0        0
  precision                              0.01     0.01     0.01     0.01     0.01     0.01     0.01     0.01

Histogram of JPEG Coefficients28
  mean                                 7.4186   6.2027  29.4868  26.1475  79.4219    47.25        0        0
  std. dev.                            3.8894   5.1491   30.859  26.9108  48.2609  17.5481   0.0017   0.0017
  weight sum                               43      148       76       61       64       24        0        0
  precision                              0.01     0.01     0.01     0.01     0.01     0.01     0.01     0.01

Histogram of JPEG Coefficients29
  mean                                 4.0698   4.5541  21.5658  28.2623  58.4844  54.9583        0        0
  std. dev.                            2.6448   3.4451  23.2596  32.9868  47.1802  37.6502   0.0017   0.0017
  weight sum                               43      148       76       61       64       24        0        0
  precision                              0.01     0.01     0.01     0.01     0.01     0.01     0.01     0.01

Histogram of JPEG Coefficients30
  mean                                 5.8372   6.8986  17.6184  21.4426  49.1563  41.4583        0        0
  std. dev.                            2.9644   4.3569  12.7279  19.5268  46.1885  22.6531   0.0017   0.0017
  weight sum                               43      148       76       61       64       24        0        0
  precision                              0.01     0.01     0.01     0.01     0.01     0.01     0.01     0.01

Histogram of JPEG Coefficients31
  mean                                13.5116   17.277  24.6053  29.9672  60.0938    52.75        0        0
  std. dev.                            8.9608   8.7246  18.2029  19.1011  51.1079  39.8834   0.0017   0.0017
  weight sum                               43      148       76       61       64       24        0        0
  precision                              0.01     0.01     0.01     0.01     0.01     0.01     0.01     0.01

Histogram of JPEG Coefficients32
  mean                                61.0465  80.1081  45.1316  37.8197 110.7344    85.25        0        0
  std. dev.                           25.3963  30.3927  35.8389  24.4772  76.5997  45.8923   0.0017   0.0017
  weight sum                               43      148       76       61       64       24        0        0
  precision                              0.01     0.01     0.01     0.01     0.01     0.01     0.01     0.01

Histogram of JPEG Coefficients33
  mean                                28.7209  25.8378  39.6579  42.5574 100.9531  85.4583        0        0
  std. dev.                           13.5051  13.6536   37.749  30.6971  53.3568  27.0678   0.0017   0.0017
  weight sum                               43      148       76       61       64       24        0        0
  precision                              0.01     0.01     0.01     0.01     0.01     0.01     0.01     0.01

Histogram of JPEG Coefficients34
  mean                                 11.093   9.3581  39.8421  26.8197    82.75       53        0        0
  std. dev.                            6.3897   5.7505  33.7787  15.0186  47.9472  16.6383   0.0017   0.0017
  weight sum                               43      148       76       61       64       24        0        0
  precision                              0.01     0.01     0.01     0.01     0.01     0.01     0.01     0.01

Histogram of JPEG Coefficients35
  mean                                 6.5814   4.9865  29.9079  20.8852  71.6094    52.25        0        0
  std. dev.                            4.7261   3.7308  37.9484  16.5342  41.4124  22.6555   0.0017   0.0017
  weight sum                               43      148       76       61       64       24        0        0
  precision                              0.01     0.01     0.01     0.01     0.01     0.01     0.01     0.01

Histogram of JPEG Coefficients36
  mean                                 3.6977   2.7568  28.1316  15.8525  64.0625   32.125        0        0
  std. dev.                            2.5657   2.3093  46.6818  15.3365  53.8426  17.5103   0.0017   0.0017
  weight sum                               43      148       76       61       64       24        0        0
  precision                              0.01     0.01     0.01     0.01     0.01     0.01     0.01     0.01

Histogram of JPEG Coefficients37
  mean                                  4.093   4.6149  27.3684       19  46.8281   41.625        0        0
  std. dev.                              2.39   3.4534  35.5001  24.1097  46.8567   25.053   0.0017   0.0017
  weight sum                               43      148       76       61       64       24        0        0
  precision                              0.01     0.01     0.01     0.01     0.01     0.01     0.01     0.01

Histogram of JPEG Coefficients38
  mean                                 5.4419   6.8851  20.8158  27.3443  37.0156  50.5417        0        0
  std. dev.                            2.9119   4.4106  16.9245  28.6505  32.1828  51.3663   0.0017   0.0017
  weight sum                               43      148       76       61       64       24        0        0
  precision                              0.01     0.01     0.01     0.01     0.01     0.01     0.01     0.01

Histogram of JPEG Coefficients39
  mean                                12.2791  16.0473  23.1711  29.6885  43.7813  47.8333        0        0
  std. dev.                            7.9103   7.9469  25.5206  38.5438  39.0286  30.2912   0.0017   0.0017
  weight sum                               43      148       76       61       64       24        0        0
  precision                              0.01     0.01     0.01     0.01     0.01     0.01     0.01     0.01

Histogram of JPEG Coefficients40
  mean                                49.3023  69.7162  29.3816  24.0984  84.0781  65.3333        0        0
  std. dev.                           25.7416  29.5788  23.4133  14.9367  79.2761  51.7379   0.0017   0.0017
  weight sum                               43      148       76       61       64       24        0        0
  precision                              0.01     0.01     0.01     0.01     0.01     0.01     0.01     0.01

Histogram of JPEG Coefficients41
  mean                                13.0465  12.8919  24.9342  30.8689   66.625  49.2917        0        0
  std. dev.                            8.3665   7.5419  22.9027  27.9358  38.6145  13.8157   0.0017   0.0017
  weight sum                               43      148       76       61       64       24        0        0
  precision                              0.01     0.01     0.01     0.01     0.01     0.01     0.01     0.01

Histogram of JPEG Coefficients42
  mean                                 5.5116     6.25  24.1579       18   59.375    42.75        0        0
  std. dev.                             4.406   4.4931  27.3501  11.8999   45.976  17.7136   0.0017   0.0017
  weight sum                               43      148       76       61       64       24        0        0
  precision                              0.01     0.01     0.01     0.01     0.01     0.01     0.01     0.01

Histogram of JPEG Coefficients43
  mean                                 3.4419   3.8851  14.9474  14.7377  44.0938  28.4167        0        0
  std. dev.                             3.135   3.5058  16.6298  10.8066  37.3316  17.0585   0.0017   0.0017
  weight sum                               43      148       76       61       64       24        0        0
  precision                              0.01     0.01     0.01     0.01     0.01     0.01     0.01     0.01

Histogram of JPEG Coefficients44
  mean                                 2.9535   2.7635  14.1316   14.623  46.3125  19.9583        0        0
  std. dev.                            1.9643   1.8937  12.7819  10.9202  39.8955   9.5937   0.0017   0.0017
  weight sum                               43      148       76       61       64       24        0        0
  precision                              0.01     0.01     0.01     0.01     0.01     0.01     0.01     0.01

Histogram of JPEG Coefficients45
  mean                                 3.8372   4.8581  20.8158  13.5246  44.5156  26.2083        0        0
  std. dev.                            2.5237    3.255   26.192  10.5093  54.9974  19.1941   0.0017   0.0017
  weight sum                               43      148       76       61       64       24        0        0
  precision                              0.01     0.01     0.01     0.01     0.01     0.01     0.01     0.01

Histogram of JPEG Coefficients46
  mean                                  7.907  10.2365  21.3289  24.9016  40.8281  26.8333        0        0
  std. dev.                            4.5791   6.1241    19.13   27.332  37.4552  19.3017   0.0017   0.0017
  weight sum                               43      148       76       61       64       24        0        0
  precision                              0.01     0.01     0.01     0.01     0.01     0.01     0.01     0.01

Histogram of JPEG Coefficients47
  mean                                13.3721  17.3919  30.8026  29.2951  43.8281  36.9583        0        0
  std. dev.                            7.1529    8.733  33.7011  24.9842  32.3538  23.5946   0.0017   0.0017
  weight sum                               43      148       76       61       64       24        0        0
  precision                              0.01     0.01     0.01     0.01     0.01     0.01     0.01     0.01

Histogram of JPEG Coefficients48
  mean                                18.8372  31.6149  27.9079  24.3115  68.6094  45.4583        0        0
  std. dev.                           14.0331  16.1101    31.59  18.7385  57.8313  33.8243   0.0017   0.0017
  weight sum                               43      148       76       61       64       24        0        0
  precision                              0.01     0.01     0.01     0.01     0.01     0.01     0.01     0.01

Histogram of JPEG Coefficients49
  mean                                 7.0465   8.9662       27  26.3443  44.1719  59.9167        0        0
  std. dev.                            6.0998   5.6931  27.2744  18.5436  29.3628  38.7706   0.0017   0.0017
  weight sum                               43      148       76       61       64       24        0        0
  precision                              0.01     0.01     0.01     0.01     0.01     0.01     0.01     0.01

Histogram of JPEG Coefficients50
  mean                                 4.3256   5.2703  20.8158   20.623  39.7344  30.2917        0        0
  std. dev.                            3.3669   3.6439  24.3822  14.1238  33.8361  15.0263   0.0017   0.0017
  weight sum                               43      148       76       61       64       24        0        0
  precision                              0.01     0.01     0.01     0.01     0.01     0.01     0.01     0.01

Histogram of JPEG Coefficients51
  mean                                 3.4884   5.0878  17.4474  19.1639   31.375   30.875        0        0
  std. dev.                            2.9045   3.2527  16.2371  15.4072  28.0126  15.7224   0.0017   0.0017
  weight sum                               43      148       76       61       64       24        0        0
  precision                              0.01     0.01     0.01     0.01     0.01     0.01     0.01     0.01

Histogram of JPEG Coefficients52
  mean                                 3.3721   4.2568  21.9079  27.2459  26.0781  32.7083        0        0
  std. dev.                            2.0801   3.0869  24.7812  39.4007  19.5938  17.7963   0.0017   0.0017
  weight sum                               43      148       76       61       64       24        0        0
  precision                              0.01     0.01     0.01     0.01     0.01     0.01     0.01     0.01

Histogram of JPEG Coefficients53
  mean                                      7        9  25.1711  24.4754   38.375  31.2917        0        0
  std. dev.                            3.8216   5.7387  30.4023  27.2725   32.895   17.408   0.0017   0.0017
  weight sum                               43      148       76       61       64       24        0        0
  precision                              0.01     0.01     0.01     0.01     0.01     0.01     0.01     0.01

Histogram of JPEG Coefficients54
  mean                                 9.2093  11.2635  33.7368  40.0164  57.0313  34.6667        0        0
  std. dev.                            3.9151   5.7567  31.5838  31.7978  46.8572  17.9575   0.0017   0.0017
  weight sum                               43      148       76       61       64       24        0        0
  precision                              0.01     0.01     0.01     0.01     0.01     0.01     0.01     0.01

Histogram of JPEG Coefficients55
  mean                                16.4884  21.6622  51.8289  43.6721  58.6563  49.2083        0        0
  std. dev.                            8.4589   9.5575  43.6304  42.3137  45.0157   21.358   0.0017   0.0017
  weight sum                               43      148       76       61       64       24        0        0
  precision                              0.01     0.01     0.01     0.01     0.01     0.01     0.01     0.01

Histogram of JPEG Coefficients56
  mean                                21.6279  37.6149  24.8553  22.2951  57.1406    53.75        0        0
  std. dev.                           18.7195  18.6455  20.7147   16.907  36.1887  42.5042   0.0017   0.0017
  weight sum                               43      148       76       61       64       24        0        0
  precision                              0.01     0.01     0.01     0.01     0.01     0.01     0.01     0.01

Histogram of JPEG Coefficients57
  mean                                 7.1628  10.6757  25.0395  23.9836  48.0156  56.1667        0        0
  std. dev.                            6.5483   5.9334  23.4815   18.507  37.3579  32.1684   0.0017   0.0017
  weight sum                               43      148       76       61       64       24        0        0
  precision                              0.01     0.01     0.01     0.01     0.01     0.01     0.01     0.01

Histogram of JPEG Coefficients58
  mean                                 6.9302   9.5338  22.8289   34.918  49.7969   58.125        0        0
  std. dev.                            4.3955   5.1484  18.2269  36.2768  44.8592  24.8132   0.0017   0.0017
  weight sum                               43      148       76       61       64       24        0        0
  precision                              0.01     0.01     0.01     0.01     0.01     0.01     0.01     0.01

Histogram of JPEG Coefficients59
  mean                                 7.1628   9.1149  23.4211  24.2623   34.375   48.625        0        0
  std. dev.                            3.9114   4.7683  19.1175  17.9552  27.0176  21.6637   0.0017   0.0017
  weight sum                               43      148       76       61       64       24        0        0
  precision                              0.01     0.01     0.01     0.01     0.01     0.01     0.01     0.01

Histogram of JPEG Coefficients60
  mean                                 8.2093   9.8716  25.4211  32.8689  35.9219  38.2083        0        0
  std. dev.                            3.6762   4.8341  27.9799  30.0374  31.0183  25.2008   0.0017   0.0017
  weight sum                               43      148       76       61       64       24        0        0
  precision                              0.01     0.01     0.01     0.01     0.01     0.01     0.01     0.01

Histogram of JPEG Coefficients61
  mean                                 8.4186     10.5  24.4605   25.377  31.0938    27.75        0        0
  std. dev.                            3.3566   4.8218   22.735  21.9225  24.2047  16.7984   0.0017   0.0017
  weight sum                               43      148       76       61       64       24        0        0
  precision                              0.01     0.01     0.01     0.01     0.01     0.01     0.01     0.01

Histogram of JPEG Coefficients62
  mean                                12.2093  15.5405  45.3816  46.4754    52.75  40.4583        0        0
  std. dev.                            4.6233   7.1918  41.5011  38.5574  31.9399  19.2656   0.0017   0.0017
  weight sum                               43      148       76       61       64       24        0        0
  precision                              0.01     0.01     0.01     0.01     0.01     0.01     0.01     0.01

Histogram of JPEG Coefficients63
  mean                                23.1163  32.3784  75.0526   72.459  92.0625  48.3333        0        0
  std. dev.                            9.9469  13.4035  58.4929  59.2761  58.4497  19.0562   0.0017   0.0017
  weight sum                               43      148       76       61       64       24        0        0
  precision                              0.01     0.01     0.01     0.01     0.01     0.01     0.01     0.01

Histogram of JPEG Coefficients64
  mean                                 55.814  50.9662 140.1053 150.6721  19.9531  24.4583        0        0
  std. dev.                           60.8392  65.0715 112.0918   99.007  32.6441  34.2892   0.0017   0.0017
  weight sum                               43      148       76       61       64       24        0        0
  precision                              0.01     0.01     0.01     0.01     0.01     0.01     0.01     0.01

Histogram of JPEG Coefficients65
  mean                                242.186 241.4054 160.9605 183.6393 159.4219 192.2083        0        0
  std. dev.                           31.5427  25.6773  94.4175  83.3985  63.3721  34.8138   0.0017   0.0017
  weight sum                               43      148       76       61       64       24        0        0
  precision                              0.01     0.01     0.01     0.01     0.01     0.01     0.01     0.01

Histogram of JPEG Coefficients66
  mean                               133.5581 113.9595 137.3026  159.082 172.1563  229.625        0        0
  std. dev.                            39.854  36.1031  84.9114  73.1538  61.6442  25.0862   0.0017   0.0017
  weight sum                               43      148       76       61       64       24        0        0
  precision                              0.01     0.01     0.01     0.01     0.01     0.01     0.01     0.01

Histogram of JPEG Coefficients67
  mean                                68.4651  69.0135 133.0395  140.541 128.0156      189        0        0
  std. dev.                           24.5796  27.2808  72.3317  65.4076  48.7364  30.7652   0.0017   0.0017
  weight sum                               43      148       76       61       64       24        0        0
  precision                              0.01     0.01     0.01     0.01     0.01     0.01     0.01     0.01

Histogram of JPEG Coefficients68
  mean                                88.5116   83.723 106.6842 106.4262  94.9375 118.8333        0        0
  std. dev.                            34.029   34.648  75.0779  57.2053  58.4476  44.6362   0.0017   0.0017
  weight sum                               43      148       76       61       64       24        0        0
  precision                              0.01     0.01     0.01     0.01     0.01     0.01     0.01     0.01

Histogram of JPEG Coefficients69
  mean                               100.6279 106.6149 100.6447 108.1967  73.7188  85.2917        0        0
  std. dev.                           40.7328  46.4908  64.2955  56.9371  40.3456  44.4105   0.0017   0.0017
  weight sum                               43      148       76       61       64       24        0        0
  precision                              0.01     0.01     0.01     0.01     0.01     0.01     0.01     0.01

Histogram of JPEG Coefficients70
  mean                                93.1628  87.7095  86.3816  93.5738  91.3906    83.75        0        0
  std. dev.                           31.7446  36.4687  54.6816  57.9436  42.1217  39.5509   0.0017   0.0017
  weight sum                               43      148       76       61       64       24        0        0
  precision                              0.01     0.01     0.01     0.01     0.01     0.01     0.01     0.01

Histogram of JPEG Coefficients71
  mean                                118.186 122.4257 108.3684 125.2459 104.7969  106.375        0        0
  std. dev.                           41.1058  53.8527  65.0548  71.8228  54.6792  41.6891   0.0017   0.0017
  weight sum                               43      148       76       61       64       24        0        0
  precision                              0.01     0.01     0.01     0.01     0.01     0.01     0.01     0.01

Histogram of JPEG Coefficients72
  mean                               177.3488 201.8243  59.5526  63.0656 106.5781 146.2083        0        0
  std. dev.                           54.8384  51.1265  49.4784  50.5552  60.0354  43.0436   0.0017   0.0017
  weight sum                               43      148       76       61       64       24        0        0
  precision                              0.01     0.01     0.01     0.01     0.01     0.01     0.01     0.01

Histogram of JPEG Coefficients73
  mean                               121.6047 103.5878  88.9868  92.1148  190.125 219.8333        0        0
  std. dev.                           42.6032  40.7764  62.2714  58.6876  73.7626  33.6893   0.0017   0.0017
  weight sum                               43      148       76       61       64       24        0        0
  precision                              0.01     0.01     0.01     0.01     0.01     0.01     0.01     0.01

Histogram of JPEG Coefficients74
  mean                                21.4651  16.6216  89.1053  80.3443 175.1563  180.875        0        0
  std. dev.                           14.1969  12.3935  47.2679  46.5406  63.2004  30.7101   0.0017   0.0017
  weight sum                               43      148       76       61       64       24        0        0
  precision                              0.01     0.01     0.01     0.01     0.01     0.01     0.01     0.01

Histogram of JPEG Coefficients75
  mean                                11.7907  10.4392  97.2368  84.3934 101.7188 150.3333        0        0
  std. dev.                            6.4648   5.8405  53.0243  48.6052  45.2091  44.0792   0.0017   0.0017
  weight sum                               43      148       76       61       64       24        0        0
  precision                              0.01     0.01     0.01     0.01     0.01     0.01     0.01     0.01

Histogram of JPEG Coefficients76
  mean                                26.2558  24.1757  62.4605  59.8525  66.1719    86.25        0        0
  std. dev.                            8.1814   8.9168  43.0653  49.7432  40.1383  44.3295   0.0017   0.0017
  weight sum                               43      148       76       61       64       24        0        0
  precision                              0.01     0.01     0.01     0.01     0.01     0.01     0.01     0.01

Histogram of JPEG Coefficients77
  mean                                31.0233  31.4189  53.3158  53.2623  55.6563  60.0833        0        0
  std. dev.                            9.6025   11.167   36.457    36.02  30.5733  32.2412   0.0017   0.0017
  weight sum                               43      148       76       61       64       24        0        0
  precision                              0.01     0.01     0.01     0.01     0.01     0.01     0.01     0.01

Histogram of JPEG Coefficients78
  mean                                34.1163  32.1081  77.3026  68.1803   71.375    73.25        0        0
  std. dev.                             7.387  10.0788  52.7696  43.1154   36.561  36.9202   0.0017   0.0017
  weight sum                               43      148       76       61       64       24        0        0
  precision                              0.01     0.01     0.01     0.01     0.01     0.01     0.01     0.01

Histogram of JPEG Coefficients79
  mean                                 55.907  60.5811  96.6053  87.2787 100.1563   93.625        0        0
  std. dev.                           20.9582  24.1594   64.636  50.6137  44.4692  43.6643   0.0017   0.0017
  weight sum                               43      148       76       61       64       24        0        0
  precision                              0.01     0.01     0.01     0.01     0.01     0.01     0.01     0.01

Histogram of JPEG Coefficients80
  mean                                82.0698 100.1824  57.5789  52.5082 126.7188  151.375        0        0
  std. dev.                           32.3939    36.33  44.2071  33.1937  61.8111    38.61   0.0017   0.0017
  weight sum                               43      148       76       61       64       24        0        0
  precision                              0.01     0.01     0.01     0.01     0.01     0.01     0.01     0.01

Histogram of JPEG Coefficients81
  mean                                     18  14.8649  70.6842  68.2787 181.3438  162.125        0        0
  std. dev.                            9.9136   11.877  41.8221  32.3876   67.763  27.5474   0.0017   0.0017
  weight sum                               43      148       76       61       64       24        0        0
  precision                              0.01     0.01     0.01     0.01     0.01     0.01     0.01     0.01

Histogram of JPEG Coefficients82
  mean                                 5.2093   3.4595  91.8816  74.2951 132.4375   134.25        0        0
  std. dev.                            4.6484   4.3424  51.7969   47.399  46.4613  36.4432   0.0017   0.0017
  weight sum                               43      148       76       61       64       24        0        0
  precision                              0.01     0.01     0.01     0.01     0.01     0.01     0.01     0.01

Histogram of JPEG Coefficients83
  mean                                 5.2326   4.3581  53.7895  47.1475    98.75  71.7083        0        0
  std. dev.                            3.9405   3.1793  38.0202  34.2449  53.5957     35.2   0.0017   0.0017
  weight sum                               43      148       76       61       64       24        0        0
  precision                              0.01     0.01     0.01     0.01     0.01     0.01     0.01     0.01

Histogram of JPEG Coefficients84
  mean                                 6.9767   7.8716  57.8816   50.459  54.0781  57.4583        0        0
  std. dev.                            3.5796   4.4891  40.7389  38.7677  30.4366  23.0362   0.0017   0.0017
  weight sum                               43      148       76       61       64       24        0        0
  precision                              0.01     0.01     0.01     0.01     0.01     0.01     0.01     0.01

Histogram of JPEG Coefficients85
  mean                                10.1628  10.8919  53.2763  48.3115  42.7969  54.7083        0        0
  std. dev.                            3.7037   5.2313  38.4203  35.4329  24.1118  32.6834   0.0017   0.0017
  weight sum                               43      148       76       61       64       24        0        0
  precision                              0.01     0.01     0.01     0.01     0.01     0.01     0.01     0.01

Histogram of JPEG Coefficients86
  mean                                15.2558  17.1622  60.7895  56.3934  55.9063  65.5417        0        0
  std. dev.                            5.5994   7.8526  49.0902  36.3721  35.9517  38.1127   0.0017   0.0017
  weight sum                               43      148       76       61       64       24        0        0
  precision                              0.01     0.01     0.01     0.01     0.01     0.01     0.01     0.01

Histogram of JPEG Coefficients87
  mean                                42.0233  45.5405  84.2763  94.8689  99.0781  91.2917        0        0
  std. dev.                           18.6691  19.5912  51.3488  59.9162  55.3501  40.3428   0.0017   0.0017
  weight sum                               43      148       76       61       64       24        0        0
  precision                              0.01     0.01     0.01     0.01     0.01     0.01     0.01     0.01

Histogram of JPEG Coefficients88
  mean                                35.3256  50.6081  56.4474  55.7541  91.9375 122.5417        0        0
  std. dev.                           15.3452   20.791   36.333  34.8837  41.5233  34.2868   0.0017   0.0017
  weight sum                               43      148       76       61       64       24        0        0
  precision                              0.01     0.01     0.01     0.01     0.01     0.01     0.01     0.01

Histogram of JPEG Coefficients89
  mean                                 9.2093   7.6757  72.0921   60.918     81.5 107.0833        0        0
  std. dev.                            6.5754   4.9254  42.9305  37.2001  41.6391  38.4663   0.0017   0.0017
  weight sum                               43      148       76       61       64       24        0        0
  precision                              0.01     0.01     0.01     0.01     0.01     0.01     0.01     0.01

Histogram of JPEG Coefficients90
  mean                                 4.5349   3.7838  46.5263  39.4262    79.75  68.7917        0        0
  std. dev.                            3.7624   2.9854  35.6461    28.52  51.7923  24.2435   0.0017   0.0017
  weight sum                               43      148       76       61       64       24        0        0
  precision                              0.01     0.01     0.01     0.01     0.01     0.01     0.01     0.01

Histogram of JPEG Coefficients91
  mean                                 5.7209   4.8041  49.2105  37.5246  69.8438    56.25        0        0
  std. dev.                            3.3779   3.5748  39.9066  27.2009  47.3307  23.8489   0.0017   0.0017
  weight sum                               43      148       76       61       64       24        0        0
  precision                              0.01     0.01     0.01     0.01     0.01     0.01     0.01     0.01

Histogram of JPEG Coefficients92
  mean                                 7.6047   8.8716  50.5526  33.0492  48.3906  54.3333        0        0
  std. dev.                            5.0076   7.0359  44.5656   22.171  28.0477  32.2951   0.0017   0.0017
  weight sum                               43      148       76       61       64       24        0        0
  precision                              0.01     0.01     0.01     0.01     0.01     0.01     0.01     0.01

Histogram of JPEG Coefficients93
  mean                                 7.3721   8.1351  40.2895  41.3934  31.5156  40.2083        0        0
  std. dev.                            2.8856    4.893  39.6869  34.6832  17.7579  20.3306   0.0017   0.0017
  weight sum                               43      148       76       61       64       24        0        0
  precision                              0.01     0.01     0.01     0.01     0.01     0.01     0.01     0.01

Histogram of JPEG Coefficients94
  mean                                12.3953  11.9527  56.3553  43.4262  50.7031  51.4167        0        0
  std. dev.                            3.6925   5.8637  44.8769  36.1647   32.809  25.3704   0.0017   0.0017
  weight sum                               43      148       76       61       64       24        0        0
  precision                              0.01     0.01     0.01     0.01     0.01     0.01     0.01     0.01

Histogram of JPEG Coefficients95
  mean                                33.9302  38.2635  71.1842  83.2623  77.4219  95.5417        0        0
  std. dev.                           12.8686  16.9759  51.8717  61.0291  34.4174  39.3118   0.0017   0.0017
  weight sum                               43      148       76       61       64       24        0        0
  precision                              0.01     0.01     0.01     0.01     0.01     0.01     0.01     0.01

Histogram of JPEG Coefficients96
  mean                                44.3721  56.9257  43.0658  34.7377    60.75  83.1667        0        0
  std. dev.                           21.3433  24.1309  31.8637  23.4667   34.281  30.1464   0.0017   0.0017
  weight sum                               43      148       76       61       64       24        0        0
  precision                              0.01     0.01     0.01     0.01     0.01     0.01     0.01     0.01

Histogram of JPEG Coefficients97
  mean                                18.7674  17.1351  44.8684  37.2131  43.4844   61.625        0        0
  std. dev.                            6.3862   8.0569  44.3614  27.5997  23.7993  24.8861   0.0017   0.0017
  weight sum                               43      148       76       61       64       24        0        0
  precision                              0.01     0.01     0.01     0.01     0.01     0.01     0.01     0.01

Histogram of JPEG Coefficients98
  mean                                 4.3721   3.6824  44.2105  31.1639  45.0781   43.625        0        0
  std. dev.                            2.4211   2.7288  37.3994  24.2988   20.751  17.9926   0.0017   0.0017
  weight sum                               43      148       76       61       64       24        0        0
  precision                              0.01     0.01     0.01     0.01     0.01     0.01     0.01     0.01

Histogram of JPEG Coefficients99
  mean                                 2.8837   2.6892  35.8553  28.9344  44.9375  38.9167        0        0
  std. dev.                            2.1044   1.9132  29.4921  22.7292  26.8042  18.8921   0.0017   0.0017
  weight sum                               43      148       76       61       64       24        0        0
  precision                              0.01     0.01     0.01     0.01     0.01     0.01     0.01     0.01

Histogram of JPEG Coefficients100
  mean                                 4.8605   4.8851  38.4079   31.377    42.25   28.125        0        0
  std. dev.                            2.6987   3.5896  33.3996  29.3488  25.3574  16.1072   0.0017   0.0017
  weight sum                               43      148       76       61       64       24        0        0
  precision                              0.01     0.01     0.01     0.01     0.01     0.01     0.01     0.01

Histogram of JPEG Coefficients101
  mean                                 5.9767   6.0135  38.5395  39.0656  37.5313  32.8333        0        0
  std. dev.                            3.0384   3.5565  34.6552  44.4894  27.2104  19.7435   0.0017   0.0017
  weight sum                               43      148       76       61       64       24        0        0
  precision                              0.01     0.01     0.01     0.01     0.01     0.01     0.01     0.01

Histogram of JPEG Coefficients102
  mean                                12.6512  12.9865  46.1053  44.2131  49.1875       49        0        0
  std. dev.                            4.8746   5.7481  44.0853  30.3018  33.0439  26.7846   0.0017   0.0017
  weight sum                               43      148       76       61       64       24        0        0
  precision                              0.01     0.01     0.01     0.01     0.01     0.01     0.01     0.01

Histogram of JPEG Coefficients103
  mean                                39.7209       44  67.8684  74.8197  79.0469  86.9583        0        0
  std. dev.                           16.6752   18.039  47.2224  52.6095  43.1511  35.2851   0.0017   0.0017
  weight sum                               43      148       76       61       64       24        0        0
  precision                              0.01     0.01     0.01     0.01     0.01     0.01     0.01     0.01

Histogram of JPEG Coefficients104
  mean                                53.7209  71.7703  39.1842  31.7049   35.125  69.2083        0        0
  std. dev.                           25.5364   30.532  30.1342  19.2587  18.7804  37.8362   0.0017   0.0017
  weight sum                               43      148       76       61       64       24        0        0
  precision                              0.01     0.01     0.01     0.01     0.01     0.01     0.01     0.01

Histogram of JPEG Coefficients105
  mean                                17.2093  14.4257  39.4474  35.7213  42.1094   57.625        0        0
  std. dev.                            5.6179   6.8439  32.9459  25.7715   30.813  33.2814   0.0017   0.0017
  weight sum                               43      148       76       61       64       24        0        0
  precision                              0.01     0.01     0.01     0.01     0.01     0.01     0.01     0.01

Histogram of JPEG Coefficients106
  mean                                 4.3721   4.0338  39.4605  29.3443  35.2813  32.6667        0        0
  std. dev.                            2.6061   2.6237   29.649   23.781  21.0301   16.955   0.0017   0.0017
  weight sum                               43      148       76       61       64       24        0        0
  precision                              0.01     0.01     0.01     0.01     0.01     0.01     0.01     0.01

Histogram of JPEG Coefficients107
  mean                                 4.4419    4.277  36.7763  28.9508  33.0938   25.125        0        0
  std. dev.                            2.3556   3.4501   29.658  23.1463  22.8403  16.0138   0.0017   0.0017
  weight sum                               43      148       76       61       64       24        0        0
  precision                              0.01     0.01     0.01     0.01     0.01     0.01     0.01     0.01

Histogram of JPEG Coefficients108
  mean                                 3.3488   3.7297  40.0658  30.6393  33.2031  26.5417        0        0
  std. dev.                            2.0333   2.8083  35.5385  34.9684   27.692  18.0923   0.0017   0.0017
  weight sum                               43      148       76       61       64       24        0        0
  precision                              0.01     0.01     0.01     0.01     0.01     0.01     0.01     0.01

Histogram of JPEG Coefficients109
  mean                                 6.6512        7  40.5789  37.5246  38.2031   44.625        0        0
  std. dev.                            2.8925   4.0786   34.583  30.4263   28.832  21.8876   0.0017   0.0017
  weight sum                               43      148       76       61       64       24        0        0
  precision                              0.01     0.01     0.01     0.01     0.01     0.01     0.01     0.01

Histogram of JPEG Coefficients110
  mean                                10.2093  12.2365  59.6316  44.1803  53.3438    48.25        0        0
  std. dev.                            4.2676   5.6453  49.1429  31.1167  34.3826   14.945   0.0017   0.0017
  weight sum                               43      148       76       61       64       24        0        0
  precision                              0.01     0.01     0.01     0.01     0.01     0.01     0.01     0.01

Histogram of JPEG Coefficients111
  mean                                28.5349  32.3446  90.6711  71.1475  87.6094       91        0        0
  std. dev.                           11.4289  12.9728  60.9528  48.8127  47.1966   36.279   0.0017   0.0017
  weight sum                               43      148       76       61       64       24        0        0
  precision                              0.01     0.01     0.01     0.01     0.01     0.01     0.01     0.01

Histogram of JPEG Coefficients112
  mean                                44.1163  56.2838  50.3289  32.0164  59.0313  63.4167        0        0
  std. dev.                           19.6566  22.1063  43.0108  20.6965  35.2114  35.0261   0.0017   0.0017
  weight sum                               43      148       76       61       64       24        0        0
  precision                              0.01     0.01     0.01     0.01     0.01     0.01     0.01     0.01

Histogram of JPEG Coefficients113
  mean                                 15.814  14.6689  47.8026  35.0492  40.6563   56.125        0        0
  std. dev.                            4.7016   5.8591  39.7433  21.3921  20.9897  43.9814   0.0017   0.0017
  weight sum                               43      148       76       61       64       24        0        0
  precision                              0.01     0.01     0.01     0.01     0.01     0.01     0.01     0.01

Histogram of JPEG Coefficients114
  mean                                 6.3488   6.4459  43.2632  31.4918  41.5781  41.5417        0        0
  std. dev.                            3.0107   3.2242  43.3069  22.5923  26.4095  24.2967   0.0017   0.0017
  weight sum                               43      148       76       61       64       24        0        0
  precision                              0.01     0.01     0.01     0.01     0.01     0.01     0.01     0.01

Histogram of JPEG Coefficients115
  mean                                 6.2093   6.2095  45.5921  36.7869  36.4063     41.5        0        0
  std. dev.                            2.8738   3.6116  46.2212  25.2146  24.3751  18.6257   0.0017   0.0017
  weight sum                               43      148       76       61       64       24        0        0
  precision                              0.01     0.01     0.01     0.01     0.01     0.01     0.01     0.01

Histogram of JPEG Coefficients116
  mean                                 6.5116   6.5743  41.0132  35.1311  32.0469  40.4583        0        0
  std. dev.                            3.1724   3.5127  30.4028  28.8947  17.0068  32.5934   0.0017   0.0017
  weight sum                               43      148       76       61       64       24        0        0
  precision                              0.01     0.01     0.01     0.01     0.01     0.01     0.01     0.01

Histogram of JPEG Coefficients117
  mean                                 9.3023   8.4459  58.0395  51.2459  49.3125  54.6667        0        0
  std. dev.                            4.1904   4.4831  40.8097  42.2877  33.4911  29.1443   0.0017   0.0017
  weight sum                               43      148       76       61       64       24        0        0
  precision                              0.01     0.01     0.01     0.01     0.01     0.01     0.01     0.01

Histogram of JPEG Coefficients118
  mean                                14.5581  14.4595  71.8026  62.0328  82.7344   74.125        0        0
  std. dev.                            5.3713   6.3622  50.2528   41.366  39.3864  25.4416   0.0017   0.0017
  weight sum                               43      148       76       61       64       24        0        0
  precision                              0.01     0.01     0.01     0.01     0.01     0.01     0.01     0.01

Histogram of JPEG Coefficients119
  mean                                29.8605  34.1959  98.4737  86.6393 100.8281  107.125        0        0
  std. dev.                           10.1491  13.5251  57.7028  53.9599  48.8996  45.4957   0.0017   0.0017
  weight sum                               43      148       76       61       64       24        0        0
  precision                              0.01     0.01     0.01     0.01     0.01     0.01     0.01     0.01

Histogram of JPEG Coefficients120
  mean                                42.0233  53.5743  52.1447  46.4754   66.875  56.4583        0        0
  std. dev.                           23.1009  21.6124  39.9558  27.1478  29.0197  23.9826   0.0017   0.0017
  weight sum                               43      148       76       61       64       24        0        0
  precision                              0.01     0.01     0.01     0.01     0.01     0.01     0.01     0.01

Histogram of JPEG Coefficients121
  mean                                16.7209   17.027  55.6184  54.5082  65.6875  68.4167        0        0
  std. dev.                            6.2629   6.6261  41.2617  33.4456  39.8104  47.6479   0.0017   0.0017
  weight sum                               43      148       76       61       64       24        0        0
  precision                              0.01     0.01     0.01     0.01     0.01     0.01     0.01     0.01

Histogram of JPEG Coefficients122
  mean                                13.0465  13.7365  62.4474   51.459  58.6563  56.4583        0        0
  std. dev.                            5.9453   6.4014  43.2719  33.3848  34.0258  22.3327   0.0017   0.0017
  weight sum                               43      148       76       61       64       24        0        0
  precision                              0.01     0.01     0.01     0.01     0.01     0.01     0.01     0.01

Histogram of JPEG Coefficients123
  mean                                12.7907  13.4257  57.9211  51.0164  56.6719  61.4583        0        0
  std. dev.                            5.7042   5.7081  37.8626  40.4043  29.0469   22.422   0.0017   0.0017
  weight sum                               43      148       76       61       64       24        0        0
  precision                              0.01     0.01     0.01     0.01     0.01     0.01     0.01     0.01

Histogram of JPEG Coefficients124
  mean                                15.4884  14.7027  56.6184  53.5082  56.9531  71.5833        0        0
  std. dev.                            6.0053   6.3485  48.9941  35.1692    27.95  43.9061   0.0017   0.0017
  weight sum                               43      148       76       61       64       24        0        0
  precision                              0.01     0.01     0.01     0.01     0.01     0.01     0.01     0.01

Histogram of JPEG Coefficients125
  mean                                16.1163  16.1892  66.0789  60.7541  75.9375  74.3333        0        0
  std. dev.                            5.3275   6.5609  46.5125  40.5178  37.8174  34.2329   0.0017   0.0017
  weight sum                               43      148       76       61       64       24        0        0
  precision                              0.01     0.01     0.01     0.01     0.01     0.01     0.01     0.01

Histogram of JPEG Coefficients126
  mean                                 20.907  21.4932  98.4605  80.1803  87.8281 107.4583        0        0
  std. dev.                            8.3661   8.2401  63.7391  52.2561  49.6835  37.6607   0.0017   0.0017
  weight sum                               43      148       76       61       64       24        0        0
  precision                              0.01     0.01     0.01     0.01     0.01     0.01     0.01     0.01

Histogram of JPEG Coefficients127
  mean                                41.4651  45.8311      126  92.8197 121.8594    123.5        0        0
  std. dev.                           12.9513  15.3449   69.121  47.2744  51.6638  39.5253   0.0017   0.0017
  weight sum                               43      148       76       61       64       24        0        0
  precision                              0.01     0.01     0.01     0.01     0.01     0.01     0.01     0.01

Histogram of JPEG Coefficients128
  mean                                49.6744   40.473 121.5263 145.0984  13.4375        7        0        0
  std. dev.                           64.8339  59.1138 102.7496  95.9854  23.4147   9.6307   0.0017   0.0017
  weight sum                               43      148       76       61       64       24        0        0
  precision                              0.01     0.01     0.01     0.01     0.01     0.01     0.01     0.01

Histogram of JPEG Coefficients129
  mean                               246.3023 247.3243 180.1974 196.2951 162.7969 172.1667        0        0
  std. dev.                           26.2285  19.8001  94.9153  83.6051  54.9449  52.1877   0.0017   0.0017
  weight sum                               43      148       76       61       64       24        0        0
  precision                              0.01     0.01     0.01     0.01     0.01     0.01     0.01     0.01

Histogram of JPEG Coefficients130
  mean                               148.8605 132.0473 148.2763 168.1148 162.9063 215.7917        0        0
  std. dev.                           34.9029  38.3406   76.808  66.1873  47.0999  27.4681   0.0017   0.0017
  weight sum                               43      148       76       61       64       24        0        0
  precision                              0.01     0.01     0.01     0.01     0.01     0.01     0.01     0.01

Histogram of JPEG Coefficients131
  mean                                73.0465  75.8176    110.5  121.082 111.6719 196.7083        0        0
  std. dev.                           24.2554  25.2819  63.4494  52.9393  46.6748   45.281   0.0017   0.0017
  weight sum                               43      148       76       61       64       24        0        0
  precision                              0.01     0.01     0.01     0.01     0.01     0.01     0.01     0.01

Histogram of JPEG Coefficients132
  mean                                87.0465  78.9459  81.3158 108.9836  71.0625 140.9583        0        0
  std. dev.                           27.5723  29.9673  59.2078  50.9704  41.7365  51.8407   0.0017   0.0017
  weight sum                               43      148       76       61       64       24        0        0
  precision                              0.01     0.01     0.01     0.01     0.01     0.01     0.01     0.01

Histogram of JPEG Coefficients133
  mean                                92.3953  98.7703  82.8158 100.8033  62.7031 102.3333        0        0
  std. dev.                           36.1599  41.6014  56.0772  59.0742  35.6356  41.4736   0.0017   0.0017
  weight sum                               43      148       76       61       64       24        0        0
  precision                              0.01     0.01     0.01     0.01     0.01     0.01     0.01     0.01

Histogram of JPEG Coefficients134
  mean                                 86.186  82.9459  69.4737  93.9672  80.1563  90.3333        0        0
  std. dev.                           31.0321  34.2034  46.2062  58.3005  42.1223  32.9604   0.0017   0.0017
  weight sum                               43      148       76       61       64       24        0        0
  precision                              0.01     0.01     0.01     0.01     0.01     0.01     0.01     0.01

Histogram of JPEG Coefficients135
  mean                               109.5814  107.723  82.2105 116.7541  98.6406 123.7917        0        0
  std. dev.                           48.7949  54.6491  57.9272  64.7271  51.4418   35.616   0.0017   0.0017
  weight sum                               43      148       76       61       64       24        0        0
  precision                              0.01     0.01     0.01     0.01     0.01     0.01     0.01     0.01

Histogram of JPEG Coefficients136
  mean                                177.186 199.8446  74.3158  66.1803 100.5938    136.5        0        0
  std. dev.                           56.4851  46.7361  49.4526   38.101  46.4189  46.5358   0.0017   0.0017
  weight sum                               43      148       76       61       64       24        0        0
  precision                              0.01     0.01     0.01     0.01     0.01     0.01     0.01     0.01

Histogram of JPEG Coefficients137
  mean                               139.5349 127.7365   111.25  98.4262 216.4531   199.25        0        0
  std. dev.                            40.213  41.6034   64.493  56.9033  54.8671  36.5322   0.0017   0.0017
  weight sum                               43      148       76       61       64       24        0        0
  precision                              0.01     0.01     0.01     0.01     0.01     0.01     0.01     0.01

Histogram of JPEG Coefficients138
  mean                                 38.907  34.3784  80.0526  79.2623 167.1875 178.8333        0        0
  std. dev.                           23.3386  23.7846  54.8306  46.7837  50.6658  31.1069   0.0017   0.0017
  weight sum                               43      148       76       61       64       24        0        0
  precision                              0.01     0.01     0.01     0.01     0.01     0.01     0.01     0.01

Histogram of JPEG Coefficients139
  mean                                13.3488  13.8581    63.25   59.541  89.2344 157.2083        0        0
  std. dev.                            6.0189   8.8616  31.4643  32.5322  29.4118   58.243   0.0017   0.0017
  weight sum                               43      148       76       61       64       24        0        0
  precision                              0.01     0.01     0.01     0.01     0.01     0.01     0.01     0.01

Histogram of JPEG Coefficients140
  mean                                25.2558  24.8311  56.7237  55.9672  61.3906   88.125        0        0
  std. dev.                            7.2884   9.5785  40.7849   34.152  33.7285  36.8819   0.0017   0.0017
  weight sum                               43      148       76       61       64       24        0        0
  precision                              0.01     0.01     0.01     0.01     0.01     0.01     0.01     0.01

Histogram of JPEG Coefficients141
  mean                                31.5581  30.2432  52.1316  56.1148  55.7969   62.625        0        0
  std. dev.                           10.4399  10.8239  36.0797  35.9668   27.425   28.337   0.0017   0.0017
  weight sum                               43      148       76       61       64       24        0        0
  precision                              0.01     0.01     0.01     0.01     0.01     0.01     0.01     0.01

Histogram of JPEG Coefficients142
  mean                                34.5349  32.8108  67.6842  62.3443  64.0938  93.1667        0        0
  std. dev.                           10.4132  10.6545  54.5405  40.5579   26.112   37.404   0.0017   0.0017
  weight sum                               43      148       76       61       64       24        0        0
  precision                              0.01     0.01     0.01     0.01     0.01     0.01     0.01     0.01

Histogram of JPEG Coefficients143
  mean                                     54  49.5405  77.3816  91.5902  98.8438  149.625        0        0
  std. dev.                           25.5498  25.2748  56.6027  59.9498  46.9642   46.187   0.0017   0.0017
  weight sum                               43      148       76       61       64       24        0        0
  precision                              0.01     0.01     0.01     0.01     0.01     0.01     0.01     0.01

Histogram of JPEG Coefficients144
  mean                                94.4651 120.1014  60.0526  60.1967 112.2031 156.0833        0        0
  std. dev.                           33.1089   38.084  39.2854   41.778  45.2096  44.4587   0.0017   0.0017
  weight sum                               43      148       76       61       64       24        0        0
  precision                              0.01     0.01     0.01     0.01     0.01     0.01     0.01     0.01

Histogram of JPEG Coefficients145
  mean                                29.1395    30.25  59.4868  59.5082 146.7656 173.0833        0        0
  std. dev.                           15.5378  21.9794  44.0808  30.1464  64.4551  43.1286   0.0017   0.0017
  weight sum                               43      148       76       61       64       24        0        0
  precision                              0.01     0.01     0.01     0.01     0.01     0.01     0.01     0.01

Histogram of JPEG Coefficients146
  mean                                 9.3721   7.5608  59.3684  50.8525 109.2969 145.8333        0        0
  std. dev.                            8.3221   8.2193  34.6436  26.4556  42.8944  42.6054   0.0017   0.0017
  weight sum                               43      148       76       61       64       24        0        0
  precision                              0.01     0.01     0.01     0.01     0.01     0.01     0.01     0.01

Histogram of JPEG Coefficients147
  mean                                 5.0698   5.0878  54.4474  49.4098  78.3906  70.5417        0        0
  std. dev.                             3.245   3.3469  40.1564   32.885  48.9108   34.402   0.0017   0.0017
  weight sum                               43      148       76       61       64       24        0        0
  precision                              0.01     0.01     0.01     0.01     0.01     0.01     0.01     0.01

Histogram of JPEG Coefficients148
  mean                                  7.186   8.4932  51.4737  52.3443  43.8125  72.9583        0        0
  std. dev.                            4.6519   5.4308  35.7338  40.2317   27.235  44.8743   0.0017   0.0017
  weight sum                               43      148       76       61       64       24        0        0
  precision                              0.01     0.01     0.01     0.01     0.01     0.01     0.01     0.01

Histogram of JPEG Coefficients149
  mean                                 11.093  11.3108     46.5   50.918  48.2344  48.9167        0        0
  std. dev.                            5.6561   6.0693  35.1386  36.0684  34.4323  27.8447   0.0017   0.0017
  weight sum                               43      148       76       61       64       24        0        0
  precision                              0.01     0.01     0.01     0.01     0.01     0.01     0.01     0.01

Histogram of JPEG Coefficients150
  mean                                16.2326  15.1622  48.5526  54.9836  65.6406    82.75        0        0
  std. dev.                            6.2871   7.2289  31.5016  38.0898  38.2113  33.1502   0.0017   0.0017
  weight sum                               43      148       76       61       64       24        0        0
  precision                              0.01     0.01     0.01     0.01     0.01     0.01     0.01     0.01

Histogram of JPEG Coefficients151
  mean                                39.5349  37.1892  75.7105  81.9836  88.7344 124.6667        0        0
  std. dev.                            20.961   21.012  52.9259  55.2373  38.8934   32.579   0.0017   0.0017
  weight sum                               43      148       76       61       64       24        0        0
  precision                              0.01     0.01     0.01     0.01     0.01     0.01     0.01     0.01

Histogram of JPEG Coefficients152
  mean                                42.7442  73.3041  44.0132  41.4918  86.9688 122.8333        0        0
  std. dev.                           19.3284  27.5585  29.4433  29.5239  52.2981  34.7739   0.0017   0.0017
  weight sum                               43      148       76       61       64       24        0        0
  precision                              0.01     0.01     0.01     0.01     0.01     0.01     0.01     0.01

Histogram of JPEG Coefficients153
  mean                                10.9302  11.8378  50.7763  43.3443  79.9063 126.9583        0        0
  std. dev.                             5.679   8.3683  27.5526  25.3499  38.6461  39.1594   0.0017   0.0017
  weight sum                               43      148       76       61       64       24        0        0
  precision                              0.01     0.01     0.01     0.01     0.01     0.01     0.01     0.01

Histogram of JPEG Coefficients154
  mean                                  4.907     4.25  45.7368   41.623  60.8438   67.375        0        0
  std. dev.                            2.8596   3.9607  33.4307  37.8903  41.7411  26.8791   0.0017   0.0017
  weight sum                               43      148       76       61       64       24        0        0
  precision                              0.01     0.01     0.01     0.01     0.01     0.01     0.01     0.01

Histogram of JPEG Coefficients155
  mean                                 5.6744   4.9865  49.7105   38.623  61.4688       66        0        0
  std. dev.                            3.3041   3.9966  31.0012   30.419  46.0652  28.8242   0.0017   0.0017
  weight sum                               43      148       76       61       64       24        0        0
  precision                              0.01     0.01     0.01     0.01     0.01     0.01     0.01     0.01

Histogram of JPEG Coefficients156
  mean                                 7.5349   8.0541  44.6974  41.3607  54.1719     54.5        0        0
  std. dev.                            5.8363    7.416  28.6398  38.9922  41.2207  21.2034   0.0017   0.0017
  weight sum                               43      148       76       61       64       24        0        0
  precision                              0.01     0.01     0.01     0.01     0.01     0.01     0.01     0.01

Histogram of JPEG Coefficients157
  mean                                 7.1395   6.9527  35.2105  35.0492  48.7656   48.375        0        0
  std. dev.                            4.4491   4.8272  23.3308  21.4709  40.9507  24.2209   0.0017   0.0017
  weight sum                               43      148       76       61       64       24        0        0
  precision                              0.01     0.01     0.01     0.01     0.01     0.01     0.01     0.01

Histogram of JPEG Coefficients158
  mean                                12.3023  11.8311    45.75  48.3279  46.6563   72.625        0        0
  std. dev.                            5.7244   6.7817  36.7803  36.0313  28.3732  33.7118   0.0017   0.0017
  weight sum                               43      148       76       61       64       24        0        0
  precision                              0.01     0.01     0.01     0.01     0.01     0.01     0.01     0.01

Histogram of JPEG Coefficients159
  mean                                31.7674  30.3378  64.2237  73.0328  82.0625      116        0        0
  std. dev.                           15.5232  17.1616  51.4185  48.1415  39.4679  45.5339   0.0017   0.0017
  weight sum                               43      148       76       61       64       24        0        0
  precision                              0.01     0.01     0.01     0.01     0.01     0.01     0.01     0.01

Histogram of JPEG Coefficients160
  mean                                43.3488  56.6149  35.4474  29.3443  50.4219   85.875        0        0
  std. dev.                           18.9478  21.7546  23.6807  20.0817  26.6803  50.2787   0.0017   0.0017
  weight sum                               43      148       76       61       64       24        0        0
  precision                              0.01     0.01     0.01     0.01     0.01     0.01     0.01     0.01

Histogram of JPEG Coefficients161
  mean                                19.3953  17.3986  35.9211  33.1148  41.1719  73.7917        0        0
  std. dev.                            8.2888   8.9833  26.4723  25.6535  25.7776   41.498   0.0017   0.0017
  weight sum                               43      148       76       61       64       24        0        0
  precision                              0.01     0.01     0.01     0.01     0.01     0.01     0.01     0.01

Histogram of JPEG Coefficients162
  mean                                 4.8605   4.0135  38.3816  38.2787  39.5938    58.75        0        0
  std. dev.                            2.5388    3.466  27.5313   41.349  29.8908  23.9587   0.0017   0.0017
  weight sum                               43      148       76       61       64       24        0        0
  precision                              0.01     0.01     0.01     0.01     0.01     0.01     0.01     0.01

Histogram of JPEG Coefficients163
  mean                                 2.3721   2.0743  40.5132  34.5082  39.1406  48.2083        0        0
  std. dev.                            1.4789   1.7285  34.2108  30.6993  28.3956  17.5997   0.0017   0.0017
  weight sum                               43      148       76       61       64       24        0        0
  precision                              0.01     0.01     0.01     0.01     0.01     0.01     0.01     0.01

Histogram of JPEG Coefficients164
  mean                                 4.4884   3.8243  39.5526  36.1148  42.7188   41.875        0        0
  std. dev.                            3.4057   3.3384  31.2689  30.6707  27.6747  21.3274   0.0017   0.0017
  weight sum                               43      148       76       61       64       24        0        0
  precision                              0.01     0.01     0.01     0.01     0.01     0.01     0.01     0.01

Histogram of JPEG Coefficients165
  mean                                 5.6512   5.5541  34.0395  36.2623  37.6094   52.125        0        0
  std. dev.                            3.2841   3.7924   25.726  40.5628   20.575  25.6926   0.0017   0.0017
  weight sum                               43      148       76       61       64       24        0        0
  precision                              0.01     0.01     0.01     0.01     0.01     0.01     0.01     0.01

Histogram of JPEG Coefficients166
  mean                                 12.907  11.0878  43.6316  46.1475  42.6875    71.25        0        0
  std. dev.                            6.4513    6.302  41.9168  31.9194  20.2661  26.5303   0.0017   0.0017
  weight sum                               43      148       76       61       64       24        0        0
  precision                              0.01     0.01     0.01     0.01     0.01     0.01     0.01     0.01

Histogram of JPEG Coefficients167
  mean                                36.1628   33.777    55.25   66.082   85.625   122.75        0        0
  std. dev.                           18.2769  18.1017  43.2858  43.4573  48.0568  54.7937   0.0017   0.0017
  weight sum                               43      148       76       61       64       24        0        0
  precision                              0.01     0.01     0.01     0.01     0.01     0.01     0.01     0.01

Histogram of JPEG Coefficients168
  mean                                53.2791  78.6419  36.7105  28.9672  39.5469  60.7917        0        0
  std. dev.                           26.0289   32.344  28.0398  19.6444  20.6722   43.453   0.0017   0.0017
  weight sum                               43      148       76       61       64       24        0        0
  precision                              0.01     0.01     0.01     0.01     0.01     0.01     0.01     0.01

Histogram of JPEG Coefficients169
  mean                                16.5581  14.8176  35.9474  34.1311       40  50.6667        0        0
  std. dev.                            6.9359   7.2885  27.4944  29.9352  28.8108  20.2827   0.0017   0.0017
  weight sum                               43      148       76       61       64       24        0        0
  precision                              0.01     0.01     0.01     0.01     0.01     0.01     0.01     0.01

Histogram of JPEG Coefficients170
  mean                                 4.6977   3.9662  30.8947  31.6557  37.8594  45.3333        0        0
  std. dev.                            2.5748   2.7544  24.7947  25.5111  20.9239  20.3361   0.0017   0.0017
  weight sum                               43      148       76       61       64       24        0        0
  precision                              0.01     0.01     0.01     0.01     0.01     0.01     0.01     0.01

Histogram of JPEG Coefficients171
  mean                                 4.3721   3.8784  32.2105  32.1967  32.2813  48.9583        0        0
  std. dev.                            3.1844   3.1385  23.7012  19.5102  20.3312  24.9324   0.0017   0.0017
  weight sum                               43      148       76       61       64       24        0        0
  precision                              0.01     0.01     0.01     0.01     0.01     0.01     0.01     0.01

Histogram of JPEG Coefficients172
  mean                                 3.2093    3.027  30.3026  31.0984  28.8594     44.5        0        0
  std. dev.                            2.4737   2.3131  19.8508  24.7702  15.5703  21.1286   0.0017   0.0017
  weight sum                               43      148       76       61       64       24        0        0
  precision                              0.01     0.01     0.01     0.01     0.01     0.01     0.01     0.01

Histogram of JPEG Coefficients173
  mean                                 6.9767   6.1351  37.9079  30.6557  42.4063  63.8333        0        0
  std. dev.                            3.9912   4.2786  39.1748  26.6248  30.5352   56.426   0.0017   0.0017
  weight sum                               43      148       76       61       64       24        0        0
  precision                              0.01     0.01     0.01     0.01     0.01     0.01     0.01     0.01

Histogram of JPEG Coefficients174
  mean                                12.4419  10.0743  48.7895  42.6885  54.8438   80.625        0        0
  std. dev.                            5.3973   5.3727  37.0644  28.0436  30.4375  44.3225   0.0017   0.0017
  weight sum                               43      148       76       61       64       24        0        0
  precision                              0.01     0.01     0.01     0.01     0.01     0.01     0.01     0.01

Histogram of JPEG Coefficients175
  mean                                29.9535   27.027  75.1316  72.3607  82.8125 123.8333        0        0
  std. dev.                           14.0314  15.1095  59.1308  46.7936  37.2948  48.1834   0.0017   0.0017
  weight sum                               43      148       76       61       64       24        0        0
  precision                              0.01     0.01     0.01     0.01     0.01     0.01     0.01     0.01

Histogram of JPEG Coefficients176
  mean                                42.3953  57.4054  38.0132  38.8689  47.2656   73.875        0        0
  std. dev.                           21.2375  21.5029  29.3847  25.2985  28.1265  42.3353   0.0017   0.0017
  weight sum                               43      148       76       61       64       24        0        0
  precision                              0.01     0.01     0.01     0.01     0.01     0.01     0.01     0.01

Histogram of JPEG Coefficients177
  mean                                14.9302  14.3581  35.6316  43.6885  30.0625    59.25        0        0
  std. dev.                            5.6255   6.1105  27.2792  34.8761  17.8876  38.7957   0.0017   0.0017
  weight sum                               43      148       76       61       64       24        0        0
  precision                              0.01     0.01     0.01     0.01     0.01     0.01     0.01     0.01

Histogram of JPEG Coefficients178
  mean                                 5.9767   5.6892  40.8816  38.5574  35.5781     50.5        0        0
  std. dev.                            3.0308    3.454  38.2237  25.9915  22.6556  18.5854   0.0017   0.0017
  weight sum                               43      148       76       61       64       24        0        0
  precision                              0.01     0.01     0.01     0.01     0.01     0.01     0.01     0.01

Histogram of JPEG Coefficients179
  mean                                 6.5116   5.9054  36.6184  36.1148  35.2656   55.375        0        0
  std. dev.                            4.2062   3.9853  31.8768   24.517  19.8181  23.3627   0.0017   0.0017
  weight sum                               43      148       76       61       64       24        0        0
  precision                              0.01     0.01     0.01     0.01     0.01     0.01     0.01     0.01

Histogram of JPEG Coefficients180
  mean                                 6.4884    5.473  42.7763  39.5082  37.5781       60        0        0
  std. dev.                            3.2946   3.7784   35.034  33.7715  18.7682  48.8518   0.0017   0.0017
  weight sum                               43      148       76       61       64       24        0        0
  precision                              0.01     0.01     0.01     0.01     0.01     0.01     0.01     0.01

Histogram of JPEG Coefficients181
  mean                                 8.7674   7.5541  42.4079  42.9508  49.6875  72.2083        0        0
  std. dev.                            4.7732   4.4786  35.0519  35.0402  29.1161  24.1264   0.0017   0.0017
  weight sum                               43      148       76       61       64       24        0        0
  precision                              0.01     0.01     0.01     0.01     0.01     0.01     0.01     0.01

Histogram of JPEG Coefficients182
  mean                                14.5814  12.3243  63.5526  65.2623  85.3281  99.0833        0        0
  std. dev.                             7.121   7.6062   48.443  46.0103  47.7798  41.0304   0.0017   0.0017
  weight sum                               43      148       76       61       64       24        0        0
  precision                              0.01     0.01     0.01     0.01     0.01     0.01     0.01     0.01

Histogram of JPEG Coefficients183
  mean                                29.6512  28.3649  85.2763  85.2459 109.0938 140.7083        0        0
  std. dev.                           14.3541  15.0621   62.016  61.3949  42.5726  60.0114   0.0017   0.0017
  weight sum                               43      148       76       61       64       24        0        0
  precision                              0.01     0.01     0.01     0.01     0.01     0.01     0.01     0.01

Histogram of JPEG Coefficients184
  mean                                     40  48.2905  47.0526  46.6885    62.25  85.0833        0        0
  std. dev.                           27.6001  22.4867  38.6706  31.8514  31.3543  53.6182   0.0017   0.0017
  weight sum                               43      148       76       61       64       24        0        0
  precision                              0.01     0.01     0.01     0.01     0.01     0.01     0.01     0.01

Histogram of JPEG Coefficients185
  mean                                14.3256  14.4865  56.9342  55.0984  64.5781  84.9583        0        0
  std. dev.                            6.8292      7.3   50.641  34.8118  29.9556  42.1629   0.0017   0.0017
  weight sum                               43      148       76       61       64       24        0        0
  precision                              0.01     0.01     0.01     0.01     0.01     0.01     0.01     0.01

Histogram of JPEG Coefficients186
  mean                                12.2791   11.473  55.7368  60.9508  74.0469   95.875        0        0
  std. dev.                            6.6484   6.9355  46.6209  47.4091  43.7137   35.704   0.0017   0.0017
  weight sum                               43      148       76       61       64       24        0        0
  precision                              0.01     0.01     0.01     0.01     0.01     0.01     0.01     0.01

Histogram of JPEG Coefficients187
  mean                                13.1163  10.9054  57.0526  60.1311  66.3906  89.7083        0        0
  std. dev.                            6.7418   6.6377  43.4187   46.118  34.3355  55.7491   0.0017   0.0017
  weight sum                               43      148       76       61       64       24        0        0
  precision                              0.01     0.01     0.01     0.01     0.01     0.01     0.01     0.01

Histogram of JPEG Coefficients188
  mean                                14.9302  13.8986  49.1974  59.2295  66.6406 100.4167        0        0
  std. dev.                            7.7711   7.9157  39.3483  45.3469  46.1554  28.4779   0.0017   0.0017
  weight sum                               43      148       76       61       64       24        0        0
  precision                              0.01     0.01     0.01     0.01     0.01     0.01     0.01     0.01

Histogram of JPEG Coefficients189
  mean                                16.1395  13.8514  65.3026  67.2459  72.7656  96.7083        0        0
  std. dev.                             7.547   7.7043   46.167  53.7241  30.8984  32.6962   0.0017   0.0017
  weight sum                               43      148       76       61       64       24        0        0
  precision                              0.01     0.01     0.01     0.01     0.01     0.01     0.01     0.01

Histogram of JPEG Coefficients190
  mean                                21.5581  18.9054  74.3289  72.1311       99 142.2083        0        0
  std. dev.                            9.1887   9.8058  51.1516  45.6693  54.4828  50.9444   0.0017   0.0017
  weight sum                               43      148       76       61       64       24        0        0
  precision                              0.01     0.01     0.01     0.01     0.01     0.01     0.01     0.01

Histogram of JPEG Coefficients191
  mean                                43.9302  39.4527 109.5526  98.4426 150.9219 155.0417        0        0
  std. dev.                           19.0182  20.4897  70.0536   59.712  67.3211  53.0601   0.0017   0.0017
  weight sum                               43      148       76       61       64       24        0        0
  precision                              0.01     0.01     0.01     0.01     0.01     0.01     0.01     0.01



Time taken to build model: 0.17 seconds

Time taken to test model on training data: 0.12 seconds

=== Error on training data ===

Correctly Classified Instances         356               85.5769 %
Incorrectly Classified Instances        60               14.4231 %
Kappa statistic                          0.8174
Mean absolute error                      0.0362
Root mean squared error                  0.1863
Relative absolute error                 18.4917 %
Root relative squared error             59.6446 %
Total Number of Instances              416     


=== Detailed Accuracy By Class ===

                 TP Rate  FP Rate  Precision  Recall   F-Measure  MCC      ROC Area  PRC Area  Class
                 0.860    0.046    0.685      0.860    0.763      0.738    0.971     0.840     K1
                 0.885    0.022    0.956      0.885    0.919      0.879    0.988     0.967     K2
                 0.605    0.012    0.920      0.605    0.730      0.705    0.968     0.880     K3
                 0.918    0.090    0.636      0.918    0.752      0.717    0.973     0.867     K4
                 0.969    0.003    0.984      0.969    0.976      0.972    1.000     0.998     K5
                 1.000    0.000    1.000      1.000    1.000      1.000    1.000     1.000     K6
                 ?        0.000    ?          ?        ?          ?        ?         ?         K7
                 ?        0.000    ?          ?        ?          ?        ?         ?         K8
Weighted Avg.    0.856    0.028    0.881      0.856    0.857      0.830    0.983     0.930     


=== Confusion Matrix ===

   a   b   c   d   e   f   g   h   <-- classified as
  37   6   0   0   0   0   0   0 |   a = K1
  17 131   0   0   0   0   0   0 |   b = K2
   0   0  46  30   0   0   0   0 |   c = K3
   0   0   4  56   1   0   0   0 |   d = K4
   0   0   0   2  62   0   0   0 |   e = K5
   0   0   0   0   0  24   0   0 |   f = K6
   0   0   0   0   0   0   0   0 |   g = K7
   0   0   0   0   0   0   0   0 |   h = K8

Time taken to perform cross-validation: 0.15 seconds


=== Stratified cross-validation ===

Correctly Classified Instances         308               74.0385 %
Incorrectly Classified Instances       108               25.9615 %
Kappa statistic                          0.6697
Mean absolute error                      0.0655
Root mean squared error                  0.2503
Relative absolute error                 33.4776 %
Root relative squared error             80.0994 %
Total Number of Instances              416     


=== Detailed Accuracy By Class ===

                 TP Rate  FP Rate  Precision  Recall   F-Measure  MCC      ROC Area  PRC Area  Class
                 0.628    0.056    0.563      0.628    0.593      0.545    0.905     0.564     K1
                 0.851    0.060    0.887      0.851    0.869      0.799    0.961     0.883     K2
                 0.474    0.056    0.655      0.474    0.550      0.477    0.906     0.620     K3
                 0.656    0.107    0.513      0.656    0.576      0.497    0.907     0.635     K4
                 0.906    0.034    0.829      0.906    0.866      0.841    0.983     0.856     K5
                 0.875    0.005    0.913      0.875    0.894      0.887    0.999     0.984     K6
                 ?        0.000    ?          ?        ?          ?        ?         ?         K7
                 ?        0.000    ?          ?        ?          ?        ?         ?         K8
Weighted Avg.    0.740    0.059    0.749      0.740    0.740      0.681    0.943     0.767     


=== Confusion Matrix ===

   a   b   c   d   e   f   g   h   <-- classified as
  27  16   0   0   0   0   0   0 |   a = K1
  21 126   1   0   0   0   0   0 |   b = K2
   0   0  36  36   4   0   0   0 |   c = K3
   0   0  16  40   5   0   0   0 |   d = K4
   0   0   2   2  58   2   0   0 |   e = K5
   0   0   0   0   3  21   0   0 |   f = K6
   0   0   0   0   0   0   0   0 |   g = K7
   0   0   0   0   0   0   0   0 |   h = K8

