
=== Classifier model (full training set) ===

The independent probability of a class
--------------------------------------
K1	0.1
K2	0.35
K3	0.18
K4	0.15
K5	0.15
K6	0.06
K7	0
K8	0

The probability of a word given the class
-----------------------------------------
	K1	K2	K3	K4	K5	K6	K7	K8	
FCTH0	0	0	0.02	0.02	0	0	0.01	0.01	
FCTH1	0.07	0.07	0.09	0.09	0.06	0.06	0.01	0.01	
FCTH2	0.17	0.2	0.1	0.11	0.07	0.09	0.01	0.01	
FCTH3	0	0	0	0	0	0	0.01	0.01	
FCTH4	0	0	0	0	0.02	0	0.01	0.01	
FCTH5	0.03	0.05	0.03	0.03	0.02	0.01	0.01	0.01	
FCTH6	0	0	0	0	0	0	0.01	0.01	
FCTH7	0	0	0	0	0	0	0.01	0.01	
FCTH8	0.02	0.02	0.01	0.01	0.02	0.01	0.01	0.01	
FCTH9	0	0	0	0	0	0.01	0.01	0.01	
FCTH10	0	0	0	0	0	0	0.01	0.01	
FCTH11	0	0	0	0	0	0.02	0.01	0.01	
FCTH12	0	0	0	0	0	0	0.01	0.01	
FCTH13	0	0	0	0	0	0	0.01	0.01	
FCTH14	0.02	0.02	0.01	0.01	0.01	0.02	0.01	0.01	
FCTH15	0	0	0.01	0.01	0	0	0.01	0.01	
FCTH16	0	0	0	0	0	0	0.01	0.01	
FCTH17	0.01	0.02	0.01	0.01	0.01	0.01	0.01	0.01	
FCTH18	0	0	0	0	0	0	0.01	0.01	
FCTH19	0	0	0	0	0.01	0	0.01	0.01	
FCTH20	0.04	0.05	0.01	0.02	0.03	0.05	0.01	0.01	
FCTH21	0	0	0	0	0	0	0.01	0.01	
FCTH22	0	0	0	0	0	0	0.01	0.01	
FCTH23	0.01	0.02	0	0.01	0.01	0.01	0.01	0.01	
FCTH24	0	0	0.01	0.01	0	0	0.01	0.01	
FCTH25	0.06	0.07	0.05	0.05	0.04	0.04	0.01	0.01	
FCTH26	0.09	0.1	0.05	0.05	0.05	0.05	0.01	0.01	
FCTH27	0	0	0	0	0	0	0.01	0.01	
FCTH28	0	0	0	0	0.02	0	0.01	0.01	
FCTH29	0.01	0.02	0.02	0.02	0.02	0.01	0.01	0.01	
FCTH30	0	0	0	0	0	0.01	0.01	0.01	
FCTH31	0	0	0	0	0.01	0	0.01	0.01	
FCTH32	0.01	0.01	0.01	0.01	0.02	0.01	0.01	0.01	
FCTH33	0	0	0	0	0	0.01	0.01	0.01	
FCTH34	0	0	0	0	0	0	0.01	0.01	
FCTH35	0	0	0	0	0	0.02	0.01	0.01	
FCTH36	0	0	0	0	0	0	0.01	0.01	
FCTH37	0	0	0	0	0	0	0.01	0.01	
FCTH38	0.01	0.01	0	0.01	0.01	0.01	0.01	0.01	
FCTH39	0	0.01	0.01	0.01	0	0	0.01	0.01	
FCTH40	0	0	0	0	0	0	0.01	0.01	
FCTH41	0.01	0.02	0.01	0.01	0.01	0	0.01	0.01	
FCTH42	0	0	0	0	0	0	0.01	0.01	
FCTH43	0	0	0	0	0.01	0	0.01	0.01	
FCTH44	0.03	0.04	0.01	0.01	0.03	0.04	0.01	0.01	
FCTH45	0	0	0	0	0	0	0.01	0.01	
FCTH46	0	0	0	0	0	0	0.01	0.01	
FCTH47	0	0	0	0	0.01	0	0.01	0.01	
FCTH48	0	0	0	0	0	0	0.01	0.01	
FCTH49	0.03	0.03	0.03	0.03	0.02	0.02	0.01	0.01	
FCTH50	0.05	0.05	0.03	0.03	0.02	0.03	0.01	0.01	
FCTH51	0	0	0	0	0	0	0.01	0.01	
FCTH52	0	0	0	0	0.01	0	0.01	0.01	
FCTH53	0	0	0.01	0.01	0.01	0	0.01	0.01	
FCTH54	0	0	0	0	0	0	0.01	0.01	
FCTH55	0	0	0	0	0	0	0.01	0.01	
FCTH56	0	0	0	0	0	0	0.01	0.01	
FCTH57	0	0	0	0	0	0	0.01	0.01	
FCTH58	0	0	0	0	0	0	0.01	0.01	
FCTH59	0	0	0	0	0	0	0.01	0.01	
FCTH60	0	0	0	0	0	0	0.01	0.01	
FCTH61	0	0	0	0	0	0	0.01	0.01	
FCTH62	0	0	0	0	0	0	0.01	0.01	
FCTH63	0	0	0	0	0	0	0.01	0.01	
FCTH64	0	0	0	0	0	0	0.01	0.01	
FCTH65	0	0	0.01	0	0	0	0.01	0.01	
FCTH66	0	0	0	0	0	0	0.01	0.01	
FCTH67	0	0	0	0	0.01	0	0.01	0.01	
FCTH68	0.01	0.01	0	0	0.01	0.02	0.01	0.01	
FCTH69	0	0	0	0	0	0	0.01	0.01	
FCTH70	0	0	0	0	0	0	0.01	0.01	
FCTH71	0	0	0	0	0	0	0.01	0.01	
FCTH72	0	0	0	0	0	0	0.01	0.01	
FCTH73	0.03	0.03	0.03	0.03	0.02	0.03	0.01	0.01	
FCTH74	0.04	0.03	0.02	0.03	0.02	0.02	0.01	0.01	
FCTH75	0	0	0	0	0	0	0.01	0.01	
FCTH76	0	0	0	0	0.01	0	0.01	0.01	
FCTH77	0	0	0.01	0.01	0.01	0	0.01	0.01	
FCTH78	0	0	0	0	0	0	0.01	0.01	
FCTH79	0	0	0	0	0	0	0.01	0.01	
FCTH80	0	0	0	0	0.01	0	0.01	0.01	
FCTH81	0	0	0	0	0	0	0.01	0.01	
FCTH82	0	0	0	0	0	0	0.01	0.01	
FCTH83	0	0	0	0	0	0	0.01	0.01	
FCTH84	0	0	0	0	0	0	0.01	0.01	
FCTH85	0	0	0	0	0	0	0.01	0.01	
FCTH86	0	0	0	0	0	0	0.01	0.01	
FCTH87	0	0	0.01	0	0	0	0.01	0.01	
FCTH88	0	0	0	0	0	0	0.01	0.01	
FCTH89	0	0	0.01	0	0	0	0.01	0.01	
FCTH90	0	0	0	0	0	0	0.01	0.01	
FCTH91	0	0	0	0	0.01	0	0.01	0.01	
FCTH92	0.01	0	0	0	0.01	0.02	0.01	0.01	
FCTH93	0	0	0	0	0	0	0.01	0.01	
FCTH94	0	0	0	0	0	0	0.01	0.01	
FCTH95	0	0	0	0	0	0	0.01	0.01	
FCTH96	0	0	0	0	0	0	0.01	0.01	
FCTH97	0.02	0.01	0.03	0.03	0.02	0.02	0.01	0.01	
FCTH98	0.02	0.01	0.02	0.02	0.01	0.02	0.01	0.01	
FCTH99	0	0	0	0	0	0	0.01	0.01	
FCTH100	0	0	0	0	0	0	0.01	0.01	
FCTH101	0	0	0.01	0	0	0	0.01	0.01	
FCTH102	0	0	0	0	0	0	0.01	0.01	
FCTH103	0	0	0	0	0	0	0.01	0.01	
FCTH104	0	0	0	0	0	0	0.01	0.01	
FCTH105	0	0	0	0	0	0	0.01	0.01	
FCTH106	0	0	0	0	0	0	0.01	0.01	
FCTH107	0	0	0	0	0	0	0.01	0.01	
FCTH108	0	0	0	0	0	0	0.01	0.01	
FCTH109	0	0	0	0	0	0	0.01	0.01	
FCTH110	0	0	0	0	0	0	0.01	0.01	
FCTH111	0	0	0	0	0	0	0.01	0.01	
FCTH112	0	0	0	0	0	0	0.01	0.01	
FCTH113	0	0	0	0	0	0	0.01	0.01	
FCTH114	0	0	0	0	0	0	0.01	0.01	
FCTH115	0	0	0	0	0	0	0.01	0.01	
FCTH116	0	0	0	0	0	0.02	0.01	0.01	
FCTH117	0	0	0	0	0	0	0.01	0.01	
FCTH118	0	0	0	0	0	0	0.01	0.01	
FCTH119	0	0	0	0	0	0	0.01	0.01	
FCTH120	0	0	0	0	0	0	0.01	0.01	
FCTH121	0.02	0.01	0.03	0.03	0.02	0.03	0.01	0.01	
FCTH122	0.02	0.01	0.02	0.02	0.01	0.02	0.01	0.01	
FCTH123	0	0	0	0	0	0	0.01	0.01	
FCTH124	0	0	0	0	0	0	0.01	0.01	
FCTH125	0	0	0.01	0.01	0.01	0	0.01	0.01	
FCTH126	0	0	0	0	0	0	0.01	0.01	
FCTH127	0	0	0	0	0	0	0.01	0.01	
FCTH128	0	0	0	0	0	0	0.01	0.01	
FCTH129	0	0	0	0	0	0	0.01	0.01	
FCTH130	0	0	0	0	0	0	0.01	0.01	
FCTH131	0	0	0	0	0	0	0.01	0.01	
FCTH132	0	0	0	0	0	0	0.01	0.01	
FCTH133	0	0	0	0	0	0	0.01	0.01	
FCTH134	0	0	0	0	0	0	0.01	0.01	
FCTH135	0	0	0	0	0	0	0.01	0.01	
FCTH136	0	0	0	0	0	0	0.01	0.01	
FCTH137	0	0	0	0	0	0	0.01	0.01	
FCTH138	0	0	0	0	0	0	0.01	0.01	
FCTH139	0	0	0	0	0.01	0	0.01	0.01	
FCTH140	0	0	0	0	0.01	0.02	0.01	0.01	
FCTH141	0	0	0	0	0	0	0.01	0.01	
FCTH142	0	0	0	0	0	0	0.01	0.01	
FCTH143	0	0	0	0	0	0	0.01	0.01	
FCTH144	0	0	0	0	0	0	0.01	0.01	
FCTH145	0.01	0	0.03	0.02	0.02	0.02	0.01	0.01	
FCTH146	0.01	0	0.02	0.02	0.01	0.01	0.01	0.01	
FCTH147	0	0	0	0	0	0	0.01	0.01	
FCTH148	0	0	0	0	0	0	0.01	0.01	
FCTH149	0	0	0	0	0	0	0.01	0.01	
FCTH150	0	0	0	0	0	0	0.01	0.01	
FCTH151	0	0	0	0	0	0	0.01	0.01	
FCTH152	0	0	0	0	0	0	0.01	0.01	
FCTH153	0	0	0	0	0	0	0.01	0.01	
FCTH154	0	0	0	0	0	0	0.01	0.01	
FCTH155	0	0	0	0	0	0	0.01	0.01	
FCTH156	0	0	0	0	0	0	0.01	0.01	
FCTH157	0	0	0	0	0	0	0.01	0.01	
FCTH158	0	0	0	0	0	0	0.01	0.01	
FCTH159	0	0	0	0	0	0	0.01	0.01	
FCTH160	0	0	0	0	0	0	0.01	0.01	
FCTH161	0	0	0	0	0	0	0.01	0.01	
FCTH162	0	0	0	0	0	0	0.01	0.01	
FCTH163	0	0	0	0	0	0	0.01	0.01	
FCTH164	0	0	0	0	0	0	0.01	0.01	
FCTH165	0	0	0	0	0	0	0.01	0.01	
FCTH166	0	0	0	0	0	0	0.01	0.01	
FCTH167	0	0	0	0	0	0	0.01	0.01	
FCTH168	0	0	0	0	0	0	0.01	0.01	
FCTH169	0.02	0.01	0.05	0.04	0.03	0.04	0.01	0.01	
FCTH170	0.02	0.01	0.02	0.02	0.01	0.02	0.01	0.01	
FCTH171	0	0	0	0	0	0	0.01	0.01	
FCTH172	0	0	0	0	0.01	0	0.01	0.01	
FCTH173	0	0	0.01	0.01	0.01	0	0.01	0.01	
FCTH174	0	0	0	0	0	0	0.01	0.01	
FCTH175	0	0	0	0	0	0	0.01	0.01	
FCTH176	0	0	0	0	0.01	0	0.01	0.01	
FCTH177	0	0	0	0	0	0	0.01	0.01	
FCTH178	0	0	0	0	0	0	0.01	0.01	
FCTH179	0	0	0	0	0	0	0.01	0.01	
FCTH180	0	0	0	0	0	0	0.01	0.01	
FCTH181	0	0	0	0	0	0	0.01	0.01	
FCTH182	0	0	0	0	0	0	0.01	0.01	
FCTH183	0	0	0	0	0	0	0.01	0.01	
FCTH184	0	0	0	0	0	0	0.01	0.01	
FCTH185	0	0	0	0	0	0	0.01	0.01	
FCTH186	0	0	0	0	0	0	0.01	0.01	
FCTH187	0	0	0	0	0.01	0	0.01	0.01	
FCTH188	0	0	0	0	0.01	0.02	0.01	0.01	
FCTH189	0	0	0	0	0	0	0.01	0.01	
FCTH190	0	0	0	0	0	0	0.01	0.01	
FCTH191	0	0	0	0	0	0	0.01	0.01	


Time taken to build model: 0.17 seconds

Time taken to test model on training data: 0.02 seconds

=== Error on training data ===

Correctly Classified Instances         307               73.7981 %
Incorrectly Classified Instances       109               26.2019 %
Kappa statistic                          0.6623
Mean absolute error                      0.0684
Root mean squared error                  0.2273
Relative absolute error                 34.958  %
Root relative squared error             72.7383 %
Total Number of Instances              416     


=== Detailed Accuracy By Class ===

                 TP Rate  FP Rate  Precision  Recall   F-Measure  MCC      ROC Area  PRC Area  Class
                 0.512    0.099    0.373      0.512    0.431      0.360    0.874     0.476     K1
                 0.892    0.108    0.820      0.892    0.854      0.770    0.964     0.936     K2
                 0.789    0.091    0.659      0.789    0.719      0.653    0.945     0.796     K3
                 0.230    0.020    0.667      0.230    0.341      0.339    0.893     0.585     K4
                 0.875    0.000    1.000      0.875    0.933      0.925    0.987     0.966     K5
                 0.958    0.010    0.852      0.958    0.902      0.897    0.998     0.982     K6
                 ?        0.002    0.000      ?        ?          ?        ?         ?         K7
                 ?        0.000    ?          ?        ?          ?        ?         ?         K8
Weighted Avg.    0.738    0.069    0.751      0.738    0.726      0.674    0.946     0.819     


=== Confusion Matrix ===

   a   b   c   d   e   f   g   h   <-- classified as
  22  21   0   0   0   0   0   0 |   a = K1
  14 132   2   0   0   0   0   0 |   b = K2
   3   4  60   7   0   2   0   0 |   c = K3
  11   4  29  14   0   2   1   0 |   d = K4
   8   0   0   0  56   0   0   0 |   e = K5
   1   0   0   0   0  23   0   0 |   f = K6
   0   0   0   0   0   0   0   0 |   g = K7
   0   0   0   0   0   0   0   0 |   h = K8

Time taken to perform cross-validation: 0.04 seconds


=== Stratified cross-validation ===

Correctly Classified Instances         299               71.875  %
Incorrectly Classified Instances       117               28.125  %
Kappa statistic                          0.6362
Mean absolute error                      0.0742
Root mean squared error                  0.2382
Relative absolute error                 37.8948 %
Root relative squared error             76.2223 %
Total Number of Instances              416     


=== Detailed Accuracy By Class ===

                 TP Rate  FP Rate  Precision  Recall   F-Measure  MCC      ROC Area  PRC Area  Class
                 0.419    0.105    0.316      0.419    0.360      0.278    0.853     0.418     K1
                 0.899    0.123    0.801      0.899    0.847      0.758    0.957     0.918     K2
                 0.789    0.094    0.652      0.789    0.714      0.647    0.904     0.611     K3
                 0.197    0.023    0.600      0.197    0.296      0.288    0.822     0.451     K4
                 0.828    0.000    1.000      0.828    0.906      0.896    0.986     0.963     K5
                 0.958    0.010    0.852      0.958    0.902      0.897    0.997     0.962     K6
                 ?        0.002    0.000      ?        ?          ?        ?         ?         K7
                 ?        0.000    ?          ?        ?          ?        ?         ?         K8
Weighted Avg.    0.719    0.076    0.728      0.719    0.704      0.649    0.923     0.751     


=== Confusion Matrix ===

   a   b   c   d   e   f   g   h   <-- classified as
  18  25   0   0   0   0   0   0 |   a = K1
  13 133   1   1   0   0   0   0 |   b = K2
   3   4  60   7   0   2   0   0 |   c = K3
  11   4  31  12   0   2   1   0 |   d = K4
  11   0   0   0  53   0   0   0 |   e = K5
   1   0   0   0   0  23   0   0 |   f = K6
   0   0   0   0   0   0   0   0 |   g = K7
   0   0   0   0   0   0   0   0 |   h = K8

