
=== Classifier model (full training set) ===

Naive Bayes Classifier

                                       Class
Attribute                                 K1       K2       K3       K4       K5       K6       K7       K8
                                       (0.1)   (0.35)   (0.18)   (0.15)   (0.15)   (0.06)      (0)      (0)
============================================================================================================
Histogram of JPEG Coefficients0
  mean                               109.8605 122.2297  86.9868 103.4098   3.4375   1.3333        0        0
  std. dev.                           72.3283  71.0331  75.5563  72.9901  10.8194   5.7783   0.0017   0.0017
  weight sum                               43      148       76       61       64       24        0        0
  precision                              0.01     0.01     0.01     0.01     0.01     0.01     0.01     0.01

Histogram of JPEG Coefficients1
  mean                               236.6977 239.4054 173.8421 199.1148   137.25 170.7917        0        0
  std. dev.                           26.3955  32.5951   97.998  85.4498  60.8251  40.4124   0.0017   0.0017
  weight sum                               43      148       76       61       64       24        0        0
  precision                              0.01     0.01     0.01     0.01     0.01     0.01     0.01     0.01

Histogram of JPEG Coefficients2
  mean                                212.093 181.3378 168.7105 186.2459 159.7344 211.1667        0        0
  std. dev.                           36.4563  40.8028  78.0804  69.0005  78.2069  38.2107   0.0017   0.0017
  weight sum                               43      148       76       61       64       24        0        0
  precision                              0.01     0.01     0.01     0.01     0.01     0.01     0.01     0.01

Histogram of JPEG Coefficients3
  mean                               121.0233 108.3986 119.9342 137.2623 144.2344 193.2917        0        0
  std. dev.                           24.7861  31.7647  53.7084   55.871  73.8067  45.4995   0.0017   0.0017
  weight sum                               43      148       76       61       64       24        0        0
  precision                              0.01     0.01     0.01     0.01     0.01     0.01     0.01     0.01

Histogram of JPEG Coefficients4
  mean                                 71.907  61.8784    89.75 105.2951 134.4844 177.8333        0        0
  std. dev.                           20.3491  23.3458  50.1359  53.8527   78.982  41.7858   0.0017   0.0017
  weight sum                               43      148       76       61       64       24        0        0
  precision                              0.01     0.01     0.01     0.01     0.01     0.01     0.01     0.01

Histogram of JPEG Coefficients5
  mean                                36.1163  36.8514  57.2895  63.8525  90.9375 122.9167        0        0
  std. dev.                            12.832  17.6292   39.373  34.0572  56.4789  42.0455   0.0017   0.0017
  weight sum                               43      148       76       61       64       24        0        0
  precision                              0.01     0.01     0.01     0.01     0.01     0.01     0.01     0.01

Histogram of JPEG Coefficients6
  mean                                34.1628  37.7162  36.4079  53.8689  78.6875 108.7083        0        0
  std. dev.                           14.7631  19.8767   26.985  46.4202  50.4681  48.3386   0.0017   0.0017
  weight sum                               43      148       76       61       64       24        0        0
  precision                              0.01     0.01     0.01     0.01     0.01     0.01     0.01     0.01

Histogram of JPEG Coefficients7
  mean                                43.2093  49.4865  26.0789  37.5902  67.7969  97.4583        0        0
  std. dev.                           20.4081  28.6605  19.6956  24.8189  58.4744  50.5684   0.0017   0.0017
  weight sum                               43      148       76       61       64       24        0        0
  precision                              0.01     0.01     0.01     0.01     0.01     0.01     0.01     0.01

Histogram of JPEG Coefficients8
  mean                               146.7442 172.1824  94.6579  83.1803 102.1406 120.2917        0        0
  std. dev.                           58.8459  53.1483  53.4232  40.9456  62.8149  32.7675   0.0017   0.0017
  weight sum                               43      148       76       61       64       24        0        0
  precision                              0.01     0.01     0.01     0.01     0.01     0.01     0.01     0.01

Histogram of JPEG Coefficients9
  mean                                    179 148.4324 176.3947 155.4754  184.125 229.6667        0        0
  std. dev.                           50.9656  47.4057  87.7679  74.4505  70.4183  36.5658   0.0017   0.0017
  weight sum                               43      148       76       61       64       24        0        0
  precision                              0.01     0.01     0.01     0.01     0.01     0.01     0.01     0.01

Histogram of JPEG Coefficients10
  mean                               107.3256  77.4527 140.1579 119.8197 189.9063 180.8333        0        0
  std. dev.                           45.6059  40.5675  69.7456  45.8152  50.5679   35.807   0.0017   0.0017
  weight sum                               43      148       76       61       64       24        0        0
  precision                              0.01     0.01     0.01     0.01     0.01     0.01     0.01     0.01

Histogram of JPEG Coefficients11
  mean                                36.7209   22.723  92.9868  88.7705  152.625 168.4167        0        0
  std. dev.                           20.9588  19.5841  54.1779  47.1879  53.5425  46.1112   0.0017   0.0017
  weight sum                               43      148       76       61       64       24        0        0
  precision                              0.01     0.01     0.01     0.01     0.01     0.01     0.01     0.01

Histogram of JPEG Coefficients12
  mean                                11.9535   7.6959  58.7632  61.6557 108.4219 118.1667        0        0
  std. dev.                            8.1411   9.5165  43.0376  40.8965   47.878   34.189   0.0017   0.0017
  weight sum                               43      148       76       61       64       24        0        0
  precision                              0.01     0.01     0.01     0.01     0.01     0.01     0.01     0.01

Histogram of JPEG Coefficients13
  mean                                 2.2558   2.9932  32.4342   32.082  75.7656  80.9167        0        0
  std. dev.                            1.5264   2.2102  24.6722  19.7934  52.9389  34.6012   0.0017   0.0017
  weight sum                               43      148       76       61       64       24        0        0
  precision                              0.01     0.01     0.01     0.01     0.01     0.01     0.01     0.01

Histogram of JPEG Coefficients14
  mean                                 3.2093   4.1014    16.25  25.1475  54.6094    77.25        0        0
  std. dev.                            2.0972    2.799  12.4543  27.7169  41.6566   39.783   0.0017   0.0017
  weight sum                               43      148       76       61       64       24        0        0
  precision                              0.01     0.01     0.01     0.01     0.01     0.01     0.01     0.01

Histogram of JPEG Coefficients15
  mean                                 7.5581   9.8919  16.7632  20.1639  59.2031   85.375        0        0
  std. dev.                            4.7754   4.7607   19.731   13.589  59.4046  58.0537   0.0017   0.0017
  weight sum                               43      148       76       61       64       24        0        0
  precision                              0.01     0.01     0.01     0.01     0.01     0.01     0.01     0.01

Histogram of JPEG Coefficients16
  mean                               138.0233 155.7432  95.2237  81.9508 117.0313 107.2083        0        0
  std. dev.                           52.1119  51.6645  54.0423  36.4037  59.3599  39.8831   0.0017   0.0017
  weight sum                               43      148       76       61       64       24        0        0
  precision                              0.01     0.01     0.01     0.01     0.01     0.01     0.01     0.01

Histogram of JPEG Coefficients17
  mean                               104.4884  81.0473 136.3816 104.2459  166.375 158.2917        0        0
  std. dev.                           45.0098  37.0232   59.119  45.4946  69.7506  35.2591   0.0017   0.0017
  weight sum                               43      148       76       61       64       24        0        0
  precision                              0.01     0.01     0.01     0.01     0.01     0.01     0.01     0.01

Histogram of JPEG Coefficients18
  mean                                63.7442  36.3919 113.0395  76.0492 179.5625 137.4583        0        0
  std. dev.                           35.8466  25.4108  60.8569  35.0164  63.7853  28.8025   0.0017   0.0017
  weight sum                               43      148       76       61       64       24        0        0
  precision                              0.01     0.01     0.01     0.01     0.01     0.01     0.01     0.01

Histogram of JPEG Coefficients19
  mean                                18.6047    8.473  70.0526  54.1311 168.0781 110.0417        0        0
  std. dev.                           15.7851   9.4157  40.9479  32.5961  55.3608  25.3911   0.0017   0.0017
  weight sum                               43      148       76       61       64       24        0        0
  precision                              0.01     0.01     0.01     0.01     0.01     0.01     0.01     0.01

Histogram of JPEG Coefficients20
  mean                                  2.907   2.3784  44.5132  38.2459  94.7344  75.2083        0        0
  std. dev.                            2.9319     3.05   40.611  31.0133  47.5675  27.0616   0.0017   0.0017
  weight sum                               43      148       76       61       64       24        0        0
  precision                              0.01     0.01     0.01     0.01     0.01     0.01     0.01     0.01

Histogram of JPEG Coefficients21
  mean                                 1.7442    2.473  17.8553  25.1311  62.0938  56.4583        0        0
  std. dev.                            1.4157   2.0482  15.6573  28.8867  41.1968  35.3199   0.0017   0.0017
  weight sum                               43      148       76       61       64       24        0        0
  precision                              0.01     0.01     0.01     0.01     0.01     0.01     0.01     0.01

Histogram of JPEG Coefficients22
  mean                                 8.2093    9.473  15.6184   20.541  52.4219   47.875        0        0
  std. dev.                            4.7327   5.3492  13.1689  21.2669  49.3833  34.7926   0.0017   0.0017
  weight sum                               43      148       76       61       64       24        0        0
  precision                              0.01     0.01     0.01     0.01     0.01     0.01     0.01     0.01

Histogram of JPEG Coefficients23
  mean                                 7.7209  10.2162  12.0395  23.9016  37.7813   63.625        0        0
  std. dev.                            3.9315   5.0236   9.9505  33.9188   36.861  45.6516   0.0017   0.0017
  weight sum                               43      148       76       61       64       24        0        0
  precision                              0.01     0.01     0.01     0.01     0.01     0.01     0.01     0.01

Histogram of JPEG Coefficients24
  mean                                92.6744 113.9662  70.5395  57.1639 103.3125  92.3333        0        0
  std. dev.                           37.9128  40.1454  34.2331  30.6226  53.2306  38.1233   0.0017   0.0017
  weight sum                               43      148       76       61       64       24        0        0
  precision                              0.01     0.01     0.01     0.01     0.01     0.01     0.01     0.01

Histogram of JPEG Coefficients25
  mean                                49.6279  35.8649  84.7237  69.3115 129.3125  113.875        0        0
  std. dev.                           28.9571  23.1057  41.0948  33.4593  53.5618  30.5714   0.0017   0.0017
  weight sum                               43      148       76       61       64       24        0        0
  precision                              0.01     0.01     0.01     0.01     0.01     0.01     0.01     0.01

Histogram of JPEG Coefficients26
  mean                                20.3488  10.8446  65.3421  60.1639 134.9219  97.9167        0        0
  std. dev.                            15.592  11.4389  40.5747   44.216  58.6279  23.1515   0.0017   0.0017
  weight sum                               43      148       76       61       64       24        0        0
  precision                              0.01     0.01     0.01     0.01     0.01     0.01     0.01     0.01

Histogram of JPEG Coefficients27
  mean                                  6.186   2.3311  54.6579  32.4754 128.2656   75.875        0        0
  std. dev.                            6.8037   3.7961  47.0631  17.9221  57.4413  26.5743   0.0017   0.0017
  weight sum                               43      148       76       61       64       24        0        0
  precision                              0.01     0.01     0.01     0.01     0.01     0.01     0.01     0.01

Histogram of JPEG Coefficients28
  mean                                 0.8605   0.9932  24.6184   20.377  75.9375  41.1667        0        0
  std. dev.                            1.0248   1.2971  30.0486  16.4528  43.2619  17.6722   0.0017   0.0017
  weight sum                               43      148       76       61       64       24        0        0
  precision                              0.01     0.01     0.01     0.01     0.01     0.01     0.01     0.01

Histogram of JPEG Coefficients29
  mean                                  1.186   1.5068  14.3684  19.8525  52.4531     43.5        0        0
  std. dev.                            1.0838   1.3877  12.1426  32.7123   52.897   31.944   0.0017   0.0017
  weight sum                               43      148       76       61       64       24        0        0
  precision                              0.01     0.01     0.01     0.01     0.01     0.01     0.01     0.01

Histogram of JPEG Coefficients30
  mean                                 3.7674   4.7027  10.2895  13.3934  35.9531   30.875        0        0
  std. dev.                            2.2807   3.1461  10.1926  12.6754  40.1619   17.496   0.0017   0.0017
  weight sum                               43      148       76       61       64       24        0        0
  precision                              0.01     0.01     0.01     0.01     0.01     0.01     0.01     0.01

Histogram of JPEG Coefficients31
  mean                                 7.2558   9.2297  13.9079  17.7213  33.8906  42.5417        0        0
  std. dev.                            3.7793    4.593   13.097  14.5085  35.6906  24.4659   0.0017   0.0017
  weight sum                               43      148       76       61       64       24        0        0
  precision                              0.01     0.01     0.01     0.01     0.01     0.01     0.01     0.01

Histogram of JPEG Coefficients32
  mean                                50.7442  67.0811  47.7237  43.9508 112.2188     83.5        0        0
  std. dev.                           22.7413  27.6683  36.1396  28.8634  73.9418  42.9379   0.0017   0.0017
  weight sum                               43      148       76       61       64       24        0        0
  precision                              0.01     0.01     0.01     0.01     0.01     0.01     0.01     0.01

Histogram of JPEG Coefficients33
  mean                                16.7442   12.223  42.4737  46.2951  99.2031  91.7083        0        0
  std. dev.                           12.1389  10.6991  35.3432  31.1618  44.8425  20.7233   0.0017   0.0017
  weight sum                               43      148       76       61       64       24        0        0
  precision                              0.01     0.01     0.01     0.01     0.01     0.01     0.01     0.01

Histogram of JPEG Coefficients34
  mean                                 3.3721   2.0608  37.1184   25.459  86.3594  54.0417        0        0
  std. dev.                            5.1355   2.8716  33.6241    16.49   51.128  19.1452   0.0017   0.0017
  weight sum                               43      148       76       61       64       24        0        0
  precision                              0.01     0.01     0.01     0.01     0.01     0.01     0.01     0.01

Histogram of JPEG Coefficients35
  mean                                 0.6512   0.8108  25.2105  16.1967  74.0625  43.7083        0        0
  std. dev.                            0.9617   0.9179  36.5414  14.5081  44.5568  18.5999   0.0017   0.0017
  weight sum                               43      148       76       61       64       24        0        0
  precision                              0.01     0.01     0.01     0.01     0.01     0.01     0.01     0.01

Histogram of JPEG Coefficients36
  mean                                 1.8605   2.0946  22.4342  12.3279  57.2656    26.25        0        0
  std. dev.                            1.5639   1.7411  43.9094  11.8774  46.1334  17.3668   0.0017   0.0017
  weight sum                               43      148       76       61       64       24        0        0
  precision                              0.01     0.01     0.01     0.01     0.01     0.01     0.01     0.01

Histogram of JPEG Coefficients37
  mean                                 3.5349   5.0878  15.2632   12.541  26.2969  31.5833        0        0
  std. dev.                            2.5731   3.3042  20.8708  17.4653  36.7112  16.1811   0.0017   0.0017
  weight sum                               43      148       76       61       64       24        0        0
  precision                              0.01     0.01     0.01     0.01     0.01     0.01     0.01     0.01

Histogram of JPEG Coefficients38
  mean                                 4.8372   5.9459  12.9605  17.2295  24.7969  41.3333        0        0
  std. dev.                            3.1322   3.8656  17.3535  25.7201  26.4245  30.5869   0.0017   0.0017
  weight sum                               43      148       76       61       64       24        0        0
  precision                              0.01     0.01     0.01     0.01     0.01     0.01     0.01     0.01

Histogram of JPEG Coefficients39
  mean                                  8.186  10.8986  19.1711  25.4426  23.6406  40.0417        0        0
  std. dev.                            3.8835   5.3052  31.5421  42.3047  33.2535  24.0321   0.0017   0.0017
  weight sum                               43      148       76       61       64       24        0        0
  precision                              0.01     0.01     0.01     0.01     0.01     0.01     0.01     0.01

Histogram of JPEG Coefficients40
  mean                                25.8837  35.7297  24.5132  25.3115  84.1563   64.375        0        0
  std. dev.                            14.002  16.5927   18.299  14.0088  76.4144  48.5694   0.0017   0.0017
  weight sum                               43      148       76       61       64       24        0        0
  precision                              0.01     0.01     0.01     0.01     0.01     0.01     0.01     0.01

Histogram of JPEG Coefficients41
  mean                                 3.0233   2.4257  20.2895  28.5902  65.1719   47.625        0        0
  std. dev.                            4.6028   3.7273  18.6701  29.6185   36.067  12.8056   0.0017   0.0017
  weight sum                               43      148       76       61       64       24        0        0
  precision                              0.01     0.01     0.01     0.01     0.01     0.01     0.01     0.01

Histogram of JPEG Coefficients42
  mean                                 0.9535   1.3311  16.7105  16.3443  47.3125  39.8333        0        0
  std. dev.                            1.0555   1.3069  24.8754  15.8144  26.3888  23.4604   0.0017   0.0017
  weight sum                               43      148       76       61       64       24        0        0
  precision                              0.01     0.01     0.01     0.01     0.01     0.01     0.01     0.01

Histogram of JPEG Coefficients43
  mean                                 0.6279   0.8243   9.7237   9.3443   43.625   25.125        0        0
  std. dev.                            0.8076   0.9636  14.5562   8.4599  37.3955  22.3762   0.0017   0.0017
  weight sum                               43      148       76       61       64       24        0        0
  precision                              0.01     0.01     0.01     0.01     0.01     0.01     0.01     0.01

Histogram of JPEG Coefficients44
  mean                                 1.6977   2.2838   6.5921   8.3279    35.25  15.4167        0        0
  std. dev.                            1.6216   1.8996   8.2225  12.2243  40.9203   8.8314   0.0017   0.0017
  weight sum                               43      148       76       61       64       24        0        0
  precision                              0.01     0.01     0.01     0.01     0.01     0.01     0.01     0.01

Histogram of JPEG Coefficients45
  mean                                  3.186   3.6824   7.8421   9.7049  30.2188  24.0417        0        0
  std. dev.                            2.6171   2.2392  11.0335  20.0068  46.1385  11.4473   0.0017   0.0017
  weight sum                               43      148       76       61       64       24        0        0
  precision                              0.01     0.01     0.01     0.01     0.01     0.01     0.01     0.01

Histogram of JPEG Coefficients46
  mean                                15.2558  18.6824  12.1184  14.1803  27.7813       26        0        0
  std. dev.                            7.9915   9.5522  14.3856  24.5106  34.5889    16.83   0.0017   0.0017
  weight sum                               43      148       76       61       64       24        0        0
  precision                              0.01     0.01     0.01     0.01     0.01     0.01     0.01     0.01

Histogram of JPEG Coefficients47
  mean                                 8.0233  10.5068  23.1447  18.9672  25.1875       32        0        0
  std. dev.                            4.8344    5.189  28.2348  17.7893  27.0404  17.7365   0.0017   0.0017
  weight sum                               43      148       76       61       64       24        0        0
  precision                              0.01     0.01     0.01     0.01     0.01     0.01     0.01     0.01

Histogram of JPEG Coefficients48
  mean                                10.2558  15.9459  23.1579  22.1475  61.4219  40.4167        0        0
  std. dev.                            6.1572   8.4994   30.361  17.8737  48.2221  33.2126   0.0017   0.0017
  weight sum                               43      148       76       61       64       24        0        0
  precision                              0.01     0.01     0.01     0.01     0.01     0.01     0.01     0.01

Histogram of JPEG Coefficients49
  mean                                 1.4884    1.777  16.1974  18.8852  36.7656  50.0833        0        0
  std. dev.                            1.3359   1.5718  18.4034   15.181  25.4557  36.6412   0.0017   0.0017
  weight sum                               43      148       76       61       64       24        0        0
  precision                              0.01     0.01     0.01     0.01     0.01     0.01     0.01     0.01

Histogram of JPEG Coefficients50
  mean                                 2.2558   2.9595       15  13.8525    25.75  26.2083        0        0
  std. dev.                            1.5862   2.2538  21.4979  15.0788  24.5879  13.1275   0.0017   0.0017
  weight sum                               43      148       76       61       64       24        0        0
  precision                              0.01     0.01     0.01     0.01     0.01     0.01     0.01     0.01

Histogram of JPEG Coefficients51
  mean                                 2.3488   3.4189  10.6053   9.9672   23.625       24        0        0
  std. dev.                            1.8412   2.3852   13.969   7.6286  20.4767  11.4564   0.0017   0.0017
  weight sum                               43      148       76       61       64       24        0        0
  precision                              0.01     0.01     0.01     0.01     0.01     0.01     0.01     0.01

Histogram of JPEG Coefficients52
  mean                                 3.6279   4.4797  11.3026  22.7869  15.9531   21.875        0        0
  std. dev.                            2.6061   2.8415  18.4698  38.1791  30.5396  18.9458   0.0017   0.0017
  weight sum                               43      148       76       61       64       24        0        0
  precision                              0.01     0.01     0.01     0.01     0.01     0.01     0.01     0.01

Histogram of JPEG Coefficients53
  mean                                 9.7209  11.9054  13.0921  12.5574  27.7656       25        0        0
  std. dev.                            5.3541   5.9981  15.3736  10.8982  38.6279  19.1855   0.0017   0.0017
  weight sum                               43      148       76       61       64       24        0        0
  precision                              0.01     0.01     0.01     0.01     0.01     0.01     0.01     0.01

Histogram of JPEG Coefficients54
  mean                                10.3488  12.7095  25.9342  34.0492  30.3125   36.625        0        0
  std. dev.                            5.8464   5.6224  21.9912  40.2771   40.921  25.2831   0.0017   0.0017
  weight sum                               43      148       76       61       64       24        0        0
  precision                              0.01     0.01     0.01     0.01     0.01     0.01     0.01     0.01

Histogram of JPEG Coefficients55
  mean                                14.6279  19.6216  38.4737  33.3115  39.7656   44.375        0        0
  std. dev.                            7.2305   8.9461  36.6213  36.5901  41.5191  21.5828   0.0017   0.0017
  weight sum                               43      148       76       61       64       24        0        0
  precision                              0.01     0.01     0.01     0.01     0.01     0.01     0.01     0.01

Histogram of JPEG Coefficients56
  mean                                25.3256  40.6824  14.2632  14.1475  40.0781  46.2917        0        0
  std. dev.                           17.0399  22.1066  12.3239  11.0999  28.7523  38.8807   0.0017   0.0017
  weight sum                               43      148       76       61       64       24        0        0
  precision                              0.01     0.01     0.01     0.01     0.01     0.01     0.01     0.01

Histogram of JPEG Coefficients57
  mean                                 5.4186   7.8919  14.6447  12.9672  31.0469  49.7917        0        0
  std. dev.                            3.1121   4.5174  19.6474  11.6069  27.4172  37.8373   0.0017   0.0017
  weight sum                               43      148       76       61       64       24        0        0
  precision                              0.01     0.01     0.01     0.01     0.01     0.01     0.01     0.01

Histogram of JPEG Coefficients58
  mean                                 6.3721   8.3446  12.2632  19.4098  32.1719  48.9167        0        0
  std. dev.                             4.351   4.6233  16.5731   19.786  37.8717  27.4544   0.0017   0.0017
  weight sum                               43      148       76       61       64       24        0        0
  precision                              0.01     0.01     0.01     0.01     0.01     0.01     0.01     0.01

Histogram of JPEG Coefficients59
  mean                                 7.6512   9.1689  11.4079  13.7541    21.25     42.5        0        0
  std. dev.                            4.4975   4.9393  10.5321  13.0568  22.2704  29.3485   0.0017   0.0017
  weight sum                               43      148       76       61       64       24        0        0
  precision                              0.01     0.01     0.01     0.01     0.01     0.01     0.01     0.01

Histogram of JPEG Coefficients60
  mean                                 9.1395  11.1284  14.4211  19.8689  24.7656  35.4167        0        0
  std. dev.                            4.8445   5.5984  14.1907  23.7483  31.7745  21.1028   0.0017   0.0017
  weight sum                               43      148       76       61       64       24        0        0
  precision                              0.01     0.01     0.01     0.01     0.01     0.01     0.01     0.01

Histogram of JPEG Coefficients61
  mean                                 7.4651   8.7095  14.9474  16.0984  21.2031  24.5417        0        0
  std. dev.                            4.1838   4.2589  15.9728   15.933  23.9649  15.6498   0.0017   0.0017
  weight sum                               43      148       76       61       64       24        0        0
  precision                              0.01     0.01     0.01     0.01     0.01     0.01     0.01     0.01

Histogram of JPEG Coefficients62
  mean                                14.6512  18.6892  32.5921  32.5738  28.3438  38.9583        0        0
  std. dev.                            8.1523   8.4963  36.3036  35.4385  28.3748  18.4605   0.0017   0.0017
  weight sum                               43      148       76       61       64       24        0        0
  precision                              0.01     0.01     0.01     0.01     0.01     0.01     0.01     0.01

Histogram of JPEG Coefficients63
  mean                                23.0465  28.6419  65.9079  60.2295  38.0313  44.7917        0        0
  std. dev.                           10.3181  11.8253  60.7263  61.7301  38.7681  27.1723   0.0017   0.0017
  weight sum                               43      148       76       61       64       24        0        0
  precision                              0.01     0.01     0.01     0.01     0.01     0.01     0.01     0.01

Histogram of JPEG Coefficients64
  mean                                    255      255      255      255      255      255        0        0
  std. dev.                            0.0017   0.0017   0.0017   0.0017   0.0017   0.0017   0.0017   0.0017
  weight sum                               43      148       76       61       64       24        0        0
  precision                              0.01     0.01     0.01     0.01     0.01     0.01     0.01     0.01

Histogram of JPEG Coefficients65
  mean                                    127      127      127      127      127      127        0        0
  std. dev.                            0.0017   0.0017   0.0017   0.0017   0.0017   0.0017   0.0017   0.0017
  weight sum                               43      148       76       61       64       24        0        0
  precision                              0.01     0.01     0.01     0.01     0.01     0.01     0.01     0.01

Histogram of JPEG Coefficients66
  mean                                84.6279  84.5203  84.5263  84.6721  84.5156  84.5833        0        0
  std. dev.                            0.4834   0.4996   0.4993   0.4694   0.4998    0.493   0.0017   0.0017
  weight sum                               43      148       76       61       64       24        0        0
  precision                              0.01     0.01     0.01     0.01     0.01     0.01     0.01     0.01

Histogram of JPEG Coefficients67
  mean                                     63       63       63       63       63       63        0        0
  std. dev.                            0.0017   0.0017   0.0017   0.0017   0.0017   0.0017   0.0017   0.0017
  weight sum                               43      148       76       61       64       24        0        0
  precision                              0.01     0.01     0.01     0.01     0.01     0.01     0.01     0.01

Histogram of JPEG Coefficients68
  mean                                50.6279  50.5338  50.6974  50.6885  50.6719  50.5417        0        0
  std. dev.                            0.4834   0.4989   0.4594   0.4631   0.4695   0.4983   0.0017   0.0017
  weight sum                               43      148       76       61       64       24        0        0
  precision                              0.01     0.01     0.01     0.01     0.01     0.01     0.01     0.01

Histogram of JPEG Coefficients69
  mean                                     42       42       42       42       42       42        0        0
  std. dev.                            0.0017   0.0017   0.0017   0.0017   0.0017   0.0017   0.0017   0.0017
  weight sum                               43      148       76       61       64       24        0        0
  precision                              0.01     0.01     0.01     0.01     0.01     0.01     0.01     0.01

Histogram of JPEG Coefficients70
  mean                                     36       36       36       36       36       36        0        0
  std. dev.                            0.0017   0.0017   0.0017   0.0017   0.0017   0.0017   0.0017   0.0017
  weight sum                               43      148       76       61       64       24        0        0
  precision                              0.01     0.01     0.01     0.01     0.01     0.01     0.01     0.01

Histogram of JPEG Coefficients71
  mean                                     31       31       31       31       31       31        0        0
  std. dev.                            0.0017   0.0017   0.0017   0.0017   0.0017   0.0017   0.0017   0.0017
  weight sum                               43      148       76       61       64       24        0        0
  precision                              0.01     0.01     0.01     0.01     0.01     0.01     0.01     0.01

Histogram of JPEG Coefficients72
  mean                                      0        0        0        0        0        0        0        0
  std. dev.                            0.0017   0.0017   0.0017   0.0017   0.0017   0.0017   0.0017   0.0017
  weight sum                               43      148       76       61       64       24        0        0
  precision                              0.01     0.01     0.01     0.01     0.01     0.01     0.01     0.01

Histogram of JPEG Coefficients73
  mean                                      0        0        0        0        0        0        0        0
  std. dev.                            0.0017   0.0017   0.0017   0.0017   0.0017   0.0017   0.0017   0.0017
  weight sum                               43      148       76       61       64       24        0        0
  precision                              0.01     0.01     0.01     0.01     0.01     0.01     0.01     0.01

Histogram of JPEG Coefficients74
  mean                                      0        0        0        0        0        0        0        0
  std. dev.                            0.0017   0.0017   0.0017   0.0017   0.0017   0.0017   0.0017   0.0017
  weight sum                               43      148       76       61       64       24        0        0
  precision                              0.01     0.01     0.01     0.01     0.01     0.01     0.01     0.01

Histogram of JPEG Coefficients75
  mean                                      0        0        0        0        0        0        0        0
  std. dev.                            0.0017   0.0017   0.0017   0.0017   0.0017   0.0017   0.0017   0.0017
  weight sum                               43      148       76       61       64       24        0        0
  precision                              0.01     0.01     0.01     0.01     0.01     0.01     0.01     0.01

Histogram of JPEG Coefficients76
  mean                                      0        0        0        0        0        0        0        0
  std. dev.                            0.0017   0.0017   0.0017   0.0017   0.0017   0.0017   0.0017   0.0017
  weight sum                               43      148       76       61       64       24        0        0
  precision                              0.01     0.01     0.01     0.01     0.01     0.01     0.01     0.01

Histogram of JPEG Coefficients77
  mean                                      0        0        0        0        0        0        0        0
  std. dev.                            0.0017   0.0017   0.0017   0.0017   0.0017   0.0017   0.0017   0.0017
  weight sum                               43      148       76       61       64       24        0        0
  precision                              0.01     0.01     0.01     0.01     0.01     0.01     0.01     0.01

Histogram of JPEG Coefficients78
  mean                                      0        0        0        0        0        0        0        0
  std. dev.                            0.0017   0.0017   0.0017   0.0017   0.0017   0.0017   0.0017   0.0017
  weight sum                               43      148       76       61       64       24        0        0
  precision                              0.01     0.01     0.01     0.01     0.01     0.01     0.01     0.01

Histogram of JPEG Coefficients79
  mean                                      0        0        0        0        0        0        0        0
  std. dev.                            0.0017   0.0017   0.0017   0.0017   0.0017   0.0017   0.0017   0.0017
  weight sum                               43      148       76       61       64       24        0        0
  precision                              0.01     0.01     0.01     0.01     0.01     0.01     0.01     0.01

Histogram of JPEG Coefficients80
  mean                                      0        0        0        0        0        0        0        0
  std. dev.                            0.0017   0.0017   0.0017   0.0017   0.0017   0.0017   0.0017   0.0017
  weight sum                               43      148       76       61       64       24        0        0
  precision                              0.01     0.01     0.01     0.01     0.01     0.01     0.01     0.01

Histogram of JPEG Coefficients81
  mean                                      0        0        0        0        0        0        0        0
  std. dev.                            0.0017   0.0017   0.0017   0.0017   0.0017   0.0017   0.0017   0.0017
  weight sum                               43      148       76       61       64       24        0        0
  precision                              0.01     0.01     0.01     0.01     0.01     0.01     0.01     0.01

Histogram of JPEG Coefficients82
  mean                                      0        0        0        0        0        0        0        0
  std. dev.                            0.0017   0.0017   0.0017   0.0017   0.0017   0.0017   0.0017   0.0017
  weight sum                               43      148       76       61       64       24        0        0
  precision                              0.01     0.01     0.01     0.01     0.01     0.01     0.01     0.01

Histogram of JPEG Coefficients83
  mean                                      0        0        0        0        0        0        0        0
  std. dev.                            0.0017   0.0017   0.0017   0.0017   0.0017   0.0017   0.0017   0.0017
  weight sum                               43      148       76       61       64       24        0        0
  precision                              0.01     0.01     0.01     0.01     0.01     0.01     0.01     0.01

Histogram of JPEG Coefficients84
  mean                                      0        0        0        0        0        0        0        0
  std. dev.                            0.0017   0.0017   0.0017   0.0017   0.0017   0.0017   0.0017   0.0017
  weight sum                               43      148       76       61       64       24        0        0
  precision                              0.01     0.01     0.01     0.01     0.01     0.01     0.01     0.01

Histogram of JPEG Coefficients85
  mean                                      0        0        0        0        0        0        0        0
  std. dev.                            0.0017   0.0017   0.0017   0.0017   0.0017   0.0017   0.0017   0.0017
  weight sum                               43      148       76       61       64       24        0        0
  precision                              0.01     0.01     0.01     0.01     0.01     0.01     0.01     0.01

Histogram of JPEG Coefficients86
  mean                                      0        0        0        0        0        0        0        0
  std. dev.                            0.0017   0.0017   0.0017   0.0017   0.0017   0.0017   0.0017   0.0017
  weight sum                               43      148       76       61       64       24        0        0
  precision                              0.01     0.01     0.01     0.01     0.01     0.01     0.01     0.01

Histogram of JPEG Coefficients87
  mean                                      0        0        0        0        0        0        0        0
  std. dev.                            0.0017   0.0017   0.0017   0.0017   0.0017   0.0017   0.0017   0.0017
  weight sum                               43      148       76       61       64       24        0        0
  precision                              0.01     0.01     0.01     0.01     0.01     0.01     0.01     0.01

Histogram of JPEG Coefficients88
  mean                                      0        0        0        0        0        0        0        0
  std. dev.                            0.0017   0.0017   0.0017   0.0017   0.0017   0.0017   0.0017   0.0017
  weight sum                               43      148       76       61       64       24        0        0
  precision                              0.01     0.01     0.01     0.01     0.01     0.01     0.01     0.01

Histogram of JPEG Coefficients89
  mean                                      0        0        0        0        0        0        0        0
  std. dev.                            0.0017   0.0017   0.0017   0.0017   0.0017   0.0017   0.0017   0.0017
  weight sum                               43      148       76       61       64       24        0        0
  precision                              0.01     0.01     0.01     0.01     0.01     0.01     0.01     0.01

Histogram of JPEG Coefficients90
  mean                                      0        0        0        0        0        0        0        0
  std. dev.                            0.0017   0.0017   0.0017   0.0017   0.0017   0.0017   0.0017   0.0017
  weight sum                               43      148       76       61       64       24        0        0
  precision                              0.01     0.01     0.01     0.01     0.01     0.01     0.01     0.01

Histogram of JPEG Coefficients91
  mean                                      0        0        0        0        0        0        0        0
  std. dev.                            0.0017   0.0017   0.0017   0.0017   0.0017   0.0017   0.0017   0.0017
  weight sum                               43      148       76       61       64       24        0        0
  precision                              0.01     0.01     0.01     0.01     0.01     0.01     0.01     0.01

Histogram of JPEG Coefficients92
  mean                                      0        0        0        0        0        0        0        0
  std. dev.                            0.0017   0.0017   0.0017   0.0017   0.0017   0.0017   0.0017   0.0017
  weight sum                               43      148       76       61       64       24        0        0
  precision                              0.01     0.01     0.01     0.01     0.01     0.01     0.01     0.01

Histogram of JPEG Coefficients93
  mean                                      0        0        0        0        0        0        0        0
  std. dev.                            0.0017   0.0017   0.0017   0.0017   0.0017   0.0017   0.0017   0.0017
  weight sum                               43      148       76       61       64       24        0        0
  precision                              0.01     0.01     0.01     0.01     0.01     0.01     0.01     0.01

Histogram of JPEG Coefficients94
  mean                                      0        0        0        0        0        0        0        0
  std. dev.                            0.0017   0.0017   0.0017   0.0017   0.0017   0.0017   0.0017   0.0017
  weight sum                               43      148       76       61       64       24        0        0
  precision                              0.01     0.01     0.01     0.01     0.01     0.01     0.01     0.01

Histogram of JPEG Coefficients95
  mean                                      0        0        0        0        0        0        0        0
  std. dev.                            0.0017   0.0017   0.0017   0.0017   0.0017   0.0017   0.0017   0.0017
  weight sum                               43      148       76       61       64       24        0        0
  precision                              0.01     0.01     0.01     0.01     0.01     0.01     0.01     0.01

Histogram of JPEG Coefficients96
  mean                                      0        0        0        0        0        0        0        0
  std. dev.                            0.0017   0.0017   0.0017   0.0017   0.0017   0.0017   0.0017   0.0017
  weight sum                               43      148       76       61       64       24        0        0
  precision                              0.01     0.01     0.01     0.01     0.01     0.01     0.01     0.01

Histogram of JPEG Coefficients97
  mean                                      0        0        0        0        0        0        0        0
  std. dev.                            0.0017   0.0017   0.0017   0.0017   0.0017   0.0017   0.0017   0.0017
  weight sum                               43      148       76       61       64       24        0        0
  precision                              0.01     0.01     0.01     0.01     0.01     0.01     0.01     0.01

Histogram of JPEG Coefficients98
  mean                                      0        0        0        0        0        0        0        0
  std. dev.                            0.0017   0.0017   0.0017   0.0017   0.0017   0.0017   0.0017   0.0017
  weight sum                               43      148       76       61       64       24        0        0
  precision                              0.01     0.01     0.01     0.01     0.01     0.01     0.01     0.01

Histogram of JPEG Coefficients99
  mean                                      0        0        0        0        0        0        0        0
  std. dev.                            0.0017   0.0017   0.0017   0.0017   0.0017   0.0017   0.0017   0.0017
  weight sum                               43      148       76       61       64       24        0        0
  precision                              0.01     0.01     0.01     0.01     0.01     0.01     0.01     0.01

Histogram of JPEG Coefficients100
  mean                                      0        0        0        0        0        0        0        0
  std. dev.                            0.0017   0.0017   0.0017   0.0017   0.0017   0.0017   0.0017   0.0017
  weight sum                               43      148       76       61       64       24        0        0
  precision                              0.01     0.01     0.01     0.01     0.01     0.01     0.01     0.01

Histogram of JPEG Coefficients101
  mean                                      0        0        0        0        0        0        0        0
  std. dev.                            0.0017   0.0017   0.0017   0.0017   0.0017   0.0017   0.0017   0.0017
  weight sum                               43      148       76       61       64       24        0        0
  precision                              0.01     0.01     0.01     0.01     0.01     0.01     0.01     0.01

Histogram of JPEG Coefficients102
  mean                                      0        0        0        0        0        0        0        0
  std. dev.                            0.0017   0.0017   0.0017   0.0017   0.0017   0.0017   0.0017   0.0017
  weight sum                               43      148       76       61       64       24        0        0
  precision                              0.01     0.01     0.01     0.01     0.01     0.01     0.01     0.01

Histogram of JPEG Coefficients103
  mean                                      0        0        0        0        0        0        0        0
  std. dev.                            0.0017   0.0017   0.0017   0.0017   0.0017   0.0017   0.0017   0.0017
  weight sum                               43      148       76       61       64       24        0        0
  precision                              0.01     0.01     0.01     0.01     0.01     0.01     0.01     0.01

Histogram of JPEG Coefficients104
  mean                                      0        0        0        0        0        0        0        0
  std. dev.                            0.0017   0.0017   0.0017   0.0017   0.0017   0.0017   0.0017   0.0017
  weight sum                               43      148       76       61       64       24        0        0
  precision                              0.01     0.01     0.01     0.01     0.01     0.01     0.01     0.01

Histogram of JPEG Coefficients105
  mean                                      0        0        0        0        0        0        0        0
  std. dev.                            0.0017   0.0017   0.0017   0.0017   0.0017   0.0017   0.0017   0.0017
  weight sum                               43      148       76       61       64       24        0        0
  precision                              0.01     0.01     0.01     0.01     0.01     0.01     0.01     0.01

Histogram of JPEG Coefficients106
  mean                                      0        0        0        0        0        0        0        0
  std. dev.                            0.0017   0.0017   0.0017   0.0017   0.0017   0.0017   0.0017   0.0017
  weight sum                               43      148       76       61       64       24        0        0
  precision                              0.01     0.01     0.01     0.01     0.01     0.01     0.01     0.01

Histogram of JPEG Coefficients107
  mean                                      0        0        0        0        0        0        0        0
  std. dev.                            0.0017   0.0017   0.0017   0.0017   0.0017   0.0017   0.0017   0.0017
  weight sum                               43      148       76       61       64       24        0        0
  precision                              0.01     0.01     0.01     0.01     0.01     0.01     0.01     0.01

Histogram of JPEG Coefficients108
  mean                                      0        0        0        0        0        0        0        0
  std. dev.                            0.0017   0.0017   0.0017   0.0017   0.0017   0.0017   0.0017   0.0017
  weight sum                               43      148       76       61       64       24        0        0
  precision                              0.01     0.01     0.01     0.01     0.01     0.01     0.01     0.01

Histogram of JPEG Coefficients109
  mean                                      0        0        0        0        0        0        0        0
  std. dev.                            0.0017   0.0017   0.0017   0.0017   0.0017   0.0017   0.0017   0.0017
  weight sum                               43      148       76       61       64       24        0        0
  precision                              0.01     0.01     0.01     0.01     0.01     0.01     0.01     0.01

Histogram of JPEG Coefficients110
  mean                                      0        0        0        0        0        0        0        0
  std. dev.                            0.0017   0.0017   0.0017   0.0017   0.0017   0.0017   0.0017   0.0017
  weight sum                               43      148       76       61       64       24        0        0
  precision                              0.01     0.01     0.01     0.01     0.01     0.01     0.01     0.01

Histogram of JPEG Coefficients111
  mean                                      0        0        0        0        0        0        0        0
  std. dev.                            0.0017   0.0017   0.0017   0.0017   0.0017   0.0017   0.0017   0.0017
  weight sum                               43      148       76       61       64       24        0        0
  precision                              0.01     0.01     0.01     0.01     0.01     0.01     0.01     0.01

Histogram of JPEG Coefficients112
  mean                                      0        0        0        0        0        0        0        0
  std. dev.                            0.0017   0.0017   0.0017   0.0017   0.0017   0.0017   0.0017   0.0017
  weight sum                               43      148       76       61       64       24        0        0
  precision                              0.01     0.01     0.01     0.01     0.01     0.01     0.01     0.01

Histogram of JPEG Coefficients113
  mean                                      0        0        0        0        0        0        0        0
  std. dev.                            0.0017   0.0017   0.0017   0.0017   0.0017   0.0017   0.0017   0.0017
  weight sum                               43      148       76       61       64       24        0        0
  precision                              0.01     0.01     0.01     0.01     0.01     0.01     0.01     0.01

Histogram of JPEG Coefficients114
  mean                                      0        0        0        0        0        0        0        0
  std. dev.                            0.0017   0.0017   0.0017   0.0017   0.0017   0.0017   0.0017   0.0017
  weight sum                               43      148       76       61       64       24        0        0
  precision                              0.01     0.01     0.01     0.01     0.01     0.01     0.01     0.01

Histogram of JPEG Coefficients115
  mean                                      0        0        0        0        0        0        0        0
  std. dev.                            0.0017   0.0017   0.0017   0.0017   0.0017   0.0017   0.0017   0.0017
  weight sum                               43      148       76       61       64       24        0        0
  precision                              0.01     0.01     0.01     0.01     0.01     0.01     0.01     0.01

Histogram of JPEG Coefficients116
  mean                                      0        0        0        0        0        0        0        0
  std. dev.                            0.0017   0.0017   0.0017   0.0017   0.0017   0.0017   0.0017   0.0017
  weight sum                               43      148       76       61       64       24        0        0
  precision                              0.01     0.01     0.01     0.01     0.01     0.01     0.01     0.01

Histogram of JPEG Coefficients117
  mean                                      0        0        0        0        0        0        0        0
  std. dev.                            0.0017   0.0017   0.0017   0.0017   0.0017   0.0017   0.0017   0.0017
  weight sum                               43      148       76       61       64       24        0        0
  precision                              0.01     0.01     0.01     0.01     0.01     0.01     0.01     0.01

Histogram of JPEG Coefficients118
  mean                                      0        0        0        0        0        0        0        0
  std. dev.                            0.0017   0.0017   0.0017   0.0017   0.0017   0.0017   0.0017   0.0017
  weight sum                               43      148       76       61       64       24        0        0
  precision                              0.01     0.01     0.01     0.01     0.01     0.01     0.01     0.01

Histogram of JPEG Coefficients119
  mean                                      0        0        0        0        0        0        0        0
  std. dev.                            0.0017   0.0017   0.0017   0.0017   0.0017   0.0017   0.0017   0.0017
  weight sum                               43      148       76       61       64       24        0        0
  precision                              0.01     0.01     0.01     0.01     0.01     0.01     0.01     0.01

Histogram of JPEG Coefficients120
  mean                                      0        0        0        0        0        0        0        0
  std. dev.                            0.0017   0.0017   0.0017   0.0017   0.0017   0.0017   0.0017   0.0017
  weight sum                               43      148       76       61       64       24        0        0
  precision                              0.01     0.01     0.01     0.01     0.01     0.01     0.01     0.01

Histogram of JPEG Coefficients121
  mean                                      0        0        0        0        0        0        0        0
  std. dev.                            0.0017   0.0017   0.0017   0.0017   0.0017   0.0017   0.0017   0.0017
  weight sum                               43      148       76       61       64       24        0        0
  precision                              0.01     0.01     0.01     0.01     0.01     0.01     0.01     0.01

Histogram of JPEG Coefficients122
  mean                                      0        0        0        0        0        0        0        0
  std. dev.                            0.0017   0.0017   0.0017   0.0017   0.0017   0.0017   0.0017   0.0017
  weight sum                               43      148       76       61       64       24        0        0
  precision                              0.01     0.01     0.01     0.01     0.01     0.01     0.01     0.01

Histogram of JPEG Coefficients123
  mean                                      0        0        0        0        0        0        0        0
  std. dev.                            0.0017   0.0017   0.0017   0.0017   0.0017   0.0017   0.0017   0.0017
  weight sum                               43      148       76       61       64       24        0        0
  precision                              0.01     0.01     0.01     0.01     0.01     0.01     0.01     0.01

Histogram of JPEG Coefficients124
  mean                                      0        0        0        0        0        0        0        0
  std. dev.                            0.0017   0.0017   0.0017   0.0017   0.0017   0.0017   0.0017   0.0017
  weight sum                               43      148       76       61       64       24        0        0
  precision                              0.01     0.01     0.01     0.01     0.01     0.01     0.01     0.01

Histogram of JPEG Coefficients125
  mean                                      0        0        0        0        0        0        0        0
  std. dev.                            0.0017   0.0017   0.0017   0.0017   0.0017   0.0017   0.0017   0.0017
  weight sum                               43      148       76       61       64       24        0        0
  precision                              0.01     0.01     0.01     0.01     0.01     0.01     0.01     0.01

Histogram of JPEG Coefficients126
  mean                                      0        0        0        0        0        0        0        0
  std. dev.                            0.0017   0.0017   0.0017   0.0017   0.0017   0.0017   0.0017   0.0017
  weight sum                               43      148       76       61       64       24        0        0
  precision                              0.01     0.01     0.01     0.01     0.01     0.01     0.01     0.01

Histogram of JPEG Coefficients127
  mean                                      0        0        0        0        0        0        0        0
  std. dev.                            0.0017   0.0017   0.0017   0.0017   0.0017   0.0017   0.0017   0.0017
  weight sum                               43      148       76       61       64       24        0        0
  precision                              0.01     0.01     0.01     0.01     0.01     0.01     0.01     0.01

Histogram of JPEG Coefficients128
  mean                               239.3256 248.3514 135.6447 165.1475 123.8281   101.75        0        0
  std. dev.                           48.9122  30.1128 114.5907 107.5305  95.5362  93.1125   0.0017   0.0017
  weight sum                               43      148       76       61       64       24        0        0
  precision                              0.01     0.01     0.01     0.01     0.01     0.01     0.01     0.01

Histogram of JPEG Coefficients129
  mean                               122.0465 126.3851  67.7895  82.8852  61.9375   50.875        0        0
  std. dev.                           23.8298  15.3273  57.2727  53.7545  47.8725  46.6452   0.0017   0.0017
  weight sum                               43      148       76       61       64       24        0        0
  precision                              0.01     0.01     0.01     0.01     0.01     0.01     0.01     0.01

Histogram of JPEG Coefficients130
  mean                                85.8605  88.5338  45.6447  55.9672  42.0625   34.875        0        0
  std. dev.                           14.3001    10.85   38.582  36.4525  31.8521  31.7639   0.0017   0.0017
  weight sum                               43      148       76       61       64       24        0        0
  precision                              0.01     0.01     0.01     0.01     0.01     0.01     0.01     0.01

Histogram of JPEG Coefficients131
  mean                                69.4419  69.5811  35.8553  43.8361  34.8594    28.75        0        0
  std. dev.                           11.7993    9.378  29.9366  28.4145  25.2171  23.8192   0.0017   0.0017
  weight sum                               43      148       76       61       64       24        0        0
  precision                              0.01     0.01     0.01     0.01     0.01     0.01     0.01     0.01

Histogram of JPEG Coefficients132
  mean                                72.0698   69.777     34.5  46.4426   37.875  31.0833        0        0
  std. dev.                           17.2281  18.3361  28.5014  30.2343  20.9564  21.0335   0.0017   0.0017
  weight sum                               43      148       76       61       64       24        0        0
  precision                              0.01     0.01     0.01     0.01     0.01     0.01     0.01     0.01

Histogram of JPEG Coefficients133
  mean                                72.3721  66.6892  40.0526  50.4262  48.6875  41.6667        0        0
  std. dev.                           21.9439  26.4135  27.3409  28.7177  28.7091  21.2361   0.0017   0.0017
  weight sum                               43      148       76       61       64       24        0        0
  precision                              0.01     0.01     0.01     0.01     0.01     0.01     0.01     0.01

Histogram of JPEG Coefficients134
  mean                                86.5814  71.7838  51.9474  65.6066  67.0938  63.2917        0        0
  std. dev.                           38.7864  30.2846  33.5049  35.6514  31.3337  18.9681   0.0017   0.0017
  weight sum                               43      148       76       61       64       24        0        0
  precision                              0.01     0.01     0.01     0.01     0.01     0.01     0.01     0.01

Histogram of JPEG Coefficients135
  mean                               105.2326  86.3784  87.0789 106.5574 112.7656    110.5        0        0
  std. dev.                           52.9488  40.5415  47.7148  49.7481  45.1943   30.818   0.0017   0.0017
  weight sum                               43      148       76       61       64       24        0        0
  precision                              0.01     0.01     0.01     0.01     0.01     0.01     0.01     0.01

Histogram of JPEG Coefficients136
  mean                                  2.186   5.3446   0.0395   0.1639    0.375   0.1667        0        0
  std. dev.                            2.5082   5.1671   0.2534   0.5179   0.8927   0.5528   0.0017   0.0017
  weight sum                               43      148       76       61       64       24        0        0
  precision                              0.01     0.01     0.01     0.01     0.01     0.01     0.01     0.01

Histogram of JPEG Coefficients137
  mean                                  1.814   3.0743   0.2237   0.0656   1.0938   0.4167        0        0
  std. dev.                            1.9321   4.7035   0.8366   0.2475   2.2271   1.1149   0.0017   0.0017
  weight sum                               43      148       76       61       64       24        0        0
  precision                              0.01     0.01     0.01     0.01     0.01     0.01     0.01     0.01

Histogram of JPEG Coefficients138
  mean                                 3.0233   3.3378   0.3684   0.2951   1.3125        1        0        0
  std. dev.                            3.2954    3.527   0.9575    0.732   2.4804   1.6833   0.0017   0.0017
  weight sum                               43      148       76       61       64       24        0        0
  precision                              0.01     0.01     0.01     0.01     0.01     0.01     0.01     0.01

Histogram of JPEG Coefficients139
  mean                                 5.5581   6.0608   2.4211   2.9344    4.375    5.125        0        0
  std. dev.                            4.5151   5.6128   3.1046   3.3332   5.0698   5.4567   0.0017   0.0017
  weight sum                               43      148       76       61       64       24        0        0
  precision                              0.01     0.01     0.01     0.01     0.01     0.01     0.01     0.01

Histogram of JPEG Coefficients140
  mean                                 17.093   15.973  11.7763  13.2459  19.6406  17.8333        0        0
  std. dev.                           11.2308  11.9231  11.4784  10.0452  14.1116  10.2212   0.0017   0.0017
  weight sum                               43      148       76       61       64       24        0        0
  precision                              0.01     0.01     0.01     0.01     0.01     0.01     0.01     0.01

Histogram of JPEG Coefficients141
  mean                                27.1163  24.5608  23.2763  29.3607  34.9844   39.875        0        0
  std. dev.                           18.0557  19.9619  17.7931  19.5985  18.5283  18.3037   0.0017   0.0017
  weight sum                               43      148       76       61       64       24        0        0
  precision                              0.01     0.01     0.01     0.01     0.01     0.01     0.01     0.01

Histogram of JPEG Coefficients142
  mean                                46.7442  40.6014  46.8289  58.2951  71.0156  79.5833        0        0
  std. dev.                           33.9836  35.3431  32.1597   34.032  33.8681  20.9879   0.0017   0.0017
  weight sum                               43      148       76       61       64       24        0        0
  precision                              0.01     0.01     0.01     0.01     0.01     0.01     0.01     0.01

Histogram of JPEG Coefficients143
  mean                                70.2791  59.7162  92.5526  103.377  116.875   140.75        0        0
  std. dev.                            51.495  47.0744  48.0105  54.9116   30.919  37.6046   0.0017   0.0017
  weight sum                               43      148       76       61       64       24        0        0
  precision                              0.01     0.01     0.01     0.01     0.01     0.01     0.01     0.01

Histogram of JPEG Coefficients144
  mean                                 4.0465   8.6689   0.1711   0.2787    1.125    1.125        0        0
  std. dev.                            3.9881   7.6727   0.4698   0.7043   1.8329   1.2353   0.0017   0.0017
  weight sum                               43      148       76       61       64       24        0        0
  precision                              0.01     0.01     0.01     0.01     0.01     0.01     0.01     0.01

Histogram of JPEG Coefficients145
  mean                                  2.907   2.7703   0.2763   0.1803    1.375   0.3333        0        0
  std. dev.                            3.3606   2.7926   0.5982    0.587   3.1598   0.4714   0.0017   0.0017
  weight sum                               43      148       76       61       64       24        0        0
  precision                              0.01     0.01     0.01     0.01     0.01     0.01     0.01     0.01

Histogram of JPEG Coefficients146
  mean                                 3.4419   3.3851   0.6316   0.7213     2.75     1.25        0        0
  std. dev.                            3.5062   4.6361   1.2653   1.7474   4.0234   2.3496   0.0017   0.0017
  weight sum                               43      148       76       61       64       24        0        0
  precision                              0.01     0.01     0.01     0.01     0.01     0.01     0.01     0.01

Histogram of JPEG Coefficients147
  mean                                 7.7442   7.2297   4.4868   4.5738  10.4531  11.1667        0        0
  std. dev.                            6.2546   7.3034   4.9511   4.8737   9.5163   9.1226   0.0017   0.0017
  weight sum                               43      148       76       61       64       24        0        0
  precision                              0.01     0.01     0.01     0.01     0.01     0.01     0.01     0.01

Histogram of JPEG Coefficients148
  mean                                16.9302  14.0743  14.0658  16.3607   22.625  19.0417        0        0
  std. dev.                           11.2196  10.4177  11.7163  12.0123  14.5404   8.9279   0.0017   0.0017
  weight sum                               43      148       76       61       64       24        0        0
  precision                              0.01     0.01     0.01     0.01     0.01     0.01     0.01     0.01

Histogram of JPEG Coefficients149
  mean                                21.1395  16.9662  27.7632  28.3115  36.8594  40.6667        0        0
  std. dev.                           16.2961  14.6755   19.624  17.1211  16.8392  17.2836   0.0017   0.0017
  weight sum                               43      148       76       61       64       24        0        0
  precision                              0.01     0.01     0.01     0.01     0.01     0.01     0.01     0.01

Histogram of JPEG Coefficients150
  mean                                35.6279  30.8378  48.1316  51.2623  66.2969  76.4167        0        0
  std. dev.                            25.923  25.4086  31.4305  28.0058  27.6618  21.1816   0.0017   0.0017
  weight sum                               43      148       76       61       64       24        0        0
  precision                              0.01     0.01     0.01     0.01     0.01     0.01     0.01     0.01

Histogram of JPEG Coefficients151
  mean                                55.2791  48.6014  85.8289  92.0656 112.1094 139.0417        0        0
  std. dev.                           38.1748   40.101  50.5911  49.3721  37.1497  31.3122   0.0017   0.0017
  weight sum                               43      148       76       61       64       24        0        0
  precision                              0.01     0.01     0.01     0.01     0.01     0.01     0.01     0.01

Histogram of JPEG Coefficients152
  mean                                 5.9535  11.4865   0.3553   0.6066        2   0.4583        0        0
  std. dev.                             5.225  10.3601    1.035   1.4058   3.2113    0.865   0.0017   0.0017
  weight sum                               43      148       76       61       64       24        0        0
  precision                              0.01     0.01     0.01     0.01     0.01     0.01     0.01     0.01

Histogram of JPEG Coefficients153
  mean                                 6.4884   8.3581   1.1842   1.8525   3.2656   3.8333        0        0
  std. dev.                            7.4502  11.3203   1.8898   2.9131   4.1692   2.9814   0.0017   0.0017
  weight sum                               43      148       76       61       64       24        0        0
  precision                              0.01     0.01     0.01     0.01     0.01     0.01     0.01     0.01

Histogram of JPEG Coefficients154
  mean                                 6.6512   6.6892   4.1447   3.2787   7.6875      5.5        0        0
  std. dev.                            7.0904   6.7951   7.0612   3.2599   5.0401    4.223   0.0017   0.0017
  weight sum                               43      148       76       61       64       24        0        0
  precision                              0.01     0.01     0.01     0.01     0.01     0.01     0.01     0.01

Histogram of JPEG Coefficients155
  mean                                10.3721   7.3784   8.7763   8.0656  20.0781  13.7917        0        0
  std. dev.                            8.7975   7.6055   8.7908   7.4896  14.5176   5.5451   0.0017   0.0017
  weight sum                               43      148       76       61       64       24        0        0
  precision                              0.01     0.01     0.01     0.01     0.01     0.01     0.01     0.01

Histogram of JPEG Coefficients156
  mean                                18.9767  14.6757  18.8816  17.9672  35.5625   29.875        0        0
  std. dev.                           12.5818   12.661  14.4523  12.1843  22.9877  10.3855   0.0017   0.0017
  weight sum                               43      148       76       61       64       24        0        0
  precision                              0.01     0.01     0.01     0.01     0.01     0.01     0.01     0.01

Histogram of JPEG Coefficients157
  mean                                16.7442  13.4392  23.7632  27.1967  35.8906  42.5417        0        0
  std. dev.                            10.978  13.4813  14.8527  14.6699  14.8609  13.7507   0.0017   0.0017
  weight sum                               43      148       76       61       64       24        0        0
  precision                              0.01     0.01     0.01     0.01     0.01     0.01     0.01     0.01

Histogram of JPEG Coefficients158
  mean                                32.3488  25.7297  47.6184  55.7049  70.6094  81.5417        0        0
  std. dev.                           24.0415   23.043  32.4049  31.9592  28.7416  24.3789   0.0017   0.0017
  weight sum                               43      148       76       61       64       24        0        0
  precision                              0.01     0.01     0.01     0.01     0.01     0.01     0.01     0.01

Histogram of JPEG Coefficients159
  mean                                52.9302  43.6014  84.4342  97.8852   128.75   135.25        0        0
  std. dev.                           37.8733  38.3536  43.3864  48.1528  56.3474  39.5372   0.0017   0.0017
  weight sum                               43      148       76       61       64       24        0        0
  precision                              0.01     0.01     0.01     0.01     0.01     0.01     0.01     0.01

Histogram of JPEG Coefficients160
  mean                                11.7209   22.473   2.0526   1.7049   6.2813    5.125        0        0
  std. dev.                            9.4262  21.4244   3.0214   2.3142    7.627   4.6216   0.0017   0.0017
  weight sum                               43      148       76       61       64       24        0        0
  precision                              0.01     0.01     0.01     0.01     0.01     0.01     0.01     0.01

Histogram of JPEG Coefficients161
  mean                                14.5349  18.9527   6.0132   6.6557  12.9063  11.2917        0        0
  std. dev.                           12.4515  20.6494   8.4814     7.14   10.321  11.0018   0.0017   0.0017
  weight sum                               43      148       76       61       64       24        0        0
  precision                              0.01     0.01     0.01     0.01     0.01     0.01     0.01     0.01

Histogram of JPEG Coefficients162
  mean                                10.2558  10.2432   6.8684   6.8197  12.7813   9.2917        0        0
  std. dev.                            8.4167  10.1366   9.2812   6.8149   8.6286   5.0372   0.0017   0.0017
  weight sum                               43      148       76       61       64       24        0        0
  precision                              0.01     0.01     0.01     0.01     0.01     0.01     0.01     0.01

Histogram of JPEG Coefficients163
  mean                                 9.2791   6.9324   9.7105  12.8197  19.3125  15.1667        0        0
  std. dev.                            8.8694   8.6005  10.0011  11.1716   9.8788    9.551   0.0017   0.0017
  weight sum                               43      148       76       61       64       24        0        0
  precision                              0.01     0.01     0.01     0.01     0.01     0.01     0.01     0.01

Histogram of JPEG Coefficients164
  mean                                13.3256      8.5  19.5789  17.5574   34.125  25.4583        0        0
  std. dev.                            9.5521   7.3425  14.3832  11.3232  13.4728   9.2149   0.0017   0.0017
  weight sum                               43      148       76       61       64       24        0        0
  precision                              0.01     0.01     0.01     0.01     0.01     0.01     0.01     0.01

Histogram of JPEG Coefficients165
  mean                                17.6512  13.5743  31.3158   33.082   42.125       48        0        0
  std. dev.                           12.1615  15.8792  21.9714  22.6891  16.4768  14.2887   0.0017   0.0017
  weight sum                               43      148       76       61       64       24        0        0
  precision                              0.01     0.01     0.01     0.01     0.01     0.01     0.01     0.01

Histogram of JPEG Coefficients166
  mean                                32.7674  23.5946  56.8289  58.5902  64.7969  82.9583        0        0
  std. dev.                           25.4703  21.3297  29.6326  32.4307   24.654  27.3853   0.0017   0.0017
  weight sum                               43      148       76       61       64       24        0        0
  precision                              0.01     0.01     0.01     0.01     0.01     0.01     0.01     0.01

Histogram of JPEG Coefficients167
  mean                                54.7442  41.2297  97.6711 107.2951 128.9375 140.4167        0        0
  std. dev.                           39.8025  39.1037   48.941  54.0717  46.4795  38.6425   0.0017   0.0017
  weight sum                               43      148       76       61       64       24        0        0
  precision                              0.01     0.01     0.01     0.01     0.01     0.01     0.01     0.01

Histogram of JPEG Coefficients168
  mean                                17.1163  30.7432   4.1053   3.7869  11.1719   4.0417        0        0
  std. dev.                           13.9504  26.4453    5.243   4.5308  12.8823   5.2795   0.0017   0.0017
  weight sum                               43      148       76       61       64       24        0        0
  precision                              0.01     0.01     0.01     0.01     0.01     0.01     0.01     0.01

Histogram of JPEG Coefficients169
  mean                                16.5581  21.9257   8.7368   9.7705  17.3125  10.5833        0        0
  std. dev.                           12.9638  21.6258   8.8249   6.7348  11.6858   6.3174   0.0017   0.0017
  weight sum                               43      148       76       61       64       24        0        0
  precision                              0.01     0.01     0.01     0.01     0.01     0.01     0.01     0.01

Histogram of JPEG Coefficients170
  mean                                12.5116  11.8243  11.6974  12.5574  18.5938  13.4583        0        0
  std. dev.                           10.5618  10.8464   9.9855  11.1201    9.197   5.4005   0.0017   0.0017
  weight sum                               43      148       76       61       64       24        0        0
  precision                              0.01     0.01     0.01     0.01     0.01     0.01     0.01     0.01

Histogram of JPEG Coefficients171
  mean                                12.9535  11.2973  18.7368  23.0492  26.3906       24        0        0
  std. dev.                            9.9299  12.8218  15.8715  21.5235  11.2384   9.2961   0.0017   0.0017
  weight sum                               43      148       76       61       64       24        0        0
  precision                              0.01     0.01     0.01     0.01     0.01     0.01     0.01     0.01

Histogram of JPEG Coefficients172
  mean                                14.2558  11.2365  24.0789  28.1803  39.0313  40.0833        0        0
  std. dev.                           10.6139  11.5093  19.3573  19.4974  19.0927  14.6057   0.0017   0.0017
  weight sum                               43      148       76       61       64       24        0        0
  precision                              0.01     0.01     0.01     0.01     0.01     0.01     0.01     0.01

Histogram of JPEG Coefficients173
  mean                                24.4884  16.7095  38.7763  44.1639  58.6406   60.625        0        0
  std. dev.                           16.3599  17.8641  22.3998  22.9548  23.9976  18.0366   0.0017   0.0017
  weight sum                               43      148       76       61       64       24        0        0
  precision                              0.01     0.01     0.01     0.01     0.01     0.01     0.01     0.01

Histogram of JPEG Coefficients174
  mean                                41.9302  32.4324  71.3816  77.8361  99.4844 102.6667        0        0
  std. dev.                           26.6706  31.3738  45.2885  44.9434   43.894  29.2499   0.0017   0.0017
  weight sum                               43      148       76       61       64       24        0        0
  precision                              0.01     0.01     0.01     0.01     0.01     0.01     0.01     0.01

Histogram of JPEG Coefficients175
  mean                                60.7209  45.5068 119.9211 118.1311 129.8594  152.625        0        0
  std. dev.                           41.4848  39.8216  57.8782   60.236  50.1098  41.3983   0.0017   0.0017
  weight sum                               43      148       76       61       64       24        0        0
  precision                              0.01     0.01     0.01     0.01     0.01     0.01     0.01     0.01

Histogram of JPEG Coefficients176
  mean                                25.4186  41.2568   7.9211        9  19.7969  10.9167        0        0
  std. dev.                           19.1508  35.5562   7.0966   7.7713  14.9156   7.7938   0.0017   0.0017
  weight sum                               43      148       76       61       64       24        0        0
  precision                              0.01     0.01     0.01     0.01     0.01     0.01     0.01     0.01

Histogram of JPEG Coefficients177
  mean                                28.8837  34.8176  17.4342  20.6066  31.6094  25.9167        0        0
  std. dev.                           21.3228  32.6103  12.3686  12.4391  15.5057   6.5059   0.0017   0.0017
  weight sum                               43      148       76       61       64       24        0        0
  precision                              0.01     0.01     0.01     0.01     0.01     0.01     0.01     0.01

Histogram of JPEG Coefficients178
  mean                                24.7209  24.4054  21.8289  22.0164     36.5  31.9167        0        0
  std. dev.                           18.3371  28.3525  14.1769  14.0823  16.0711  11.3941   0.0017   0.0017
  weight sum                               43      148       76       61       64       24        0        0
  precision                              0.01     0.01     0.01     0.01     0.01     0.01     0.01     0.01

Histogram of JPEG Coefficients179
  mean                                22.4186  20.1014  33.6842  33.4918   49.625   45.375        0        0
  std. dev.                           16.3241  19.8166  20.7328  16.7005  23.7694  12.8349   0.0017   0.0017
  weight sum                               43      148       76       61       64       24        0        0
  precision                              0.01     0.01     0.01     0.01     0.01     0.01     0.01     0.01

Histogram of JPEG Coefficients180
  mean                                25.7674  21.4189  46.8158  42.5738  61.1563  62.1667        0        0
  std. dev.                           17.9286  22.2659  27.2757  27.7084  20.4681  16.4258   0.0017   0.0017
  weight sum                               43      148       76       61       64       24        0        0
  precision                              0.01     0.01     0.01     0.01     0.01     0.01     0.01     0.01

Histogram of JPEG Coefficients181
  mean                                35.6977  25.2297  70.0526  69.2131    87.75       90        0        0
  std. dev.                           26.0496  22.9865  38.5056  33.9619  41.0465  20.1494   0.0017   0.0017
  weight sum                               43      148       76       61       64       24        0        0
  precision                              0.01     0.01     0.01     0.01     0.01     0.01     0.01     0.01

Histogram of JPEG Coefficients182
  mean                                60.6512  40.5608 104.9211 101.1967  120.625  130.125        0        0
  std. dev.                           40.3657  34.6266  52.7573  51.8996   45.274  31.6403   0.0017   0.0017
  weight sum                               43      148       76       61       64       24        0        0
  precision                              0.01     0.01     0.01     0.01     0.01     0.01     0.01     0.01

Histogram of JPEG Coefficients183
  mean                                78.8605  56.0946   144.75 146.8525 182.2188 189.3333        0        0
  std. dev.                           52.1003  47.6091  71.7437  66.0327  55.0538  44.4922   0.0017   0.0017
  weight sum                               43      148       76       61       64       24        0        0
  precision                              0.01     0.01     0.01     0.01     0.01     0.01     0.01     0.01

Histogram of JPEG Coefficients184
  mean                                43.0465  62.4662  24.5132  23.4918  38.4219  39.1667        0        0
  std. dev.                           30.0449   53.549   19.259  17.4709  23.4899  15.3179   0.0017   0.0017
  weight sum                               43      148       76       61       64       24        0        0
  precision                              0.01     0.01     0.01     0.01     0.01     0.01     0.01     0.01

Histogram of JPEG Coefficients185
  mean                                 47.814  50.5068  41.5789  42.4426  57.2031  54.6667        0        0
  std. dev.                           34.5316  44.5536   34.849   18.797  27.5046   17.245   0.0017   0.0017
  weight sum                               43      148       76       61       64       24        0        0
  precision                              0.01     0.01     0.01     0.01     0.01     0.01     0.01     0.01

Histogram of JPEG Coefficients186
  mean                                43.8605  40.7365  51.5658   54.541     73.5  79.9583        0        0
  std. dev.                           31.8898  35.5122  30.8273  26.5191   31.291  22.6963   0.0017   0.0017
  weight sum                               43      148       76       61       64       24        0        0
  precision                              0.01     0.01     0.01     0.01     0.01     0.01     0.01     0.01

Histogram of JPEG Coefficients187
  mean                                40.5116  34.3514  75.8421  70.9016  89.1563  98.4583        0        0
  std. dev.                           29.6808   30.337  41.1547  43.7346  36.2212  29.7741   0.0017   0.0017
  weight sum                               43      148       76       61       64       24        0        0
  precision                              0.01     0.01     0.01     0.01     0.01     0.01     0.01     0.01

Histogram of JPEG Coefficients188
  mean                                44.5581  31.7568  78.3421  77.3607 105.0625      106        0        0
  std. dev.                           32.6976  27.3542  44.5768  45.7036  38.8635  30.1634   0.0017   0.0017
  weight sum                               43      148       76       61       64       24        0        0
  precision                              0.01     0.01     0.01     0.01     0.01     0.01     0.01     0.01

Histogram of JPEG Coefficients189
  mean                                53.4419  37.2297 115.5921  97.2131 118.0781 147.3333        0        0
  std. dev.                           39.6445   35.006  59.7559  52.4255  46.5495  42.2331   0.0017   0.0017
  weight sum                               43      148       76       61       64       24        0        0
  precision                              0.01     0.01     0.01     0.01     0.01     0.01     0.01     0.01

Histogram of JPEG Coefficients190
  mean                                75.4186  51.7568 139.5526 133.0492 160.5938 190.5417        0        0
  std. dev.                           53.4364  44.6675   72.533  60.6391   39.412   42.679   0.0017   0.0017
  weight sum                               43      148       76       61       64       24        0        0
  precision                              0.01     0.01     0.01     0.01     0.01     0.01     0.01     0.01

Histogram of JPEG Coefficients191
  mean                                97.4884  68.4932 172.0526 178.9672 213.2188  234.125        0        0
  std. dev.                           70.5682  62.2081   74.428  73.7948  47.4254  52.9971   0.0017   0.0017
  weight sum                               43      148       76       61       64       24        0        0
  precision                              0.01     0.01     0.01     0.01     0.01     0.01     0.01     0.01



Time taken to build model: 0.17 seconds

Time taken to test model on training data: 0.12 seconds

=== Error on training data ===

Correctly Classified Instances         330               79.3269 %
Incorrectly Classified Instances        86               20.6731 %
Kappa statistic                          0.7387
Mean absolute error                      0.051 
Root mean squared error                  0.2169
Relative absolute error                 26.0473 %
Root relative squared error             69.427  %
Total Number of Instances              416     


=== Detailed Accuracy By Class ===

                 TP Rate  FP Rate  Precision  Recall   F-Measure  MCC      ROC Area  PRC Area  Class
                 0.721    0.072    0.534      0.721    0.614      0.570    0.933     0.625     K1
                 0.818    0.041    0.917      0.818    0.864      0.799    0.976     0.933     K2
                 0.632    0.035    0.800      0.632    0.706      0.656    0.962     0.851     K3
                 0.902    0.082    0.655      0.902    0.759      0.723    0.976     0.869     K4
                 0.844    0.020    0.885      0.844    0.864      0.840    0.993     0.941     K5
                 0.875    0.000    1.000      0.875    0.933      0.932    0.995     0.972     K6
                 ?        0.000    ?          ?        ?          ?        ?         ?         K7
                 ?        0.000    ?          ?        ?          ?        ?         ?         K8
Weighted Avg.    0.793    0.044    0.817      0.793    0.798      0.752    0.973     0.880     


=== Confusion Matrix ===

   a   b   c   d   e   f   g   h   <-- classified as
  31  11   1   0   0   0   0   0 |   a = K1
  27 121   0   0   0   0   0   0 |   b = K2
   0   0  48  25   3   0   0   0 |   c = K3
   0   0   4  55   2   0   0   0 |   d = K4
   0   0   6   4  54   0   0   0 |   e = K5
   0   0   1   0   2  21   0   0 |   f = K6
   0   0   0   0   0   0   0   0 |   g = K7
   0   0   0   0   0   0   0   0 |   h = K8

Time taken to perform cross-validation: 0.16 seconds


=== Stratified cross-validation ===

Correctly Classified Instances         289               69.4712 %
Incorrectly Classified Instances       127               30.5288 %
Kappa statistic                          0.6127
Mean absolute error                      0.0761
Root mean squared error                  0.2684
Relative absolute error                 38.8623 %
Root relative squared error             85.8826 %
Total Number of Instances              416     


=== Detailed Accuracy By Class ===

                 TP Rate  FP Rate  Precision  Recall   F-Measure  MCC      ROC Area  PRC Area  Class
                 0.605    0.075    0.481      0.605    0.536      0.480    0.903     0.481     K1
                 0.811    0.060    0.882      0.811    0.845      0.767    0.965     0.904     K2
                 0.434    0.076    0.559      0.434    0.489      0.396    0.878     0.573     K3
                 0.607    0.113    0.481      0.607    0.536      0.450    0.868     0.478     K4
                 0.844    0.048    0.761      0.844    0.800      0.763    0.974     0.788     K5
                 0.792    0.000    1.000      0.792    0.884      0.884    0.972     0.906     K6
                 ?        0.000    ?          ?        ?          ?        ?         ?         K7
                 ?        0.000    ?          ?        ?          ?        ?         ?         K8
Weighted Avg.    0.695    0.067    0.711      0.695    0.698      0.629    0.930     0.720     


=== Confusion Matrix ===

   a   b   c   d   e   f   g   h   <-- classified as
  26  16   1   0   0   0   0   0 |   a = K1
  28 120   0   0   0   0   0   0 |   b = K2
   0   0  33  35   8   0   0   0 |   c = K3
   0   0  17  37   7   0   0   0 |   d = K4
   0   0   6   4  54   0   0   0 |   e = K5
   0   0   2   1   2  19   0   0 |   f = K6
   0   0   0   0   0   0   0   0 |   g = K7
   0   0   0   0   0   0   0   0 |   h = K8

