
=== Classifier model (full training set) ===

Naive Bayes Classifier

                     Class
Attribute               K1      K2      K3      K4      K5      K6      K7      K8
                     (0.1)  (0.35)  (0.18)  (0.15)  (0.15)  (0.06)     (0)     (0)
===================================================================================
Gabor Features0
  mean              13.0702 13.9101 10.1003  9.9433 10.0566  6.9408       0       0
  std. dev.          1.2431  1.2394  1.6471  2.2653  1.1663  1.3024  0.0017  0.0017
  weight sum             43     148      76      61      64      24       0       0
  precision            0.01    0.01    0.01    0.01    0.01    0.01    0.01    0.01

Gabor Features1
  mean               0.0972  0.0897  0.1607  0.1407  0.1312  0.1104       0       0
  std. dev.          0.0159  0.0164  0.1085  0.1017  0.0248  0.0079  0.0017  0.0017
  weight sum             43     148      76      61      64      24       0       0
  precision            0.01    0.01    0.01    0.01    0.01    0.01    0.01    0.01

Gabor Features2
  mean              13.0744 13.9143 10.1037  9.9467 10.0587  6.9408       0       0
  std. dev.          1.2432  1.2396  1.6484  2.2669  1.1657  1.3024  0.0017  0.0017
  weight sum             43     148      76      61      64      24       0       0
  precision            0.01    0.01    0.01    0.01    0.01    0.01    0.01    0.01

Gabor Features3
  mean               0.0974  0.0898  0.1608  0.1407  0.1312  0.1104       0       0
  std. dev.           0.016  0.0164  0.1084  0.1017  0.0248  0.0079  0.0017  0.0017
  weight sum             43     148      76      61      64      24       0       0
  precision            0.01    0.01    0.01    0.01    0.01    0.01    0.01    0.01

Gabor Features4
  mean              13.0744 13.9143 10.1037  9.9467 10.0587  6.9408       0       0
  std. dev.          1.2432  1.2396  1.6484  2.2669  1.1657  1.3024  0.0017  0.0017
  weight sum             43     148      76      61      64      24       0       0
  precision            0.01    0.01    0.01    0.01    0.01    0.01    0.01    0.01

Gabor Features5
  mean               0.0974  0.0898  0.1608  0.1407  0.1312  0.1104       0       0
  std. dev.           0.016  0.0164  0.1084  0.1017  0.0248  0.0079  0.0017  0.0017
  weight sum             43     148      76      61      64      24       0       0
  precision            0.01    0.01    0.01    0.01    0.01    0.01    0.01    0.01

Gabor Features6
  mean              13.0702 13.9101 10.1003  9.9433 10.0566  6.9408       0       0
  std. dev.          1.2431  1.2394  1.6471  2.2653  1.1663  1.3024  0.0017  0.0017
  weight sum             43     148      76      61      64      24       0       0
  precision            0.01    0.01    0.01    0.01    0.01    0.01    0.01    0.01

Gabor Features7
  mean               0.0972  0.0897  0.1607  0.1407  0.1312  0.1104       0       0
  std. dev.          0.0159  0.0164  0.1085  0.1017  0.0248  0.0079  0.0017  0.0017
  weight sum             43     148      76      61      64      24       0       0
  precision            0.01    0.01    0.01    0.01    0.01    0.01    0.01    0.01

Gabor Features8
  mean              13.0744 13.9143 10.1037  9.9467 10.0587  6.9408       0       0
  std. dev.          1.2432  1.2396  1.6484  2.2669  1.1657  1.3024  0.0017  0.0017
  weight sum             43     148      76      61      64      24       0       0
  precision            0.01    0.01    0.01    0.01    0.01    0.01    0.01    0.01

Gabor Features9
  mean               0.0974  0.0898  0.1608  0.1407  0.1312  0.1104       0       0
  std. dev.           0.016  0.0164  0.1084  0.1017  0.0248  0.0079  0.0017  0.0017
  weight sum             43     148      76      61      64      24       0       0
  precision            0.01    0.01    0.01    0.01    0.01    0.01    0.01    0.01

Gabor Features10
  mean              13.0744 13.9143 10.1037  9.9467 10.0587  6.9408       0       0
  std. dev.          1.2432  1.2396  1.6484  2.2669  1.1657  1.3024  0.0017  0.0017
  weight sum             43     148      76      61      64      24       0       0
  precision            0.01    0.01    0.01    0.01    0.01    0.01    0.01    0.01

Gabor Features11
  mean               0.0974  0.0898  0.1608  0.1407  0.1312  0.1104       0       0
  std. dev.           0.016  0.0164  0.1084  0.1017  0.0248  0.0079  0.0017  0.0017
  weight sum             43     148      76      61      64      24       0       0
  precision            0.01    0.01    0.01    0.01    0.01    0.01    0.01    0.01

Gabor Features12
  mean              13.5074 14.3754 10.4383 10.2757 10.3916  7.1708       0       0
  std. dev.          1.2842  1.2811  1.7022  2.3417  1.2046  1.3451  0.0017  0.0017
  weight sum             43     148      76      61      64      24       0       0
  precision            0.01    0.01    0.01    0.01    0.01    0.01    0.01    0.01

Gabor Features13
  mean               0.1007   0.093  0.1661  0.1456  0.1341  0.1146       0       0
  std. dev.          0.0169  0.0174  0.1125  0.1054   0.026  0.0091  0.0017  0.0017
  weight sum             43     148      76      61      64      24       0       0
  precision            0.01    0.01    0.01    0.01    0.01    0.01    0.01    0.01

Gabor Features14
  mean              13.5116 14.3796 10.4416 10.2797 10.3958  7.1725       0       0
  std. dev.          1.2854  1.2813  1.7027  2.3425  1.2052  1.3453  0.0017  0.0017
  weight sum             43     148      76      61      64      24       0       0
  precision            0.01    0.01    0.01    0.01    0.01    0.01    0.01    0.01

Gabor Features15
  mean               0.1007  0.0931  0.1663  0.1456  0.1341  0.1146       0       0
  std. dev.          0.0169  0.0175  0.1128  0.1054   0.026  0.0091  0.0017  0.0017
  weight sum             43     148      76      61      64      24       0       0
  precision            0.01    0.01    0.01    0.01    0.01    0.01    0.01    0.01

Gabor Features16
  mean              13.5116 14.3796 10.4416 10.2797 10.3958  7.1725       0       0
  std. dev.          1.2854  1.2813  1.7027  2.3425  1.2052  1.3453  0.0017  0.0017
  weight sum             43     148      76      61      64      24       0       0
  precision            0.01    0.01    0.01    0.01    0.01    0.01    0.01    0.01

Gabor Features17
  mean               0.1007  0.0931  0.1663  0.1456  0.1341  0.1146       0       0
  std. dev.          0.0169  0.0175  0.1128  0.1054   0.026  0.0091  0.0017  0.0017
  weight sum             43     148      76      61      64      24       0       0
  precision            0.01    0.01    0.01    0.01    0.01    0.01    0.01    0.01

Gabor Features18
  mean              13.5074 14.3754 10.4383 10.2757 10.3916  7.1708       0       0
  std. dev.          1.2842  1.2811  1.7022  2.3417  1.2046  1.3451  0.0017  0.0017
  weight sum             43     148      76      61      64      24       0       0
  precision            0.01    0.01    0.01    0.01    0.01    0.01    0.01    0.01

Gabor Features19
  mean               0.1007   0.093  0.1661  0.1456  0.1341  0.1146       0       0
  std. dev.          0.0169  0.0174  0.1125  0.1054   0.026  0.0091  0.0017  0.0017
  weight sum             43     148      76      61      64      24       0       0
  precision            0.01    0.01    0.01    0.01    0.01    0.01    0.01    0.01

Gabor Features20
  mean              13.5116 14.3796 10.4416 10.2797 10.3958  7.1725       0       0
  std. dev.          1.2854  1.2813  1.7027  2.3425  1.2052  1.3453  0.0017  0.0017
  weight sum             43     148      76      61      64      24       0       0
  precision            0.01    0.01    0.01    0.01    0.01    0.01    0.01    0.01

Gabor Features21
  mean               0.1007  0.0931  0.1663  0.1456  0.1341  0.1146       0       0
  std. dev.          0.0169  0.0175  0.1128  0.1054   0.026  0.0091  0.0017  0.0017
  weight sum             43     148      76      61      64      24       0       0
  precision            0.01    0.01    0.01    0.01    0.01    0.01    0.01    0.01

Gabor Features22
  mean              13.5116 14.3796 10.4416 10.2797 10.3958  7.1725       0       0
  std. dev.          1.2854  1.2813  1.7027  2.3425  1.2052  1.3453  0.0017  0.0017
  weight sum             43     148      76      61      64      24       0       0
  precision            0.01    0.01    0.01    0.01    0.01    0.01    0.01    0.01

Gabor Features23
  mean               0.1007  0.0931  0.1663  0.1456  0.1341  0.1146       0       0
  std. dev.          0.0169  0.0175  0.1128  0.1054   0.026  0.0091  0.0017  0.0017
  weight sum             43     148      76      61      64      24       0       0
  precision            0.01    0.01    0.01    0.01    0.01    0.01    0.01    0.01

Gabor Features24
  mean              13.4951  14.362 10.4288 10.2659 10.3825  7.1654       0       0
  std. dev.          1.2826  1.2795  1.7009  2.3394  1.2036  1.3428  0.0017  0.0017
  weight sum             43     148      76      61      64      24       0       0
  precision            0.01    0.01    0.01    0.01    0.01    0.01    0.01    0.01

Gabor Features25
  mean               0.1007  0.0928  0.1661  0.1454  0.1331  0.1138       0       0
  std. dev.          0.0169  0.0174  0.1125   0.105   0.026  0.0099  0.0017  0.0017
  weight sum             43     148      76      61      64      24       0       0
  precision            0.01    0.01    0.01    0.01    0.01    0.01    0.01    0.01

Gabor Features26
  mean              13.4991 14.3665 10.4318 10.2707 10.3861  7.1692       0       0
  std. dev.          1.2838  1.2805  1.7013  2.3397  1.2051   1.344  0.0017  0.0017
  weight sum             43     148      76      61      64      24       0       0
  precision            0.01    0.01    0.01    0.01    0.01    0.01    0.01    0.01

Gabor Features27
  mean               0.1007  0.0929  0.1661  0.1454  0.1334  0.1146       0       0
  std. dev.          0.0169  0.0174  0.1125   0.105  0.0258  0.0091  0.0017  0.0017
  weight sum             43     148      76      61      64      24       0       0
  precision            0.01    0.01    0.01    0.01    0.01    0.01    0.01    0.01

Gabor Features28
  mean              13.4991 14.3665 10.4318 10.2707 10.3861  7.1692       0       0
  std. dev.          1.2838  1.2805  1.7013  2.3397  1.2051   1.344  0.0017  0.0017
  weight sum             43     148      76      61      64      24       0       0
  precision            0.01    0.01    0.01    0.01    0.01    0.01    0.01    0.01

Gabor Features29
  mean               0.1007  0.0929  0.1661  0.1454  0.1334  0.1146       0       0
  std. dev.          0.0169  0.0174  0.1125   0.105  0.0258  0.0091  0.0017  0.0017
  weight sum             43     148      76      61      64      24       0       0
  precision            0.01    0.01    0.01    0.01    0.01    0.01    0.01    0.01

Gabor Features30
  mean              13.4951  14.362 10.4288 10.2659 10.3825  7.1654       0       0
  std. dev.          1.2826  1.2795  1.7009  2.3394  1.2036  1.3428  0.0017  0.0017
  weight sum             43     148      76      61      64      24       0       0
  precision            0.01    0.01    0.01    0.01    0.01    0.01    0.01    0.01

Gabor Features31
  mean               0.1007  0.0928  0.1661  0.1454  0.1331  0.1138       0       0
  std. dev.          0.0169  0.0174  0.1125   0.105   0.026  0.0099  0.0017  0.0017
  weight sum             43     148      76      61      64      24       0       0
  precision            0.01    0.01    0.01    0.01    0.01    0.01    0.01    0.01

Gabor Features32
  mean              13.4991 14.3665 10.4318 10.2707 10.3861  7.1692       0       0
  std. dev.          1.2838  1.2805  1.7013  2.3397  1.2051   1.344  0.0017  0.0017
  weight sum             43     148      76      61      64      24       0       0
  precision            0.01    0.01    0.01    0.01    0.01    0.01    0.01    0.01

Gabor Features33
  mean               0.1007  0.0929  0.1661  0.1454  0.1334  0.1146       0       0
  std. dev.          0.0169  0.0174  0.1125   0.105  0.0258  0.0091  0.0017  0.0017
  weight sum             43     148      76      61      64      24       0       0
  precision            0.01    0.01    0.01    0.01    0.01    0.01    0.01    0.01

Gabor Features34
  mean              13.4991 14.3665 10.4318 10.2707 10.3861  7.1692       0       0
  std. dev.          1.2838  1.2805  1.7013  2.3397  1.2051   1.344  0.0017  0.0017
  weight sum             43     148      76      61      64      24       0       0
  precision            0.01    0.01    0.01    0.01    0.01    0.01    0.01    0.01

Gabor Features35
  mean               0.1007  0.0929  0.1661  0.1454  0.1334  0.1146       0       0
  std. dev.          0.0169  0.0174  0.1125   0.105  0.0258  0.0091  0.0017  0.0017
  weight sum             43     148      76      61      64      24       0       0
  precision            0.01    0.01    0.01    0.01    0.01    0.01    0.01    0.01

Gabor Features36
  mean              13.4591 14.3241 10.4013 10.2402 10.3553   7.145       0       0
  std. dev.          1.2797  1.2769  1.6962  2.3333  1.2011  1.3396  0.0017  0.0017
  weight sum             43     148      76      61      64      24       0       0
  precision            0.01    0.01    0.01    0.01    0.01    0.01    0.01    0.01

Gabor Features37
  mean               0.1005  0.0925  0.1653  0.1452  0.1331  0.1138       0       0
  std. dev.          0.0167  0.0174  0.1119  0.1051   0.026  0.0099  0.0017  0.0017
  weight sum             43     148      76      61      64      24       0       0
  precision            0.01    0.01    0.01    0.01    0.01    0.01    0.01    0.01

Gabor Features38
  mean              13.4642 14.3291  10.405 10.2426 10.3588  7.1488       0       0
  std. dev.          1.2811  1.2765  1.6968  2.3335  1.2014  1.3418  0.0017  0.0017
  weight sum             43     148      76      61      64      24       0       0
  precision            0.01    0.01    0.01    0.01    0.01    0.01    0.01    0.01

Gabor Features39
  mean               0.1005  0.0925  0.1654  0.1454  0.1331  0.1138       0       0
  std. dev.          0.0167  0.0174  0.1121   0.105   0.026  0.0099  0.0017  0.0017
  weight sum             43     148      76      61      64      24       0       0
  precision            0.01    0.01    0.01    0.01    0.01    0.01    0.01    0.01

Gabor Features40
  mean              13.4642 14.3291  10.405 10.2426 10.3588  7.1488       0       0
  std. dev.          1.2811  1.2765  1.6968  2.3335  1.2014  1.3418  0.0017  0.0017
  weight sum             43     148      76      61      64      24       0       0
  precision            0.01    0.01    0.01    0.01    0.01    0.01    0.01    0.01

Gabor Features41
  mean               0.1005  0.0925  0.1654  0.1454  0.1331  0.1138       0       0
  std. dev.          0.0167  0.0174  0.1121   0.105   0.026  0.0099  0.0017  0.0017
  weight sum             43     148      76      61      64      24       0       0
  precision            0.01    0.01    0.01    0.01    0.01    0.01    0.01    0.01

Gabor Features42
  mean              13.4591 14.3241 10.4013 10.2402 10.3553   7.145       0       0
  std. dev.          1.2797  1.2769  1.6962  2.3333  1.2011  1.3396  0.0017  0.0017
  weight sum             43     148      76      61      64      24       0       0
  precision            0.01    0.01    0.01    0.01    0.01    0.01    0.01    0.01

Gabor Features43
  mean               0.1005  0.0925  0.1653  0.1452  0.1331  0.1138       0       0
  std. dev.          0.0167  0.0174  0.1119  0.1051   0.026  0.0099  0.0017  0.0017
  weight sum             43     148      76      61      64      24       0       0
  precision            0.01    0.01    0.01    0.01    0.01    0.01    0.01    0.01

Gabor Features44
  mean              13.4642 14.3291  10.405 10.2426 10.3588  7.1488       0       0
  std. dev.          1.2811  1.2765  1.6968  2.3335  1.2014  1.3418  0.0017  0.0017
  weight sum             43     148      76      61      64      24       0       0
  precision            0.01    0.01    0.01    0.01    0.01    0.01    0.01    0.01

Gabor Features45
  mean               0.1005  0.0925  0.1654  0.1454  0.1331  0.1138       0       0
  std. dev.          0.0167  0.0174  0.1121   0.105   0.026  0.0099  0.0017  0.0017
  weight sum             43     148      76      61      64      24       0       0
  precision            0.01    0.01    0.01    0.01    0.01    0.01    0.01    0.01

Gabor Features46
  mean              13.4642 14.3291  10.405 10.2426 10.3588  7.1488       0       0
  std. dev.          1.2811  1.2765  1.6968  2.3335  1.2014  1.3418  0.0017  0.0017
  weight sum             43     148      76      61      64      24       0       0
  precision            0.01    0.01    0.01    0.01    0.01    0.01    0.01    0.01

Gabor Features47
  mean               0.1005  0.0925  0.1654  0.1454  0.1331  0.1138       0       0
  std. dev.          0.0167  0.0174  0.1121   0.105   0.026  0.0099  0.0017  0.0017
  weight sum             43     148      76      61      64      24       0       0
  precision            0.01    0.01    0.01    0.01    0.01    0.01    0.01    0.01

Gabor Features48
  mean              13.3581 14.2172 10.3233 10.1621 10.2783  7.0921       0       0
  std. dev.          1.2699  1.2668  1.6838  2.3156  1.1914  1.3311  0.0017  0.0017
  weight sum             43     148      76      61      64      24       0       0
  precision            0.01    0.01    0.01    0.01    0.01    0.01    0.01    0.01

Gabor Features49
  mean               0.0998  0.0914  0.1643  0.1443  0.1325  0.1138       0       0
  std. dev.          0.0164  0.0172  0.1108  0.1051  0.0246  0.0099  0.0017  0.0017
  weight sum             43     148      76      61      64      24       0       0
  precision            0.01    0.01    0.01    0.01    0.01    0.01    0.01    0.01

Gabor Features50
  mean              13.3637 14.2221  10.327 10.1666 10.2814  7.0967       0       0
  std. dev.          1.2708  1.2674  1.6845  2.3167  1.1914  1.3314  0.0017  0.0017
  weight sum             43     148      76      61      64      24       0       0
  precision            0.01    0.01    0.01    0.01    0.01    0.01    0.01    0.01

Gabor Features51
  mean                  0.1  0.0915  0.1643  0.1443  0.1325  0.1138       0       0
  std. dev.          0.0166  0.0172  0.1108  0.1051  0.0246  0.0099  0.0017  0.0017
  weight sum             43     148      76      61      64      24       0       0
  precision            0.01    0.01    0.01    0.01    0.01    0.01    0.01    0.01

Gabor Features52
  mean              13.3637 14.2221  10.327 10.1666 10.2814  7.0967       0       0
  std. dev.          1.2708  1.2674  1.6845  2.3167  1.1914  1.3314  0.0017  0.0017
  weight sum             43     148      76      61      64      24       0       0
  precision            0.01    0.01    0.01    0.01    0.01    0.01    0.01    0.01

Gabor Features53
  mean                  0.1  0.0915  0.1643  0.1443  0.1325  0.1138       0       0
  std. dev.          0.0166  0.0172  0.1108  0.1051  0.0246  0.0099  0.0017  0.0017
  weight sum             43     148      76      61      64      24       0       0
  precision            0.01    0.01    0.01    0.01    0.01    0.01    0.01    0.01

Gabor Features54
  mean              13.3581 14.2172 10.3233 10.1621 10.2783  7.0921       0       0
  std. dev.          1.2699  1.2668  1.6838  2.3156  1.1914  1.3311  0.0017  0.0017
  weight sum             43     148      76      61      64      24       0       0
  precision            0.01    0.01    0.01    0.01    0.01    0.01    0.01    0.01

Gabor Features55
  mean               0.0998  0.0914  0.1643  0.1443  0.1325  0.1138       0       0
  std. dev.          0.0164  0.0172  0.1108  0.1051  0.0246  0.0099  0.0017  0.0017
  weight sum             43     148      76      61      64      24       0       0
  precision            0.01    0.01    0.01    0.01    0.01    0.01    0.01    0.01

Gabor Features56
  mean              13.3637 14.2221  10.327 10.1666 10.2814  7.0967       0       0
  std. dev.          1.2708  1.2674  1.6845  2.3167  1.1914  1.3314  0.0017  0.0017
  weight sum             43     148      76      61      64      24       0       0
  precision            0.01    0.01    0.01    0.01    0.01    0.01    0.01    0.01

Gabor Features57
  mean                  0.1  0.0915  0.1643  0.1443  0.1325  0.1138       0       0
  std. dev.          0.0166  0.0172  0.1108  0.1051  0.0246  0.0099  0.0017  0.0017
  weight sum             43     148      76      61      64      24       0       0
  precision            0.01    0.01    0.01    0.01    0.01    0.01    0.01    0.01

Gabor Features58
  mean              13.3637 14.2221  10.327 10.1666 10.2814  7.0967       0       0
  std. dev.          1.2708  1.2674  1.6845  2.3167  1.1914  1.3314  0.0017  0.0017
  weight sum             43     148      76      61      64      24       0       0
  precision            0.01    0.01    0.01    0.01    0.01    0.01    0.01    0.01

Gabor Features59
  mean                  0.1  0.0915  0.1643  0.1443  0.1325  0.1138       0       0
  std. dev.          0.0166  0.0172  0.1108  0.1051  0.0246  0.0099  0.0017  0.0017
  weight sum             43     148      76      61      64      24       0       0
  precision            0.01    0.01    0.01    0.01    0.01    0.01    0.01    0.01



Time taken to build model: 0.16 seconds

Time taken to test model on training data: 0.06 seconds

=== Error on training data ===

Correctly Classified Instances         219               52.6442 %
Incorrectly Classified Instances       197               47.3558 %
Kappa statistic                          0.4171
Mean absolute error                      0.1187
Root mean squared error                  0.3408
Relative absolute error                 60.6415 %
Root relative squared error            109.0715 %
Total Number of Instances              416     


=== Detailed Accuracy By Class ===

                 TP Rate  FP Rate  Precision  Recall   F-Measure  MCC      ROC Area  PRC Area  Class
                 0.651    0.209    0.264      0.651    0.376      0.309    0.834     0.331     K1
                 0.588    0.063    0.837      0.588    0.690      0.580    0.941     0.863     K2
                 0.237    0.047    0.529      0.237    0.327      0.268    0.870     0.560     K3
                 0.197    0.006    0.857      0.197    0.320      0.375    0.839     0.521     K4
                 0.813    0.227    0.394      0.813    0.531      0.454    0.899     0.629     K5
                 0.917    0.010    0.846      0.917    0.880      0.873    0.996     0.896     K6
                 ?        0.000    ?          ?        ?          ?        ?         ?         K7
                 ?        0.000    ?          ?        ?          ?        ?         ?         K8
Weighted Avg.    0.526    0.089    0.657      0.526    0.524      0.462    0.899     0.668     


=== Confusion Matrix ===

  a  b  c  d  e  f  g  h   <-- classified as
 28 13  1  0  1  0  0  0 |  a = K1
 61 87  0  0  0  0  0  0 |  b = K2
  9  1 18  2 46  0  0  0 |  c = K3
  8  1  9 12 31  0  0  0 |  d = K4
  0  2  6  0 52  4  0  0 |  e = K5
  0  0  0  0  2 22  0  0 |  f = K6
  0  0  0  0  0  0  0  0 |  g = K7
  0  0  0  0  0  0  0  0 |  h = K8

Time taken to perform cross-validation: 0.07 seconds


=== Stratified cross-validation ===

Correctly Classified Instances         210               50.4808 %
Incorrectly Classified Instances       206               49.5192 %
Kappa statistic                          0.3916
Mean absolute error                      0.1239
Root mean squared error                  0.3461
Relative absolute error                 63.3212 %
Root relative squared error            110.7635 %
Total Number of Instances              416     


=== Detailed Accuracy By Class ===

                 TP Rate  FP Rate  Precision  Recall   F-Measure  MCC      ROC Area  PRC Area  Class
                 0.628    0.217    0.250      0.628    0.358      0.285    0.819     0.314     K1
                 0.574    0.060    0.842      0.574    0.683      0.575    0.937     0.852     K2
                 0.197    0.050    0.469      0.197    0.278      0.214    0.856     0.476     K3
                 0.213    0.020    0.650      0.213    0.321      0.320    0.794     0.416     K4
                 0.781    0.230    0.382      0.781    0.513      0.428    0.892     0.631     K5
                 0.833    0.010    0.833      0.833    0.833      0.823    0.996     0.895     K6
                 ?        0.000    ?          ?        ?          ?        ?         ?         K7
                 ?        0.000    ?          ?        ?          ?        ?         ?         K8
Weighted Avg.    0.505    0.092    0.613      0.505    0.505      0.433    0.885     0.632     


=== Confusion Matrix ===

  a  b  c  d  e  f  g  h   <-- classified as
 27 13  0  0  3  0  0  0 |  a = K1
 63 85  0  0  0  0  0  0 |  b = K2
  9  1 15  6 45  0  0  0 |  c = K3
  9  0 10 13 29  0  0  0 |  d = K4
  0  2  7  1 50  4  0  0 |  e = K5
  0  0  0  0  4 20  0  0 |  f = K6
  0  0  0  0  0  0  0  0 |  g = K7
  0  0  0  0  0  0  0  0 |  h = K8

