
=== Classifier model (full training set) ===

Naive Bayes Classifier

                     Class
Attribute               K1      K2      K3      K4      K5      K6
                     (0.1)  (0.35)  (0.18)  (0.15)  (0.15)  (0.06)
===================================================================
Gabor Features0
  mean               7.7775    7.62  6.6007  7.9577   8.533  5.4061
  std. dev.          3.2976  3.9491  2.1538  3.3663   2.284  1.5983
  weight sum             43     148      76      61      64      24
  precision           0.046   0.046   0.046   0.046   0.046   0.046

Gabor Features1
  mean               0.0628  0.0549  0.1107  0.1142  0.0931  0.0772
  std. dev.          0.0245  0.0279  0.0713  0.0781  0.0228  0.0144
  weight sum             43     148      76      61      64      24
  precision          0.0014  0.0014  0.0014  0.0014  0.0014  0.0014

Gabor Features2
  mean               7.7801  7.6225  6.6029  7.9604  8.5358  5.4079
  std. dev.          3.2987  3.9504  2.1545  3.3674  2.2848  1.5988
  weight sum             43     148      76      61      64      24
  precision           0.046   0.046   0.046   0.046   0.046   0.046

Gabor Features3
  mean               0.0628   0.055  0.1107  0.1142  0.0931  0.0772
  std. dev.          0.0245  0.0279  0.0713  0.0781  0.0229  0.0144
  weight sum             43     148      76      61      64      24
  precision          0.0014  0.0014  0.0014  0.0014  0.0014  0.0014

Gabor Features4
  mean               7.7801  7.6225  6.6029  7.9604  8.5358  5.4079
  std. dev.          3.2987  3.9504  2.1545  3.3674  2.2848  1.5988
  weight sum             43     148      76      61      64      24
  precision           0.046   0.046   0.046   0.046   0.046   0.046

Gabor Features5
  mean               0.0628   0.055  0.1107  0.1142  0.0931  0.0772
  std. dev.          0.0245  0.0279  0.0713  0.0781  0.0229  0.0144
  weight sum             43     148      76      61      64      24
  precision          0.0014  0.0014  0.0014  0.0014  0.0014  0.0014

Gabor Features6
  mean               7.7775    7.62  6.6007  7.9577   8.533  5.4061
  std. dev.          3.2976  3.9491  2.1538  3.3663   2.284  1.5983
  weight sum             43     148      76      61      64      24
  precision           0.046   0.046   0.046   0.046   0.046   0.046

Gabor Features7
  mean               0.0628  0.0549  0.1107  0.1142  0.0931  0.0772
  std. dev.          0.0245  0.0279  0.0713  0.0781  0.0228  0.0144
  weight sum             43     148      76      61      64      24
  precision          0.0014  0.0014  0.0014  0.0014  0.0014  0.0014

Gabor Features8
  mean               7.7801  7.6225  6.6029  7.9604  8.5358  5.4079
  std. dev.          3.2987  3.9504  2.1545  3.3674  2.2848  1.5988
  weight sum             43     148      76      61      64      24
  precision           0.046   0.046   0.046   0.046   0.046   0.046

Gabor Features9
  mean               0.0628   0.055  0.1107  0.1142  0.0931  0.0772
  std. dev.          0.0245  0.0279  0.0713  0.0781  0.0229  0.0144
  weight sum             43     148      76      61      64      24
  precision          0.0014  0.0014  0.0014  0.0014  0.0014  0.0014

Gabor Features10
  mean               7.7801  7.6225  6.6029  7.9604  8.5358  5.4079
  std. dev.          3.2987  3.9504  2.1545  3.3674  2.2848  1.5988
  weight sum             43     148      76      61      64      24
  precision           0.046   0.046   0.046   0.046   0.046   0.046

Gabor Features11
  mean               0.0628   0.055  0.1107  0.1142  0.0931  0.0772
  std. dev.          0.0245  0.0279  0.0713  0.0781  0.0229  0.0144
  weight sum             43     148      76      61      64      24
  precision          0.0014  0.0014  0.0014  0.0014  0.0014  0.0014

Gabor Features12
  mean               8.0377  7.8749  6.8214  8.2239  8.8184  5.5869
  std. dev.          3.4079  4.0812  2.2258  3.4789  2.3604  1.6518
  weight sum             43     148      76      61      64      24
  precision          0.0475  0.0475  0.0475  0.0475  0.0475  0.0475

Gabor Features13
  mean               0.0649  0.0568  0.1144   0.118  0.0962  0.0797
  std. dev.          0.0253  0.0288  0.0736  0.0807  0.0236  0.0149
  weight sum             43     148      76      61      64      24
  precision          0.0014  0.0014  0.0014  0.0014  0.0014  0.0014

Gabor Features14
  mean               8.0404  7.8775  6.8237  8.2267  8.8213  5.5888
  std. dev.           3.409  4.0826  2.2266  3.4801  2.3612  1.6523
  weight sum             43     148      76      61      64      24
  precision          0.0475  0.0475  0.0475  0.0475  0.0475  0.0475

Gabor Features15
  mean               0.0649  0.0568  0.1144   0.118  0.0962  0.0798
  std. dev.          0.0253  0.0288  0.0737  0.0807  0.0236  0.0149
  weight sum             43     148      76      61      64      24
  precision          0.0014  0.0014  0.0014  0.0014  0.0014  0.0014

Gabor Features16
  mean               8.0404  7.8775  6.8237  8.2267  8.8213  5.5888
  std. dev.           3.409  4.0826  2.2266  3.4801  2.3612  1.6523
  weight sum             43     148      76      61      64      24
  precision          0.0475  0.0475  0.0475  0.0475  0.0475  0.0475

Gabor Features17
  mean               0.0649  0.0568  0.1144   0.118  0.0962  0.0798
  std. dev.          0.0253  0.0288  0.0737  0.0807  0.0236  0.0149
  weight sum             43     148      76      61      64      24
  precision          0.0014  0.0014  0.0014  0.0014  0.0014  0.0014

Gabor Features18
  mean               8.0377  7.8749  6.8214  8.2239  8.8184  5.5869
  std. dev.          3.4079  4.0812  2.2258  3.4789  2.3604  1.6518
  weight sum             43     148      76      61      64      24
  precision          0.0475  0.0475  0.0475  0.0475  0.0475  0.0475

Gabor Features19
  mean               0.0649  0.0568  0.1144   0.118  0.0962  0.0797
  std. dev.          0.0253  0.0288  0.0736  0.0807  0.0236  0.0149
  weight sum             43     148      76      61      64      24
  precision          0.0014  0.0014  0.0014  0.0014  0.0014  0.0014

Gabor Features20
  mean               8.0404  7.8775  6.8237  8.2267  8.8213  5.5888
  std. dev.           3.409  4.0826  2.2266  3.4801  2.3612  1.6523
  weight sum             43     148      76      61      64      24
  precision          0.0475  0.0475  0.0475  0.0475  0.0475  0.0475

Gabor Features21
  mean               0.0649  0.0568  0.1144   0.118  0.0962  0.0798
  std. dev.          0.0253  0.0288  0.0737  0.0807  0.0236  0.0149
  weight sum             43     148      76      61      64      24
  precision          0.0014  0.0014  0.0014  0.0014  0.0014  0.0014

Gabor Features22
  mean               8.0404  7.8775  6.8237  8.2267  8.8213  5.5888
  std. dev.           3.409  4.0826  2.2266  3.4801  2.3612  1.6523
  weight sum             43     148      76      61      64      24
  precision          0.0475  0.0475  0.0475  0.0475  0.0475  0.0475

Gabor Features23
  mean               0.0649  0.0568  0.1144   0.118  0.0962  0.0798
  std. dev.          0.0253  0.0288  0.0737  0.0807  0.0236  0.0149
  weight sum             43     148      76      61      64      24
  precision          0.0014  0.0014  0.0014  0.0014  0.0014  0.0014

Gabor Features24
  mean               8.0302  7.8676  6.8151  8.2163  8.8102  5.5817
  std. dev.          3.4047  4.0774  2.2237  3.4757  2.3582  1.6502
  weight sum             43     148      76      61      64      24
  precision          0.0475  0.0475  0.0475  0.0475  0.0475  0.0475

Gabor Features25
  mean               0.0649  0.0567  0.1143  0.1179  0.0961  0.0797
  std. dev.          0.0253  0.0288  0.0736  0.0806  0.0236  0.0149
  weight sum             43     148      76      61      64      24
  precision          0.0014  0.0014  0.0014  0.0014  0.0014  0.0014

Gabor Features26
  mean               8.0329  7.8702  6.8174  8.2191  8.8132  5.5836
  std. dev.          3.4059  4.0788  2.2245  3.4769   2.359  1.6508
  weight sum             43     148      76      61      64      24
  precision          0.0475  0.0475  0.0475  0.0475  0.0475  0.0475

Gabor Features27
  mean               0.0649  0.0567  0.1143  0.1179  0.0961  0.0797
  std. dev.          0.0253  0.0288  0.0736  0.0806  0.0236  0.0149
  weight sum             43     148      76      61      64      24
  precision          0.0014  0.0014  0.0014  0.0014  0.0014  0.0014

Gabor Features28
  mean               8.0329  7.8702  6.8174  8.2191  8.8132  5.5836
  std. dev.          3.4059  4.0788  2.2245  3.4769   2.359  1.6508
  weight sum             43     148      76      61      64      24
  precision          0.0475  0.0475  0.0475  0.0475  0.0475  0.0475

Gabor Features29
  mean               0.0649  0.0567  0.1143  0.1179  0.0961  0.0797
  std. dev.          0.0253  0.0288  0.0736  0.0806  0.0236  0.0149
  weight sum             43     148      76      61      64      24
  precision          0.0014  0.0014  0.0014  0.0014  0.0014  0.0014

Gabor Features30
  mean               8.0302  7.8676  6.8151  8.2163  8.8102  5.5817
  std. dev.          3.4047  4.0774  2.2237  3.4757  2.3582  1.6502
  weight sum             43     148      76      61      64      24
  precision          0.0475  0.0475  0.0475  0.0475  0.0475  0.0475

Gabor Features31
  mean               0.0649  0.0567  0.1143  0.1179  0.0961  0.0797
  std. dev.          0.0253  0.0288  0.0736  0.0806  0.0236  0.0149
  weight sum             43     148      76      61      64      24
  precision          0.0014  0.0014  0.0014  0.0014  0.0014  0.0014

Gabor Features32
  mean               8.0329  7.8702  6.8174  8.2191  8.8132  5.5836
  std. dev.          3.4059  4.0788  2.2245  3.4769   2.359  1.6508
  weight sum             43     148      76      61      64      24
  precision          0.0475  0.0475  0.0475  0.0475  0.0475  0.0475

Gabor Features33
  mean               0.0649  0.0567  0.1143  0.1179  0.0961  0.0797
  std. dev.          0.0253  0.0288  0.0736  0.0806  0.0236  0.0149
  weight sum             43     148      76      61      64      24
  precision          0.0014  0.0014  0.0014  0.0014  0.0014  0.0014

Gabor Features34
  mean               8.0329  7.8702  6.8174  8.2191  8.8132  5.5836
  std. dev.          3.4059  4.0788  2.2245  3.4769   2.359  1.6508
  weight sum             43     148      76      61      64      24
  precision          0.0475  0.0475  0.0475  0.0475  0.0475  0.0475

Gabor Features35
  mean               0.0649  0.0567  0.1143  0.1179  0.0961  0.0797
  std. dev.          0.0253  0.0288  0.0736  0.0806  0.0236  0.0149
  weight sum             43     148      76      61      64      24
  precision          0.0014  0.0014  0.0014  0.0014  0.0014  0.0014

Gabor Features36
  mean               8.0092   7.847  6.7973  8.1947  8.7871  5.5671
  std. dev.          3.3958  4.0668  2.2179  3.4666   2.352  1.6459
  weight sum             43     148      76      61      64      24
  precision          0.0473  0.0473  0.0473  0.0473  0.0473  0.0473

Gabor Features37
  mean               0.0647  0.0566   0.114  0.1176  0.0958  0.0795
  std. dev.          0.0252  0.0287  0.0734  0.0804  0.0235  0.0148
  weight sum             43     148      76      61      64      24
  precision          0.0014  0.0014  0.0014  0.0014  0.0014  0.0014

Gabor Features38
  mean               8.0119  7.8496  6.7996  8.1975  8.7901   5.569
  std. dev.           3.397  4.0681  2.2187  3.4677  2.3528  1.6465
  weight sum             43     148      76      61      64      24
  precision          0.0474  0.0474  0.0474  0.0474  0.0474  0.0474

Gabor Features39
  mean               0.0646  0.0566   0.114  0.1177   0.096  0.0796
  std. dev.          0.0252  0.0288  0.0734  0.0805  0.0236  0.0148
  weight sum             43     148      76      61      64      24
  precision          0.0014  0.0014  0.0014  0.0014  0.0014  0.0014

Gabor Features40
  mean               8.0119  7.8496  6.7996  8.1975  8.7901   5.569
  std. dev.           3.397  4.0681  2.2187  3.4677  2.3528  1.6465
  weight sum             43     148      76      61      64      24
  precision          0.0474  0.0474  0.0474  0.0474  0.0474  0.0474

Gabor Features41
  mean               0.0646  0.0566   0.114  0.1177   0.096  0.0796
  std. dev.          0.0252  0.0288  0.0734  0.0805  0.0236  0.0148
  weight sum             43     148      76      61      64      24
  precision          0.0014  0.0014  0.0014  0.0014  0.0014  0.0014

Gabor Features42
  mean               8.0092   7.847  6.7973  8.1947  8.7871  5.5671
  std. dev.          3.3958  4.0668  2.2179  3.4666   2.352  1.6459
  weight sum             43     148      76      61      64      24
  precision          0.0473  0.0473  0.0473  0.0473  0.0473  0.0473

Gabor Features43
  mean               0.0647  0.0566   0.114  0.1176  0.0958  0.0795
  std. dev.          0.0252  0.0287  0.0734  0.0804  0.0235  0.0148
  weight sum             43     148      76      61      64      24
  precision          0.0014  0.0014  0.0014  0.0014  0.0014  0.0014

Gabor Features44
  mean               8.0119  7.8496  6.7996  8.1975  8.7901   5.569
  std. dev.           3.397  4.0681  2.2187  3.4677  2.3528  1.6465
  weight sum             43     148      76      61      64      24
  precision          0.0474  0.0474  0.0474  0.0474  0.0474  0.0474

Gabor Features45
  mean               0.0646  0.0566   0.114  0.1177   0.096  0.0796
  std. dev.          0.0252  0.0288  0.0734  0.0805  0.0236  0.0148
  weight sum             43     148      76      61      64      24
  precision          0.0014  0.0014  0.0014  0.0014  0.0014  0.0014

Gabor Features46
  mean               8.0119  7.8496  6.7996  8.1975  8.7901   5.569
  std. dev.           3.397  4.0681  2.2187  3.4677  2.3528  1.6465
  weight sum             43     148      76      61      64      24
  precision          0.0474  0.0474  0.0474  0.0474  0.0474  0.0474

Gabor Features47
  mean               0.0646  0.0566   0.114  0.1177   0.096  0.0796
  std. dev.          0.0252  0.0288  0.0734  0.0805  0.0236  0.0148
  weight sum             43     148      76      61      64      24
  precision          0.0014  0.0014  0.0014  0.0014  0.0014  0.0014

Gabor Features48
  mean               7.9493  7.7883  6.7465  8.1335  8.7215  5.5255
  std. dev.          3.3704  4.0364  2.2013  3.4407  2.3344  1.6336
  weight sum             43     148      76      61      64      24
  precision           0.047   0.047   0.047   0.047   0.047   0.047

Gabor Features49
  mean               0.0642  0.0562  0.1131  0.1167  0.0951  0.0789
  std. dev.           0.025  0.0285  0.0728  0.0798  0.0234  0.0147
  weight sum             43     148      76      61      64      24
  precision          0.0014  0.0014  0.0014  0.0014  0.0014  0.0014

Gabor Features50
  mean                7.952  7.7909  6.7487  8.1362  8.7244  5.5274
  std. dev.          3.3716  4.0377  2.2021  3.4418  2.3352  1.6342
  weight sum             43     148      76      61      64      24
  precision           0.047   0.047   0.047   0.047   0.047   0.047

Gabor Features51
  mean               0.0642  0.0562  0.1131  0.1167  0.0952  0.0789
  std. dev.           0.025  0.0285  0.0729  0.0798  0.0234  0.0147
  weight sum             43     148      76      61      64      24
  precision          0.0014  0.0014  0.0014  0.0014  0.0014  0.0014

Gabor Features52
  mean                7.952  7.7909  6.7487  8.1362  8.7244  5.5274
  std. dev.          3.3716  4.0377  2.2021  3.4418  2.3352  1.6342
  weight sum             43     148      76      61      64      24
  precision           0.047   0.047   0.047   0.047   0.047   0.047

Gabor Features53
  mean               0.0642  0.0562  0.1131  0.1167  0.0952  0.0789
  std. dev.           0.025  0.0285  0.0729  0.0798  0.0234  0.0147
  weight sum             43     148      76      61      64      24
  precision          0.0014  0.0014  0.0014  0.0014  0.0014  0.0014

Gabor Features54
  mean               7.9493  7.7883  6.7465  8.1335  8.7215  5.5255
  std. dev.          3.3704  4.0364  2.2013  3.4407  2.3344  1.6336
  weight sum             43     148      76      61      64      24
  precision           0.047   0.047   0.047   0.047   0.047   0.047

Gabor Features55
  mean               0.0642  0.0562  0.1131  0.1167  0.0951  0.0789
  std. dev.           0.025  0.0285  0.0728  0.0798  0.0234  0.0147
  weight sum             43     148      76      61      64      24
  precision          0.0014  0.0014  0.0014  0.0014  0.0014  0.0014

Gabor Features56
  mean                7.952  7.7909  6.7487  8.1362  8.7244  5.5274
  std. dev.          3.3716  4.0377  2.2021  3.4418  2.3352  1.6342
  weight sum             43     148      76      61      64      24
  precision           0.047   0.047   0.047   0.047   0.047   0.047

Gabor Features57
  mean               0.0642  0.0562  0.1131  0.1167  0.0952  0.0789
  std. dev.           0.025  0.0285  0.0729  0.0798  0.0234  0.0147
  weight sum             43     148      76      61      64      24
  precision          0.0014  0.0014  0.0014  0.0014  0.0014  0.0014

Gabor Features58
  mean                7.952  7.7909  6.7487  8.1362  8.7244  5.5274
  std. dev.          3.3716  4.0377  2.2021  3.4418  2.3352  1.6342
  weight sum             43     148      76      61      64      24
  precision           0.047   0.047   0.047   0.047   0.047   0.047

Gabor Features59
  mean               0.0642  0.0562  0.1131  0.1167  0.0952  0.0789
  std. dev.           0.025  0.0285  0.0729  0.0798  0.0234  0.0147
  weight sum             43     148      76      61      64      24
  precision          0.0014  0.0014  0.0014  0.0014  0.0014  0.0014



Time taken to build model: 0.18 seconds

Time taken to test model on training data: 0.07 seconds

=== Error on training data ===

Correctly Classified Instances         180               43.2692 %
Incorrectly Classified Instances       236               56.7308 %
Kappa statistic                          0.3015
Mean absolute error                      0.1885
Root mean squared error                  0.4231
Relative absolute error                 72.3691 %
Root relative squared error            117.275  %
Total Number of Instances              416     


=== Detailed Accuracy By Class ===

                 TP Rate  FP Rate  Precision  Recall   F-Measure  MCC      ROC Area  PRC Area  Class
                 0.140    0.078    0.171      0.140    0.154      0.068    0.641     0.213     K1
                 0.554    0.123    0.713      0.554    0.624      0.461    0.830     0.727     K2
                 0.184    0.035    0.538      0.184    0.275      0.238    0.617     0.328     K3
                 0.213    0.034    0.520      0.213    0.302      0.267    0.545     0.304     K4
                 0.750    0.241    0.361      0.750    0.487      0.393    0.783     0.344     K5
                 0.708    0.166    0.207      0.708    0.321      0.318    0.892     0.559     K6
Weighted Avg.    0.433    0.110    0.514      0.433    0.426      0.333    0.726     0.470     


=== Confusion Matrix ===

  a  b  c  d  e  f   <-- classified as
  6 17  0  0 16  4 |  a = K1
 27 82  0  2 25 12 |  b = K2
  1  5 14  6 19 31 |  c = K3
  1  8  8 13 19 12 |  d = K4
  0  2  4  4 48  6 |  e = K5
  0  1  0  0  6 17 |  f = K6

Time taken to perform cross-validation: 0.07 seconds


=== Stratified cross-validation ===

Correctly Classified Instances         171               41.1058 %
Incorrectly Classified Instances       245               58.8942 %
Kappa statistic                          0.2799
Mean absolute error                      0.1965
Root mean squared error                  0.4348
Relative absolute error                 75.4102 %
Root relative squared error            120.506  %
Total Number of Instances              416     


=== Detailed Accuracy By Class ===

                 TP Rate  FP Rate  Precision  Recall   F-Measure  MCC      ROC Area  PRC Area  Class
                 0.163    0.115    0.140      0.163    0.151      0.044    0.581     0.139     K1
                 0.527    0.108    0.729      0.527    0.612      0.459    0.816     0.659     K2
                 0.158    0.035    0.500      0.158    0.240      0.203    0.587     0.270     K3
                 0.230    0.045    0.467      0.230    0.308      0.252    0.507     0.245     K4
                 0.656    0.233    0.339      0.656    0.447      0.334    0.764     0.315     K5
                 0.750    0.161    0.222      0.750    0.343      0.347    0.877     0.478     K6
Weighted Avg.    0.411    0.109    0.499      0.411    0.411      0.313    0.700     0.410     


=== Confusion Matrix ===

  a  b  c  d  e  f   <-- classified as
  7 16  0  0 16  4 |  a = K1
 32 78  0  2 25 11 |  b = K2
  5  3 12 10 18 28 |  c = K3
  2  7  8 14 18 12 |  d = K4
  4  2  4  4 42  8 |  e = K5
  0  1  0  0  5 18 |  f = K6

