
=== Classifier model (full training set) ===

The independent probability of a class
--------------------------------------
K1	0.1
K2	0.35
K3	0.18
K4	0.15
K5	0.15
K6	0.06
K7	0
K8	0

The probability of a word given the class
-----------------------------------------
	K1	K2	K3	K4	K5	K6	K7	K8	
FCTH0	0.05	0.05	0.02	0.04	0.04	0.02	0.01	0.01	
FCTH1	0.12	0.13	0.08	0.08	0.09	0.08	0.01	0.01	
FCTH2	0.12	0.13	0.11	0.11	0.06	0.07	0.01	0.01	
FCTH3	0.06	0.05	0.02	0.01	0.03	0	0.01	0.01	
FCTH4	0.07	0.07	0.03	0.03	0.05	0	0.01	0.01	
FCTH5	0.14	0.16	0.08	0.06	0.06	0	0.01	0.01	
FCTH6	0.01	0.01	0.01	0.02	0.03	0.01	0.01	0.01	
FCTH7	0.01	0.01	0.02	0.03	0	0	0.01	0.01	
FCTH8	0.04	0.05	0.03	0.04	0.03	0.02	0.01	0.01	
FCTH9	0	0	0	0	0.01	0.02	0.01	0.01	
FCTH10	0	0	0	0.01	0.01	0.01	0.01	0.01	
FCTH11	0.01	0.01	0	0.01	0.03	0.02	0.01	0.01	
FCTH12	0	0	0	0	0.02	0.03	0.01	0.01	
FCTH13	0	0	0	0	0.01	0.01	0.01	0.01	
FCTH14	0	0	0	0.01	0.04	0.06	0.01	0.01	
FCTH15	0	0	0.02	0.02	0	0.01	0.01	0.01	
FCTH16	0	0	0	0	0	0	0.01	0.01	
FCTH17	0	0	0.02	0.02	0	0.02	0.01	0.01	
FCTH18	0.03	0.04	0.04	0.04	0.04	0.04	0.01	0.01	
FCTH19	0.01	0	0	0	0.07	0.09	0.01	0.01	
FCTH20	0.05	0.06	0.03	0.03	0.05	0.07	0.01	0.01	
FCTH21	0.03	0.04	0.01	0	0.02	0	0.01	0.01	
FCTH22	0	0	0	0	0.01	0	0.01	0.01	
FCTH23	0.06	0.06	0.02	0.01	0.03	0	0.01	0.01	
FCTH24	0.01	0.01	0	0.01	0.01	0	0.01	0.01	
FCTH25	0.01	0.01	0.04	0.03	0.04	0.03	0.01	0.01	
FCTH26	0	0	0.03	0.02	0.01	0	0.01	0.01	
FCTH27	0.02	0.02	0.01	0.01	0.01	0	0.01	0.01	
FCTH28	0.01	0	0.01	0.01	0.01	0	0.01	0.01	
FCTH29	0.01	0.01	0.04	0.02	0.01	0	0.01	0.01	
FCTH30	0	0	0	0.01	0.01	0	0.01	0.01	
FCTH31	0	0	0	0.01	0	0	0.01	0.01	
FCTH32	0	0	0.01	0.01	0	0	0.01	0.01	
FCTH33	0	0	0	0	0	0.01	0.01	0.01	
FCTH34	0	0	0	0	0	0.01	0.01	0.01	
FCTH35	0	0	0	0	0	0.01	0.01	0.01	
FCTH36	0	0	0	0	0	0.01	0.01	0.01	
FCTH37	0	0	0	0	0	0	0.01	0.01	
FCTH38	0	0	0	0	0	0.02	0.01	0.01	
FCTH39	0	0	0	0	0	0	0.01	0.01	
FCTH40	0	0	0	0	0	0	0.01	0.01	
FCTH41	0	0	0.01	0	0	0	0.01	0.01	
FCTH42	0	0	0.01	0.01	0.01	0.02	0.01	0.01	
FCTH43	0	0	0	0	0	0.02	0.01	0.01	
FCTH44	0	0	0.01	0.01	0	0.03	0.01	0.01	
FCTH45	0.01	0	0	0	0	0	0.01	0.01	
FCTH46	0	0	0	0	0	0	0.01	0.01	
FCTH47	0	0	0.01	0.01	0	0	0.01	0.01	
FCTH48	0	0	0	0.01	0.01	0	0.01	0.01	
FCTH49	0	0	0.03	0.02	0.02	0.02	0.01	0.01	
FCTH50	0	0	0.02	0.01	0	0	0.01	0.01	
FCTH51	0.01	0	0.01	0	0.01	0	0.01	0.01	
FCTH52	0	0	0	0	0	0	0.01	0.01	
FCTH53	0	0	0.02	0.01	0	0	0.01	0.01	
FCTH54	0	0	0	0.01	0	0	0.01	0.01	
FCTH55	0	0	0	0.01	0	0	0.01	0.01	
FCTH56	0	0	0.01	0.01	0	0	0.01	0.01	
FCTH57	0	0	0	0	0	0.01	0.01	0.01	
FCTH58	0	0	0	0	0	0	0.01	0.01	
FCTH59	0	0	0	0	0	0	0.01	0.01	
FCTH60	0	0	0	0	0	0.01	0.01	0.01	
FCTH61	0	0	0	0	0	0	0.01	0.01	
FCTH62	0	0	0	0	0	0.01	0.01	0.01	
FCTH63	0	0	0	0	0	0	0.01	0.01	
FCTH64	0	0	0	0	0	0	0.01	0.01	
FCTH65	0	0	0	0	0	0	0.01	0.01	
FCTH66	0	0	0	0.01	0	0.01	0.01	0.01	
FCTH67	0	0	0	0	0	0.01	0.01	0.01	
FCTH68	0	0	0.01	0.01	0	0.02	0.01	0.01	
FCTH69	0	0	0	0	0	0	0.01	0.01	
FCTH70	0	0	0	0	0	0	0.01	0.01	
FCTH71	0	0	0.01	0	0	0	0.01	0.01	
FCTH72	0	0	0	0	0	0	0.01	0.01	
FCTH73	0	0	0.02	0.02	0.01	0.01	0.01	0.01	
FCTH74	0	0	0.01	0.01	0	0	0.01	0.01	
FCTH75	0	0	0.01	0	0	0	0.01	0.01	
FCTH76	0	0	0	0	0	0	0.01	0.01	
FCTH77	0	0	0.01	0	0	0	0.01	0.01	
FCTH78	0	0	0	0	0	0	0.01	0.01	
FCTH79	0	0	0	0	0	0	0.01	0.01	
FCTH80	0	0	0	0	0	0	0.01	0.01	
FCTH81	0	0	0	0	0	0	0.01	0.01	
FCTH82	0	0	0	0	0	0	0.01	0.01	
FCTH83	0	0	0	0	0	0	0.01	0.01	
FCTH84	0	0	0	0	0	0	0.01	0.01	
FCTH85	0	0	0	0	0	0	0.01	0.01	
FCTH86	0	0	0	0	0	0	0.01	0.01	
FCTH87	0	0	0	0	0	0	0.01	0.01	
FCTH88	0	0	0	0	0	0	0.01	0.01	
FCTH89	0	0	0	0	0	0	0.01	0.01	
FCTH90	0	0	0	0	0	0	0.01	0.01	
FCTH91	0	0	0	0	0	0	0.01	0.01	
FCTH92	0	0	0	0	0	0	0.01	0.01	
FCTH93	0	0	0	0	0	0	0.01	0.01	
FCTH94	0	0	0	0	0	0	0.01	0.01	
FCTH95	0	0	0	0	0	0	0.01	0.01	
FCTH96	0	0	0	0	0	0	0.01	0.01	
FCTH97	0	0	0	0	0	0	0.01	0.01	
FCTH98	0	0	0.01	0	0	0	0.01	0.01	
FCTH99	0	0	0	0	0	0	0.01	0.01	
FCTH100	0	0	0	0	0	0	0.01	0.01	
FCTH101	0	0	0	0	0	0	0.01	0.01	
FCTH102	0	0	0	0	0	0	0.01	0.01	
FCTH103	0	0	0	0	0	0	0.01	0.01	
FCTH104	0	0	0	0	0	0	0.01	0.01	
FCTH105	0	0	0	0	0	0	0.01	0.01	
FCTH106	0	0	0	0	0	0	0.01	0.01	
FCTH107	0	0	0	0	0	0	0.01	0.01	
FCTH108	0	0	0	0	0	0	0.01	0.01	
FCTH109	0	0	0	0	0	0	0.01	0.01	
FCTH110	0	0	0	0	0	0	0.01	0.01	
FCTH111	0	0	0	0	0	0	0.01	0.01	
FCTH112	0	0	0	0	0	0	0.01	0.01	
FCTH113	0	0	0	0	0	0	0.01	0.01	
FCTH114	0	0	0	0	0	0	0.01	0.01	
FCTH115	0	0	0	0	0	0	0.01	0.01	
FCTH116	0	0	0	0	0	0	0.01	0.01	
FCTH117	0	0	0	0	0	0	0.01	0.01	
FCTH118	0	0	0	0	0	0	0.01	0.01	
FCTH119	0	0	0	0	0	0	0.01	0.01	
FCTH120	0	0	0	0	0	0	0.01	0.01	
FCTH121	0	0	0.01	0	0	0	0.01	0.01	
FCTH122	0	0	0.01	0	0	0	0.01	0.01	
FCTH123	0	0	0	0	0	0	0.01	0.01	
FCTH124	0	0	0	0	0	0	0.01	0.01	
FCTH125	0	0	0	0	0	0	0.01	0.01	
FCTH126	0	0	0	0	0	0	0.01	0.01	
FCTH127	0	0	0	0	0	0	0.01	0.01	
FCTH128	0	0	0	0	0	0	0.01	0.01	
FCTH129	0	0	0	0	0	0	0.01	0.01	
FCTH130	0	0	0	0	0	0	0.01	0.01	
FCTH131	0	0	0	0	0	0	0.01	0.01	
FCTH132	0	0	0	0	0	0	0.01	0.01	
FCTH133	0	0	0	0	0	0	0.01	0.01	
FCTH134	0	0	0	0	0	0	0.01	0.01	
FCTH135	0	0	0	0	0	0	0.01	0.01	
FCTH136	0	0	0	0	0	0	0.01	0.01	
FCTH137	0	0	0	0	0	0	0.01	0.01	
FCTH138	0	0	0	0	0	0	0.01	0.01	
FCTH139	0	0	0	0	0	0	0.01	0.01	
FCTH140	0	0	0	0	0	0	0.01	0.01	
FCTH141	0	0	0	0	0	0	0.01	0.01	
FCTH142	0	0	0	0	0	0	0.01	0.01	
FCTH143	0	0	0	0	0	0	0.01	0.01	
FCTH144	0	0	0	0	0	0	0.01	0.01	
FCTH145	0	0	0	0	0	0	0.01	0.01	
FCTH146	0	0	0	0	0	0	0.01	0.01	
FCTH147	0	0	0	0	0	0	0.01	0.01	
FCTH148	0	0	0	0	0	0	0.01	0.01	
FCTH149	0	0	0	0	0	0	0.01	0.01	
FCTH150	0	0	0	0	0	0	0.01	0.01	
FCTH151	0	0	0	0	0	0	0.01	0.01	
FCTH152	0	0	0	0	0	0	0.01	0.01	
FCTH153	0	0	0	0	0	0	0.01	0.01	
FCTH154	0	0	0	0	0	0	0.01	0.01	
FCTH155	0	0	0	0	0	0	0.01	0.01	
FCTH156	0	0	0	0	0	0	0.01	0.01	
FCTH157	0	0	0	0	0	0	0.01	0.01	
FCTH158	0	0	0	0	0	0	0.01	0.01	
FCTH159	0	0	0	0	0	0	0.01	0.01	
FCTH160	0	0	0	0	0	0	0.01	0.01	
FCTH161	0	0	0	0	0	0	0.01	0.01	
FCTH162	0	0	0	0	0	0	0.01	0.01	
FCTH163	0	0	0	0	0	0	0.01	0.01	
FCTH164	0	0	0	0	0	0	0.01	0.01	
FCTH165	0	0	0	0	0	0	0.01	0.01	
FCTH166	0	0	0	0	0	0	0.01	0.01	
FCTH167	0	0	0	0	0	0	0.01	0.01	
FCTH168	0	0	0	0	0	0	0.01	0.01	
FCTH169	0	0	0.01	0	0	0	0.01	0.01	
FCTH170	0	0	0.01	0	0	0	0.01	0.01	
FCTH171	0	0	0	0	0	0	0.01	0.01	
FCTH172	0	0	0	0	0	0	0.01	0.01	
FCTH173	0	0	0	0	0	0	0.01	0.01	
FCTH174	0	0	0	0	0	0	0.01	0.01	
FCTH175	0	0	0	0	0	0	0.01	0.01	
FCTH176	0	0	0	0	0	0	0.01	0.01	
FCTH177	0	0	0	0	0	0	0.01	0.01	
FCTH178	0	0	0	0	0	0	0.01	0.01	
FCTH179	0	0	0	0	0	0	0.01	0.01	
FCTH180	0	0	0	0	0	0	0.01	0.01	
FCTH181	0	0	0	0	0	0	0.01	0.01	
FCTH182	0	0	0	0	0	0	0.01	0.01	
FCTH183	0	0	0	0	0	0	0.01	0.01	
FCTH184	0	0	0	0	0	0	0.01	0.01	
FCTH185	0	0	0	0	0	0	0.01	0.01	
FCTH186	0	0	0	0	0	0	0.01	0.01	
FCTH187	0	0	0	0	0	0	0.01	0.01	
FCTH188	0	0	0	0	0	0	0.01	0.01	
FCTH189	0	0	0	0	0	0	0.01	0.01	
FCTH190	0	0	0	0	0	0	0.01	0.01	
FCTH191	0	0	0	0	0	0	0.01	0.01	


Time taken to build model: 0.17 seconds

Time taken to test model on training data: 0.02 seconds

=== Error on training data ===

Correctly Classified Instances         323               77.6442 %
Incorrectly Classified Instances        93               22.3558 %
Kappa statistic                          0.7058
Mean absolute error                      0.0572
Root mean squared error                  0.2192
Relative absolute error                 29.2253 %
Root relative squared error             70.148  %
Total Number of Instances              416     


=== Detailed Accuracy By Class ===

                 TP Rate  FP Rate  Precision  Recall   F-Measure  MCC      ROC Area  PRC Area  Class
                 0.140    0.013    0.545      0.140    0.222      0.239    0.851     0.431     K1
                 0.959    0.146    0.785      0.959    0.863      0.786    0.946     0.848     K2
                 0.816    0.076    0.705      0.816    0.756      0.700    0.961     0.843     K3
                 0.508    0.051    0.633      0.508    0.564      0.502    0.931     0.671     K4
                 0.906    0.014    0.921      0.906    0.913      0.898    0.997     0.982     K5
                 1.000    0.000    1.000      1.000    1.000      1.000    1.000     1.000     K6
                 ?        0.000    ?          ?        ?          ?        ?         ?         K7
                 ?        0.000    ?          ?        ?          ?        ?         ?         K8
Weighted Avg.    0.776    0.077    0.756      0.776    0.749      0.702    0.948     0.808     


=== Confusion Matrix ===

   a   b   c   d   e   f   g   h   <-- classified as
   6  36   0   1   0   0   0   0 |   a = K1
   2 142   0   4   0   0   0   0 |   b = K2
   1   2  62  11   0   0   0   0 |   c = K3
   0   1  24  31   5   0   0   0 |   d = K4
   2   0   2   2  58   0   0   0 |   e = K5
   0   0   0   0   0  24   0   0 |   f = K6
   0   0   0   0   0   0   0   0 |   g = K7
   0   0   0   0   0   0   0   0 |   h = K8

Time taken to perform cross-validation: 0.04 seconds


=== Stratified cross-validation ===

Correctly Classified Instances         308               74.0385 %
Incorrectly Classified Instances       108               25.9615 %
Kappa statistic                          0.658 
Mean absolute error                      0.0681
Root mean squared error                  0.2428
Relative absolute error                 34.7831 %
Root relative squared error             77.6912 %
Total Number of Instances              416     


=== Detailed Accuracy By Class ===

                 TP Rate  FP Rate  Precision  Recall   F-Measure  MCC      ROC Area  PRC Area  Class
                 0.093    0.016    0.400      0.093    0.151      0.153    0.764     0.247     K1
                 0.959    0.149    0.780      0.959    0.861      0.782    0.915     0.749     K2
                 0.789    0.088    0.667      0.789    0.723      0.658    0.932     0.734     K3
                 0.426    0.070    0.510      0.426    0.464      0.384    0.898     0.536     K4
                 0.813    0.020    0.881      0.813    0.846      0.820    0.992     0.959     K5
                 1.000    0.000    1.000      1.000    1.000      1.000    1.000     1.000     K6
                 ?        0.000    ?          ?        ?          ?        ?         ?         K7
                 ?        0.000    ?          ?        ?          ?        ?         ?         K8
Weighted Avg.    0.740    0.084    0.709      0.740    0.710      0.654    0.917     0.710     


=== Confusion Matrix ===

   a   b   c   d   e   f   g   h   <-- classified as
   4  38   0   1   0   0   0   0 |   a = K1
   2 142   0   4   0   0   0   0 |   b = K2
   1   2  60  12   1   0   0   0 |   c = K3
   1   0  28  26   6   0   0   0 |   d = K4
   2   0   2   8  52   0   0   0 |   e = K5
   0   0   0   0   0  24   0   0 |   f = K6
   0   0   0   0   0   0   0   0 |   g = K7
   0   0   0   0   0   0   0   0 |   h = K8

