
=== Classifier model (full training set) ===

Naive Bayes Classifier

                           Class
Attribute                     K1       K2       K3       K4       K5       K6       K7       K8
                           (0.1)   (0.35)   (0.18)   (0.15)   (0.15)   (0.06)      (0)      (0)
================================================================================================
RGB Color Histogram0
  mean                   125.2791    124.5 227.4079 222.8525  54.4531 128.2083        0        0
  std. dev.              107.9764 104.2949  43.0664  35.1805  85.5552 105.3561   0.0017   0.0017
  weight sum                   43      148       76       61       64       24        0        0
  precision                  0.01     0.01     0.01     0.01     0.01     0.01     0.01     0.01

RGB Color Histogram1
  mean                     4.9302    6.473   4.5658   6.3607  30.7188  38.7083        0        0
  std. dev.                7.9808  11.6477   9.1714  12.0641  60.3097  71.8003   0.0017   0.0017
  weight sum                   43      148       76       61       64       24        0        0
  precision                  0.01     0.01     0.01     0.01     0.01     0.01     0.01     0.01

RGB Color Histogram2
  mean                          0        0        0        0   6.8125     21.5        0        0
  std. dev.                0.0017   0.0017   0.0017   0.0017  21.5064  48.0963   0.0017   0.0017
  weight sum                   43      148       76       61       64       24        0        0
  precision                  0.01     0.01     0.01     0.01     0.01     0.01     0.01     0.01

RGB Color Histogram3
  mean                          0        0        0        0        0        0        0        0
  std. dev.                0.0017   0.0017   0.0017   0.0017   0.0017   0.0017   0.0017   0.0017
  weight sum                   43      148       76       61       64       24        0        0
  precision                  0.01     0.01     0.01     0.01     0.01     0.01     0.01     0.01

RGB Color Histogram4
  mean                     1.7674   0.0338   0.2368   0.4262   4.5625  13.5417        0        0
  std. dev.                6.1222   0.2148   0.8716   1.1374   7.6032  12.5066   0.0017   0.0017
  weight sum                   43      148       76       61       64       24        0        0
  precision                  0.01     0.01     0.01     0.01     0.01     0.01     0.01     0.01

RGB Color Histogram5
  mean                     2.6977   1.2703   4.0395   3.7377  15.4063  74.9167        0        0
  std. dev.                8.0421   4.8079   4.7363   4.5553  39.9131  69.5017   0.0017   0.0017
  weight sum                   43      148       76       61       64       24        0        0
  precision                  0.01     0.01     0.01     0.01     0.01     0.01     0.01     0.01

RGB Color Histogram6
  mean                      0.093   0.0135        0   0.0492  34.6875 163.5833        0        0
  std. dev.                0.6029   0.1638   0.0017   0.3809  41.5124  84.4003   0.0017   0.0017
  weight sum                   43      148       76       61       64       24        0        0
  precision                  0.01     0.01     0.01     0.01     0.01     0.01     0.01     0.01

RGB Color Histogram7
  mean                          0        0        0        0  19.7656        0        0        0
  std. dev.                0.0017   0.0017   0.0017   0.0017  54.8463   0.0017   0.0017   0.0017
  weight sum                   43      148       76       61       64       24        0        0
  precision                  0.01     0.01     0.01     0.01     0.01     0.01     0.01     0.01

RGB Color Histogram8
  mean                          0        0        0        0        0        0        0        0
  std. dev.                0.0017   0.0017   0.0017   0.0017   0.0017   0.0017   0.0017   0.0017
  weight sum                   43      148       76       61       64       24        0        0
  precision                  0.01     0.01     0.01     0.01     0.01     0.01     0.01     0.01

RGB Color Histogram9
  mean                          0        0   0.0132        0        0        0        0        0
  std. dev.                0.0017   0.0017    0.114   0.0017   0.0017   0.0017   0.0017   0.0017
  weight sum                   43      148       76       61       64       24        0        0
  precision                  0.01     0.01     0.01     0.01     0.01     0.01     0.01     0.01

RGB Color Histogram10
  mean                          0        0   0.0132        0        0        0        0        0
  std. dev.                0.0017   0.0017    0.114   0.0017   0.0017   0.0017   0.0017   0.0017
  weight sum                   43      148       76       61       64       24        0        0
  precision                  0.01     0.01     0.01     0.01     0.01     0.01     0.01     0.01

RGB Color Histogram11
  mean                          0        0        0        0   3.4375   0.1667        0        0
  std. dev.                0.0017   0.0017   0.0017   0.0017  11.2192   0.3727   0.0017   0.0017
  weight sum                   43      148       76       61       64       24        0        0
  precision                  0.01     0.01     0.01     0.01     0.01     0.01     0.01     0.01

RGB Color Histogram12
  mean                          0        0        0        0        0        0        0        0
  std. dev.                0.0017   0.0017   0.0017   0.0017   0.0017   0.0017   0.0017   0.0017
  weight sum                   43      148       76       61       64       24        0        0
  precision                  0.01     0.01     0.01     0.01     0.01     0.01     0.01     0.01

RGB Color Histogram13
  mean                          0        0        0        0        0        0        0        0
  std. dev.                0.0017   0.0017   0.0017   0.0017   0.0017   0.0017   0.0017   0.0017
  weight sum                   43      148       76       61       64       24        0        0
  precision                  0.01     0.01     0.01     0.01     0.01     0.01     0.01     0.01

RGB Color Histogram14
  mean                          0        0        0        0        0        0        0        0
  std. dev.                0.0017   0.0017   0.0017   0.0017   0.0017   0.0017   0.0017   0.0017
  weight sum                   43      148       76       61       64       24        0        0
  precision                  0.01     0.01     0.01     0.01     0.01     0.01     0.01     0.01

RGB Color Histogram15
  mean                          0        0        0        0        0        0        0        0
  std. dev.                0.0017   0.0017   0.0017   0.0017   0.0017   0.0017   0.0017   0.0017
  weight sum                   43      148       76       61       64       24        0        0
  precision                  0.01     0.01     0.01     0.01     0.01     0.01     0.01     0.01

RGB Color Histogram16
  mean                    95.3256 143.1689   108.75  58.5246  28.3281   4.4583        0        0
  std. dev.               76.3504  95.3555  84.0378  61.3249  44.0277   6.2781   0.0017   0.0017
  weight sum                   43      148       76       61       64       24        0        0
  precision                  0.01     0.01     0.01     0.01     0.01     0.01     0.01     0.01

RGB Color Histogram17
  mean                    12.1163  15.7838  17.0263  10.3607  26.0781     2.25        0        0
  std. dev.               11.6304  20.9751   18.516   17.873  44.3344   5.2619   0.0017   0.0017
  weight sum                   43      148       76       61       64       24        0        0
  precision                  0.01     0.01     0.01     0.01     0.01     0.01     0.01     0.01

RGB Color Histogram18
  mean                          0        0        0        0   0.3125        0        0        0
  std. dev.                0.0017   0.0017   0.0017   0.0017   1.7399   0.0017   0.0017   0.0017
  weight sum                   43      148       76       61       64       24        0        0
  precision                  0.01     0.01     0.01     0.01     0.01     0.01     0.01     0.01

RGB Color Histogram19
  mean                          0        0        0        0        0        0        0        0
  std. dev.                0.0017   0.0017   0.0017   0.0017   0.0017   0.0017   0.0017   0.0017
  weight sum                   43      148       76       61       64       24        0        0
  precision                  0.01     0.01     0.01     0.01     0.01     0.01     0.01     0.01

RGB Color Histogram20
  mean                    20.7907   5.0676  15.3158   18.623  11.0313    21.25        0        0
  std. dev.               50.2281  12.8377  44.4836  46.1022  14.1266  25.7314   0.0017   0.0017
  weight sum                   43      148       76       61       64       24        0        0
  precision                  0.01     0.01     0.01     0.01     0.01     0.01     0.01     0.01

RGB Color Histogram21
  mean                   167.3953 153.0541 132.5921 111.9016 192.2344 159.2917        0        0
  std. dev.               86.7493  86.7558   91.797  93.6607  83.9972  78.2882   0.0017   0.0017
  weight sum                   43      148       76       61       64       24        0        0
  precision                  0.01     0.01     0.01     0.01     0.01     0.01     0.01     0.01

RGB Color Histogram22
  mean                         14  11.4189  13.8684  26.4098  21.1406       47        0        0
  std. dev.               42.0011  27.3992  34.7182  54.7607  30.1724   69.099   0.0017   0.0017
  weight sum                   43      148       76       61       64       24        0        0
  precision                  0.01     0.01     0.01     0.01     0.01     0.01     0.01     0.01

RGB Color Histogram23
  mean                          0   0.0068        0        0   5.8594        0        0        0
  std. dev.                0.0017   0.0819   0.0017   0.0017  18.3455   0.0017   0.0017   0.0017
  weight sum                   43      148       76       61       64       24        0        0
  precision                  0.01     0.01     0.01     0.01     0.01     0.01     0.01     0.01

RGB Color Histogram24
  mean                          0        0        0   0.0164        0   1.6667        0        0
  std. dev.                0.0017   0.0017   0.0017    0.127   0.0017   3.5434   0.0017   0.0017
  weight sum                   43      148       76       61       64       24        0        0
  precision                  0.01     0.01     0.01     0.01     0.01     0.01     0.01     0.01

RGB Color Histogram25
  mean                          0        0   0.6974   0.5246   4.5781    37.25        0        0
  std. dev.                0.0017   0.0017   2.5393   1.4327   9.1101  35.9644   0.0017   0.0017
  weight sum                   43      148       76       61       64       24        0        0
  precision                  0.01     0.01     0.01     0.01     0.01     0.01     0.01     0.01

RGB Color Histogram26
  mean                     0.1163   0.0946  23.6842  16.6721   3.2031  51.5833        0        0
  std. dev.                0.7536   0.3914  42.0646  35.0249    7.718  78.2464   0.0017   0.0017
  weight sum                   43      148       76       61       64       24        0        0
  precision                  0.01     0.01     0.01     0.01     0.01     0.01     0.01     0.01

RGB Color Histogram27
  mean                          0    0.027   0.0789   0.4918  12.5156    1.625        0        0
  std. dev.                0.0017   0.2585   0.3894   2.9566  40.8744   3.5685   0.0017   0.0017
  weight sum                   43      148       76       61       64       24        0        0
  precision                  0.01     0.01     0.01     0.01     0.01     0.01     0.01     0.01

RGB Color Histogram28
  mean                          0        0        0        0        0        0        0        0
  std. dev.                0.0017   0.0017   0.0017   0.0017   0.0017   0.0017   0.0017   0.0017
  weight sum                   43      148       76       61       64       24        0        0
  precision                  0.01     0.01     0.01     0.01     0.01     0.01     0.01     0.01

RGB Color Histogram29
  mean                          0        0        0        0        0        0        0        0
  std. dev.                0.0017   0.0017   0.0017   0.0017   0.0017   0.0017   0.0017   0.0017
  weight sum                   43      148       76       61       64       24        0        0
  precision                  0.01     0.01     0.01     0.01     0.01     0.01     0.01     0.01

RGB Color Histogram30
  mean                          0        0   0.0658   0.0656        0        0        0        0
  std. dev.                0.0017   0.0017   0.4083   0.5079   0.0017   0.0017   0.0017   0.0017
  weight sum                   43      148       76       61       64       24        0        0
  precision                  0.01     0.01     0.01     0.01     0.01     0.01     0.01     0.01

RGB Color Histogram31
  mean                          0        0   0.1842   0.2623        0        0        0        0
  std. dev.                0.0017   0.0017   0.9419   2.0317   0.0017   0.0017   0.0017   0.0017
  weight sum                   43      148       76       61       64       24        0        0
  precision                  0.01     0.01     0.01     0.01     0.01     0.01     0.01     0.01

RGB Color Histogram32
  mean                    27.2791  21.4662  12.8421  21.4918   3.7344        0        0        0
  std. dev.               61.5555  58.8645  39.4755  48.2523  14.3562   0.0017   0.0017   0.0017
  weight sum                   43      148       76       61       64       24        0        0
  precision                  0.01     0.01     0.01     0.01     0.01     0.01     0.01     0.01

RGB Color Histogram33
  mean                     0.6047   0.6892   2.3947   1.4098   2.0625        0        0        0
  std. dev.                1.6444   2.4874  10.4982   5.0258   7.5371   0.0017   0.0017   0.0017
  weight sum                   43      148       76       61       64       24        0        0
  precision                  0.01     0.01     0.01     0.01     0.01     0.01     0.01     0.01

RGB Color Histogram34
  mean                          0        0        0        0        0        0        0        0
  std. dev.                0.0017   0.0017   0.0017   0.0017   0.0017   0.0017   0.0017   0.0017
  weight sum                   43      148       76       61       64       24        0        0
  precision                  0.01     0.01     0.01     0.01     0.01     0.01     0.01     0.01

RGB Color Histogram35
  mean                          0        0        0        0        0        0        0        0
  std. dev.                0.0017   0.0017   0.0017   0.0017   0.0017   0.0017   0.0017   0.0017
  weight sum                   43      148       76       61       64       24        0        0
  precision                  0.01     0.01     0.01     0.01     0.01     0.01     0.01     0.01

RGB Color Histogram36
  mean                    11.4651  11.5473  18.9342  18.2951   0.9063        0        0        0
  std. dev.               23.9557  37.5754  61.9892  55.1422   3.7363   0.0017   0.0017   0.0017
  weight sum                   43      148       76       61       64       24        0        0
  precision                  0.01     0.01     0.01     0.01     0.01     0.01     0.01     0.01

RGB Color Histogram37
  mean                    53.9767  42.5608  21.7895  35.2295  62.4219     7.25        0        0
  std. dev.               68.6469  69.2088  23.4545  55.6566  73.7665   11.035   0.0017   0.0017
  weight sum                   43      148       76       61       64       24        0        0
  precision                  0.01     0.01     0.01     0.01     0.01     0.01     0.01     0.01

RGB Color Histogram38
  mean                    14.8837  13.3041  10.9737   5.7705  15.8438   0.1667        0        0
  std. dev.               14.4548  21.3192  13.4849   9.4529  44.4456   0.3727   0.0017   0.0017
  weight sum                   43      148       76       61       64       24        0        0
  precision                  0.01     0.01     0.01     0.01     0.01     0.01     0.01     0.01

RGB Color Histogram39
  mean                          0        0        0        0   0.5156        0        0        0
  std. dev.                0.0017   0.0017   0.0017   0.0017   2.0386   0.0017   0.0017   0.0017
  weight sum                   43      148       76       61       64       24        0        0
  precision                  0.01     0.01     0.01     0.01     0.01     0.01     0.01     0.01

RGB Color Histogram40
  mean                          0        0        0    1.541        0     0.25        0        0
  std. dev.                0.0017   0.0017   0.0017   5.7104   0.0017   0.8292   0.0017   0.0017
  weight sum                   43      148       76       61       64       24        0        0
  precision                  0.01     0.01     0.01     0.01     0.01     0.01     0.01     0.01

RGB Color Histogram41
  mean                     0.3721   1.2973   1.0789   7.5082  20.2813   50.625        0        0
  std. dev.                1.3813    6.356   3.4135  32.7582  35.6522  65.5558   0.0017   0.0017
  weight sum                   43      148       76       61       64       24        0        0
  precision                  0.01     0.01     0.01     0.01     0.01     0.01     0.01     0.01

RGB Color Histogram42
  mean                    31.1395  28.5878 101.0263  86.7705  98.0469 121.7083        0        0
  std. dev.               43.9421  48.7895  99.6834  94.1559  85.0923  89.5663   0.0017   0.0017
  weight sum                   43      148       76       61       64       24        0        0
  precision                  0.01     0.01     0.01     0.01     0.01     0.01     0.01     0.01

RGB Color Histogram43
  mean                          2   5.5068   9.6184   9.9016  31.1406     3.75        0        0
  std. dev.                 3.299  15.3502  32.0435  37.6793  66.2802    4.013   0.0017   0.0017
  weight sum                   43      148       76       61       64       24        0        0
  precision                  0.01     0.01     0.01     0.01     0.01     0.01     0.01     0.01

RGB Color Histogram44
  mean                          0        0        0   0.0164        0        0        0        0
  std. dev.                0.0017   0.0017   0.0017    0.127   0.0017   0.0017   0.0017   0.0017
  weight sum                   43      148       76       61       64       24        0        0
  precision                  0.01     0.01     0.01     0.01     0.01     0.01     0.01     0.01

RGB Color Histogram45
  mean                          0        0        0        0        0      1.5        0        0
  std. dev.                0.0017   0.0017   0.0017   0.0017   0.0017   3.3541   0.0017   0.0017
  weight sum                   43      148       76       61       64       24        0        0
  precision                  0.01     0.01     0.01     0.01     0.01     0.01     0.01     0.01

RGB Color Histogram46
  mean                          0        0   0.1184   1.4918   0.1406    2.625        0        0
  std. dev.                0.0017   0.0017   0.9172   9.1859   0.6341   4.1715   0.0017   0.0017
  weight sum                   43      148       76       61       64       24        0        0
  precision                  0.01     0.01     0.01     0.01     0.01     0.01     0.01     0.01

RGB Color Histogram47
  mean                          0   0.0473   6.5789   6.2623  12.1406   2.9167        0        0
  std. dev.                0.0017   0.3148  31.8575  19.1405  31.2289   4.1924   0.0017   0.0017
  weight sum                   43      148       76       61       64       24        0        0
  precision                  0.01     0.01     0.01     0.01     0.01     0.01     0.01     0.01

RGB Color Histogram48
  mean                          0   1.7297   0.5526   3.4262        0        0        0        0
  std. dev.                0.0017  20.4829   3.7325   15.735   0.0017   0.0017   0.0017   0.0017
  weight sum                   43      148       76       61       64       24        0        0
  precision                  0.01     0.01     0.01     0.01     0.01     0.01     0.01     0.01

RGB Color Histogram49
  mean                          0        0   0.8421   0.1311        0        0        0        0
  std. dev.                0.0017   0.0017   7.1783   1.0159   0.0017   0.0017   0.0017   0.0017
  weight sum                   43      148       76       61       64       24        0        0
  precision                  0.01     0.01     0.01     0.01     0.01     0.01     0.01     0.01

RGB Color Histogram50
  mean                          0        0        0        0        0        0        0        0
  std. dev.                0.0017   0.0017   0.0017   0.0017   0.0017   0.0017   0.0017   0.0017
  weight sum                   43      148       76       61       64       24        0        0
  precision                  0.01     0.01     0.01     0.01     0.01     0.01     0.01     0.01

RGB Color Histogram51
  mean                          0        0        0        0        0        0        0        0
  std. dev.                0.0017   0.0017   0.0017   0.0017   0.0017   0.0017   0.0017   0.0017
  weight sum                   43      148       76       61       64       24        0        0
  precision                  0.01     0.01     0.01     0.01     0.01     0.01     0.01     0.01

RGB Color Histogram52
  mean                          0   8.1351        0   2.6557        0        0        0        0
  std. dev.                0.0017   38.087   0.0017   9.2699   0.0017   0.0017   0.0017   0.0017
  weight sum                   43      148       76       61       64       24        0        0
  precision                  0.01     0.01     0.01     0.01     0.01     0.01     0.01     0.01

RGB Color Histogram53
  mean                     0.4884  12.1351   1.0658   2.9344  17.2969        0        0        0
  std. dev.                 3.165  45.8111   5.3097  12.8559  28.0043   0.0017   0.0017   0.0017
  weight sum                   43      148       76       61       64       24        0        0
  precision                  0.01     0.01     0.01     0.01     0.01     0.01     0.01     0.01

RGB Color Histogram54
  mean                     0.0233   0.1216   0.1579   0.0492    3.125        0        0        0
  std. dev.                0.1507    0.625   0.8893    0.282  10.2126   0.0017   0.0017   0.0017
  weight sum                   43      148       76       61       64       24        0        0
  precision                  0.01     0.01     0.01     0.01     0.01     0.01     0.01     0.01

RGB Color Histogram55
  mean                          0        0        0        0        0        0        0        0
  std. dev.                0.0017   0.0017   0.0017   0.0017   0.0017   0.0017   0.0017   0.0017
  weight sum                   43      148       76       61       64       24        0        0
  precision                  0.01     0.01     0.01     0.01     0.01     0.01     0.01     0.01

RGB Color Histogram56
  mean                          0        0        0  16.3607        0        0        0        0
  std. dev.                0.0017   0.0017   0.0017  61.2086   0.0017   0.0017   0.0017   0.0017
  weight sum                   43      148       76       61       64       24        0        0
  precision                  0.01     0.01     0.01     0.01     0.01     0.01     0.01     0.01

RGB Color Histogram57
  mean                     2.6047   0.8243   0.0263   0.3443   0.6875   0.5833        0        0
  std. dev.               16.1262   4.3086   0.2279   1.1578   2.6509   1.3202   0.0017   0.0017
  weight sum                   43      148       76       61       64       24        0        0
  precision                  0.01     0.01     0.01     0.01     0.01     0.01     0.01     0.01

RGB Color Histogram58
  mean                     8.0698  10.4797   4.7895   8.4262  19.8438   3.5417        0        0
  std. dev.                13.181  27.1242  17.0389  20.2836  37.1896   5.7589   0.0017   0.0017
  weight sum                   43      148       76       61       64       24        0        0
  precision                  0.01     0.01     0.01     0.01     0.01     0.01     0.01     0.01

RGB Color Histogram59
  mean                     6.1628   9.3716   2.0395   0.9672   1.1094   0.1667        0        0
  std. dev.               12.8351  19.3852   6.8257   3.2842   3.0574   0.3727   0.0017   0.0017
  weight sum                   43      148       76       61       64       24        0        0
  precision                  0.01     0.01     0.01     0.01     0.01     0.01     0.01     0.01

RGB Color Histogram60
  mean                          0        0        0    0.377        0        0        0        0
  std. dev.                0.0017   0.0017   0.0017   2.9206   0.0017   0.0017   0.0017   0.0017
  weight sum                   43      148       76       61       64       24        0        0
  precision                  0.01     0.01     0.01     0.01     0.01     0.01     0.01     0.01

RGB Color Histogram61
  mean                          0        0        0   0.0164        0      0.5        0        0
  std. dev.                0.0017   0.0017   0.0017    0.127   0.0017   1.1902   0.0017   0.0017
  weight sum                   43      148       76       61       64       24        0        0
  precision                  0.01     0.01     0.01     0.01     0.01     0.01     0.01     0.01

RGB Color Histogram62
  mean                      1.186   0.8514   0.6579    2.082   3.7656      6.5        0        0
  std. dev.                4.3683   4.9489   5.4689   6.2889   7.3797   9.9079   0.0017   0.0017
  weight sum                   43      148       76       61       64       24        0        0
  precision                  0.01     0.01     0.01     0.01     0.01     0.01     0.01     0.01

RGB Color Histogram63
  mean                    40.3488  53.6622  10.9474  42.1311  49.8125     6.75        0        0
  std. dev.               74.2328  86.1129  40.6095  88.2113  81.8289  10.2276   0.0017   0.0017
  weight sum                   43      148       76       61       64       24        0        0
  precision                  0.01     0.01     0.01     0.01     0.01     0.01     0.01     0.01



Time taken to build model: 0.14 seconds

Time taken to test model on training data: 0.05 seconds

=== Error on training data ===

Correctly Classified Instances         215               51.6827 %
Incorrectly Classified Instances       201               48.3173 %
Kappa statistic                          0.4327
Mean absolute error                      0.1205
Root mean squared error                  0.3466
Relative absolute error                 61.5653 %
Root relative squared error            110.9386 %
Total Number of Instances              416     


=== Detailed Accuracy By Class ===

                 TP Rate  FP Rate  Precision  Recall   F-Measure  MCC      ROC Area  PRC Area  Class
                 1.000    0.408    0.221      1.000    0.361      0.361    0.839     0.287     K1
                 0.223    0.030    0.805      0.223    0.349      0.310    0.904     0.784     K2
                 0.592    0.094    0.584      0.592    0.588      0.495    0.882     0.599     K3
                 0.197    0.006    0.857      0.197    0.320      0.375    0.895     0.636     K4
                 0.906    0.003    0.983      0.906    0.943      0.934    0.999     0.995     K5
                 1.000    0.015    0.800      1.000    0.889      0.888    1.000     1.000     K6
                 ?        0.000    ?          ?        ?          ?        ?         ?         K7
                 ?        0.000    ?          ?        ?          ?        ?         ?         K8
Weighted Avg.    0.517    0.072    0.739      0.517    0.512      0.488    0.912     0.722     


=== Confusion Matrix ===

   a   b   c   d   e   f   g   h   <-- classified as
  43   0   0   0   0   0   0   0 |   a = K1
 114  33   0   1   0   0   0   0 |   b = K2
  23   4  45   1   0   3   0   0 |   c = K3
  15   4  28  12   1   1   0   0 |   d = K4
   0   0   4   0  58   2   0   0 |   e = K5
   0   0   0   0   0  24   0   0 |   f = K6
   0   0   0   0   0   0   0   0 |   g = K7
   0   0   0   0   0   0   0   0 |   h = K8

Time taken to perform cross-validation: 0.07 seconds


=== Stratified cross-validation ===

Correctly Classified Instances         229               55.0481 %
Incorrectly Classified Instances       187               44.9519 %
Kappa statistic                          0.4552
Mean absolute error                      0.1117
Root mean squared error                  0.3146
Relative absolute error                 57.056  %
Root relative squared error            100.6735 %
Total Number of Instances              416     


=== Detailed Accuracy By Class ===

                 TP Rate  FP Rate  Precision  Recall   F-Measure  MCC      ROC Area  PRC Area  Class
                 0.628    0.316    0.186      0.628    0.287      0.199    0.732     0.249     K1
                 0.399    0.082    0.728      0.399    0.515      0.383    0.877     0.743     K2
                 0.605    0.097    0.582      0.605    0.594      0.501    0.817     0.499     K3
                 0.213    0.014    0.722      0.213    0.329      0.346    0.790     0.436     K4
                 0.938    0.023    0.882      0.938    0.909      0.893    0.993     0.942     K5
                 1.000    0.003    0.960      1.000    0.980      0.979    1.000     1.000     K6
                 ?        0.000    ?          ?        ?          ?        ?         ?         K7
                 ?        0.000    ?          ?        ?          ?        ?         ?         K8
Weighted Avg.    0.550    0.085    0.682      0.550    0.566      0.493    0.863     0.648     


=== Confusion Matrix ===

  a  b  c  d  e  f  g  h   <-- classified as
 27 11  3  1  1  0  0  0 |  a = K1
 84 59  2  0  3  0  0  0 |  b = K2
 18  6 46  4  1  1  0  0 |  c = K3
 16  5 24 13  3  0  0  0 |  d = K4
  0  0  4  0 60  0  0  0 |  e = K5
  0  0  0  0  0 24  0  0 |  f = K6
  0  0  0  0  0  0  0  0 |  g = K7
  0  0  0  0  0  0  0  0 |  h = K8

