
=== Classifier model (full training set) ===

Naive Bayes Classifier

                                       Class
Attribute                                 K1       K2       K3       K4       K5       K6       K7       K8
                                       (0.1)   (0.35)   (0.18)   (0.15)   (0.15)   (0.06)      (0)      (0)
============================================================================================================
Histogram of JPEG Coefficients0
  mean                                65.7935  57.4286   88.325 103.8021   0.2692    0.359        0        0
  std. dev.                           67.1176  60.2346  76.3997  72.7142   1.4989   0.8585   0.2872   0.2872
  weight sum                               43      148       76       61       64       24        0        0
  precision                             1.723    1.723    1.723    1.723    1.723    1.723    1.723    1.723

Histogram of JPEG Coefficients1
  mean                               233.2217 235.4383 175.6017 199.6827 150.8567 169.2672        0        0
  std. dev.                           32.1084  37.4071  97.7462  85.6252  62.8007  41.8828   0.3664   0.3664
  weight sum                               43      148       76       61       64       24        0        0
  precision                            2.1983   2.1983   2.1983   2.1983   2.1983   2.1983   2.1983   2.1983

Histogram of JPEG Coefficients2
  mean                               212.1318 178.6599 168.4868 185.3552 165.0781 207.0139        0        0
  std. dev.                           38.2335  47.2429  78.8872  69.7877  74.5719   37.746   0.2778   0.2778
  weight sum                               43      148       76       61       64       24        0        0
  precision                            1.6667   1.6667   1.6667   1.6667   1.6667   1.6667   1.6667   1.6667

Histogram of JPEG Coefficients3
  mean                               116.7998 102.5222 121.0604 137.3017 142.0516 193.6918        0        0
  std. dev.                           25.1338  35.9945  53.9081  55.1634  72.1114   45.668    0.264    0.264
  weight sum                               43      148       76       61       64       24        0        0
  precision                            1.5839   1.5839   1.5839   1.5839   1.5839   1.5839   1.5839   1.5839

Histogram of JPEG Coefficients4
  mean                                63.5966  50.9762  92.0962 106.4398 128.0496 177.1078        0        0
  std. dev.                           21.7146  25.9158   51.665   52.354  73.2893  40.6151   0.2931   0.2931
  weight sum                               43      148       76       61       64       24        0        0
  precision                            1.7586   1.7586   1.7586   1.7586   1.7586   1.7586   1.7586   1.7586

Histogram of JPEG Coefficients5
  mean                                37.2468  36.5557  58.7723  65.0589  86.7814 123.0062        0        0
  std. dev.                           15.9321  22.1815   39.679  34.9754   54.784  44.0993   0.3375   0.3375
  weight sum                               43      148       76       61       64       24        0        0
  precision                            2.0248   2.0248   2.0248   2.0248   2.0248   2.0248   2.0248   2.0248

Histogram of JPEG Coefficients6
  mean                                 35.407  38.4966  38.5526  55.5328  78.9453 111.7708        0        0
  std. dev.                           18.4022  22.8386  28.1013  46.9437  52.0682  49.6051   0.4167   0.4167
  weight sum                               43      148       76       61       64       24        0        0
  precision                               2.5      2.5      2.5      2.5      2.5      2.5      2.5      2.5

Histogram of JPEG Coefficients7
  mean                                47.3367  55.8111   27.763  40.3997  69.6572 102.9855        0        0
  std. dev.                            22.928  32.9924  20.7604   26.025  58.1876  52.2998   0.3029   0.3029
  weight sum                               43      148       76       61       64       24        0        0
  precision                            1.8174   1.8174   1.8174   1.8174   1.8174   1.8174   1.8174   1.8174

Histogram of JPEG Coefficients8
  mean                               157.9442 189.7674  95.0008  81.8567 111.7247 116.1955        0        0
  std. dev.                           58.0596  49.7211  53.1515  38.8733  64.2134  27.3263   0.2471   0.2471
  weight sum                               43      148       76       61       64       24        0        0
  precision                            1.4826   1.4826   1.4826   1.4826   1.4826   1.4826   1.4826   1.4826

Histogram of JPEG Coefficients9
  mean                               186.3048  157.415 175.9149 154.1671 202.5079 228.7584        0        0
  std. dev.                           48.4391  46.7748  87.8296   74.613  65.4069  38.9907   0.2852   0.2852
  weight sum                               43      148       76       61       64       24        0        0
  precision                            1.7114   1.7114   1.7114   1.7114   1.7114   1.7114   1.7114   1.7114

Histogram of JPEG Coefficients10
  mean                                113.553  86.0104 145.4776 121.4617 198.4317 175.9684        0        0
  std. dev.                            44.837  42.2475  70.5008  45.3882  42.6799  30.7347   0.2623   0.2623
  weight sum                               43      148       76       61       64       24        0        0
  precision                            1.5741   1.5741   1.5741   1.5741   1.5741   1.5741   1.5741   1.5741

Histogram of JPEG Coefficients11
  mean                                40.6143  27.3069  94.6096  91.3347 144.1453 164.4778        0        0
  std. dev.                           21.1976  20.2125  52.2404  47.6394  50.1506  46.5788   0.2796   0.2796
  weight sum                               43      148       76       61       64       24        0        0
  precision                            1.6776   1.6776   1.6776   1.6776   1.6776   1.6776   1.6776   1.6776

Histogram of JPEG Coefficients12
  mean                                14.6748  11.1993    60.48  64.1928 103.9989 122.9078        0        0
  std. dev.                            8.1867  10.1828  39.1039  41.5355  48.4221  37.5146   0.3602   0.3602
  weight sum                               43      148       76       61       64       24        0        0
  precision                             2.161    2.161    2.161    2.161    2.161    2.161    2.161    2.161

Histogram of JPEG Coefficients13
  mean                                 6.2918   8.5518  33.5935  33.5956  79.3474  83.4451        0        0
  std. dev.                            3.4517   5.2121  24.6727  21.6611  54.9485  38.0301   0.5183   0.5183
  weight sum                               43      148       76       61       64       24        0        0
  precision                            3.1098   3.1098   3.1098   3.1098   3.1098   3.1098   3.1098   3.1098

Histogram of JPEG Coefficients14
  mean                                 7.0451  10.5723    16.37  25.6991  53.4467  80.5147        0        0
  std. dev.                            3.0513   7.0306  13.2854  28.4555  41.0435  42.2378   0.4902   0.4902
  weight sum                               43      148       76       61       64       24        0        0
  precision                            2.9412   2.9412   2.9412   2.9412   2.9412   2.9412   2.9412   2.9412

Histogram of JPEG Coefficients15
  mean                                20.5042  31.3889  18.1358  20.9945  59.7697   89.284        0        0
  std. dev.                           11.8967  16.3461  19.8508  14.3662  54.3466  60.0903    0.465    0.465
  weight sum                               43      148       76       61       64       24        0        0
  precision                            2.7901   2.7901   2.7901   2.7901   2.7901   2.7901   2.7901   2.7901

Histogram of JPEG Coefficients16
  mean                               145.0977 168.6984  97.0247  81.4051 120.5922 101.5348        0        0
  std. dev.                           51.0835  51.9998  54.3939  35.2546  53.2489  39.0672   0.2515   0.2515
  weight sum                               43      148       76       61       64       24        0        0
  precision                            1.5089   1.5089   1.5089   1.5089   1.5089   1.5089   1.5089   1.5089

Histogram of JPEG Coefficients17
  mean                               110.3023  89.7992 139.5789 107.3299 170.5811 149.3477        0        0
  std. dev.                            42.858  37.2957  62.2826  46.7084  59.4453  39.5437   0.2656   0.2656
  weight sum                               43      148       76       61       64       24        0        0
  precision                            1.5938   1.5938   1.5938   1.5938   1.5938   1.5938   1.5938   1.5938

Histogram of JPEG Coefficients18
  mean                                66.1449  40.9435 117.4144   79.822 184.7194 136.0503        0        0
  std. dev.                           34.6407  26.0636  63.2463    36.19  63.9149  33.7863   0.2515   0.2515
  weight sum                               43      148       76       61       64       24        0        0
  precision                            1.5089   1.5089   1.5089   1.5089   1.5089   1.5089   1.5089   1.5089

Histogram of JPEG Coefficients19
  mean                                21.2065  11.8403  71.7489  54.8459 161.0962  112.625        0        0
  std. dev.                            15.593   10.455  40.2587  30.3394  54.4698  26.9544     0.34     0.34
  weight sum                               43      148       76       61       64       24        0        0
  precision                              2.04     2.04     2.04     2.04     2.04     2.04     2.04     2.04

Histogram of JPEG Coefficients20
  mean                                 5.6181   6.5654  45.9141   38.503  85.8947  75.6053        0        0
  std. dev.                            3.7433   5.3891   42.178  31.0487  45.5575  29.8264   0.4474   0.4474
  weight sum                               43      148       76       61       64       24        0        0
  precision                            2.6842   2.6842   2.6842   2.6842   2.6842   2.6842   2.6842   2.6842

Histogram of JPEG Coefficients21
  mean                                 4.0647   7.0858  18.7815  25.8831  61.9477   56.683        0        0
  std. dev.                            2.3624   4.9325  16.8829  29.9549  38.1842  34.3132   0.4855   0.4855
  weight sum                               43      148       76       61       64       24        0        0
  precision                             2.913    2.913    2.913    2.913    2.913    2.913    2.913    2.913

Histogram of JPEG Coefficients22
  mean                                11.0597  15.2283  16.5506   19.886  52.7692  51.6923        0        0
  std. dev.                            5.4897   8.3362  18.5667     18.9  51.8245  34.3897   0.5744   0.5744
  weight sum                               43      148       76       61       64       24        0        0
  precision                            3.4462   3.4462   3.4462   3.4462   3.4462   3.4462   3.4462   3.4462

Histogram of JPEG Coefficients23
  mean                                17.7907  27.5169  12.3849  24.2213  36.4453  64.8438        0        0
  std. dev.                            8.4858  14.0146  10.3061  34.5938  36.6613  48.2848    0.625    0.625
  weight sum                               43      148       76       61       64       24        0        0
  precision                              3.75     3.75     3.75     3.75     3.75     3.75     3.75     3.75

Histogram of JPEG Coefficients24
  mean                                99.1898 127.8474  72.6299  57.1232 100.4415  90.8387        0        0
  std. dev.                           37.9648  41.9498  34.5047  29.3072  50.2305  37.3104   0.2366   0.2366
  weight sum                               43      148       76       61       64       24        0        0
  precision                            1.4194   1.4194   1.4194   1.4194   1.4194   1.4194   1.4194   1.4194

Histogram of JPEG Coefficients25
  mean                                 54.632  42.2788  87.0441  71.1771 122.5618 114.0888        0        0
  std. dev.                           28.9681  23.8181  42.6377   34.906  48.2551  33.0106   0.2572   0.2572
  weight sum                               43      148       76       61       64       24        0        0
  precision                            1.5435   1.5435   1.5435   1.5435   1.5435   1.5435   1.5435   1.5435

Histogram of JPEG Coefficients26
  mean                                22.7488  13.9109  69.1954  61.1973 131.1904  99.1957        0        0
  std. dev.                           15.4335  11.4192  44.7129  42.0478  54.4732  21.1353   0.3484   0.3484
  weight sum                               43      148       76       61       64       24        0        0
  precision                            2.0902   2.0902   2.0902   2.0902   2.0902   2.0902   2.0902   2.0902

Histogram of JPEG Coefficients27
  mean                                 9.1929   6.6773  56.4009  34.2642 124.7647  75.5588        0        0
  std. dev.                            6.7676   5.1332  45.5719  16.7771  58.3799  26.6083   0.4118   0.4118
  weight sum                               43      148       76       61       64       24        0        0
  precision                            2.4706   2.4706   2.4706   2.4706   2.4706   2.4706   2.4706   2.4706

Histogram of JPEG Coefficients28
  mean                                 2.5057    3.543  25.4244  20.3717  75.1981  43.3979        0        0
  std. dev.                            1.6495   2.9812  31.2168  13.7452  43.1634  18.1043   0.5986   0.5986
  weight sum                               43      148       76       61       64       24        0        0
  precision                            3.5915   3.5915   3.5915   3.5915   3.5915   3.5915   3.5915   3.5915

Histogram of JPEG Coefficients29
  mean                                 3.2069   5.6681   14.314  18.6502  51.9513  41.4972        0        0
  std. dev.                            2.3264   3.9695  13.3182  27.6524   53.029  31.4255   0.6384   0.6384
  weight sum                               43      148       76       61       64       24        0        0
  precision                            3.8305   3.8305   3.8305   3.8305   3.8305   3.8305   3.8305   3.8305

Histogram of JPEG Coefficients30
  mean                                 5.6111     8.78  10.4765  12.6006  38.0765  30.4468        0        0
  std. dev.                            2.6826   5.1365  10.0092   11.075  43.2074    16.61   0.5745   0.5745
  weight sum                               43      148       76       61       64       24        0        0
  precision                            3.4468   3.4468   3.4468   3.4468   3.4468   3.4468   3.4468   3.4468

Histogram of JPEG Coefficients31
  mean                                 14.423  24.9524  14.1571  16.9066  35.8621  41.9921        0        0
  std. dev.                            7.1396  12.6521  12.5006  13.0196  37.2074   25.359   0.3915   0.3915
  weight sum                               43      148       76       61       64       24        0        0
  precision                            2.3492   2.3492   2.3492   2.3492   2.3492   2.3492   2.3492   2.3492

Histogram of JPEG Coefficients32
  mean                                50.3296  69.3534  49.4245  44.8931 108.3057  85.3696        0        0
  std. dev.                           22.8771  29.0475  34.8598  28.6498  69.0026  40.9668   0.3696   0.3696
  weight sum                               43      148       76       61       64       24        0        0
  precision                            2.2174   2.2174   2.2174   2.2174   2.2174   2.2174   2.2174   2.2174

Histogram of JPEG Coefficients33
  mean                                20.7252  16.3238  43.6876   46.587  92.1746  89.6005        0        0
  std. dev.                           12.0297   11.674  35.8427  27.4157  42.8651  23.0172   0.4381   0.4381
  weight sum                               43      148       76       61       64       24        0        0
  precision                            2.6289   2.6289   2.6289   2.6289   2.6289   2.6289   2.6289   2.6289

Histogram of JPEG Coefficients34
  mean                                 4.5727   3.5564  37.5737  25.8365  78.0828  53.3156        0        0
  std. dev.                            5.3944   4.0358  32.7949  15.7572  49.0452  16.8382   0.5042   0.5042
  weight sum                               43      148       76       61       64       24        0        0
  precision                             3.025    3.025    3.025    3.025    3.025    3.025    3.025    3.025

Histogram of JPEG Coefficients35
  mean                                 1.4347   2.6885  25.6095  16.3327  76.8717  45.2394        0        0
  std. dev.                            1.8033   2.9192  36.5924  14.1553  43.3662   18.628   0.5141   0.5141
  weight sum                               43      148       76       61       64       24        0        0
  precision                            3.0845   3.0845   3.0845   3.0845   3.0845   3.0845   3.0845   3.0845

Histogram of JPEG Coefficients36
  mean                                 1.8471   3.2765  21.5617  11.4445  55.9119  26.3012        0        0
  std. dev.                            2.2633   3.2794  43.7179  10.8351  42.7814   16.655   0.6967   0.6967
  weight sum                               43      148       76       61       64       24        0        0
  precision                            4.1803   4.1803   4.1803   4.1803   4.1803   4.1803   4.1803   4.1803

Histogram of JPEG Coefficients37
  mean                                  4.636   7.5918  15.5392  11.9826  27.2781  31.4626        0        0
  std. dev.                            2.9384    4.544  21.4008  17.0507  33.6422   15.644   0.5034   0.5034
  weight sum                               43      148       76       61       64       24        0        0
  precision                            3.0204   3.0204   3.0204   3.0204   3.0204   3.0204   3.0204   3.0204

Histogram of JPEG Coefficients38
  mean                                   6.17   9.7101  13.1273  15.8569  24.8295  43.7576        0        0
  std. dev.                            3.6662   5.6609  15.7942  21.2303  25.0377  31.8085   0.4606   0.4606
  weight sum                               43      148       76       61       64       24        0        0
  precision                            2.7636   2.7636   2.7636   2.7636   2.7636   2.7636   2.7636   2.7636

Histogram of JPEG Coefficients39
  mean                                16.2093  25.9595  17.9693  26.1503  27.7578  46.0417        0        0
  std. dev.                            7.3409  12.3987   24.193  41.6994  36.1326  24.8119   0.4722   0.4722
  weight sum                               43      148       76       61       64       24        0        0
  precision                            2.8333   2.8333   2.8333   2.8333   2.8333   2.8333   2.8333   2.8333

Histogram of JPEG Coefficients40
  mean                                 30.178  42.4775  25.1819  26.2072  84.4753   65.427        0        0
  std. dev.                           14.6079  18.0007  19.9529  14.9935  75.6593   51.994   0.4733   0.4733
  weight sum                               43      148       76       61       64       24        0        0
  precision                            2.8395   2.8395   2.8395   2.8395   2.8395   2.8395   2.8395   2.8395

Histogram of JPEG Coefficients41
  mean                                 5.4264   5.0923  21.3377  29.7596  63.5833  49.5833        0        0
  std. dev.                            4.8456   4.8449  18.5191  25.6011  36.3263  12.0728   0.3889   0.3889
  weight sum                               43      148       76       61       64       24        0        0
  precision                            2.3333   2.3333   2.3333   2.3333   2.3333   2.3333   2.3333   2.3333

Histogram of JPEG Coefficients42
  mean                                 1.7479   3.1437   17.518  16.4866  45.7993  39.3684        0        0
  std. dev.                             1.789   2.6932  24.8336  15.3394  26.8956  22.6588   0.5965   0.5965
  weight sum                               43      148       76       61       64       24        0        0
  precision                            3.5789   3.5789   3.5789   3.5789   3.5789   3.5789   3.5789   3.5789

Histogram of JPEG Coefficients43
  mean                                 1.6538   2.9059   8.5996   8.7712  43.1761  23.5634        0        0
  std. dev.                            1.6927   2.7839  12.3747   7.8854  37.7612  20.5166   0.5644   0.5644
  weight sum                               43      148       76       61       64       24        0        0
  precision                            3.3864   3.3864   3.3864   3.3864   3.3864   3.3864   3.3864   3.3864

Histogram of JPEG Coefficients44
  mean                                 1.9987   4.1521   6.9548   7.8901  33.1026  14.3243        0        0
  std. dev.                            2.3352   3.4759   8.5369  12.0088  36.8548   7.6135   0.7162   0.7162
  weight sum                               43      148       76       61       64       24        0        0
  precision                            4.2973   4.2973   4.2973   4.2973   4.2973   4.2973   4.2973   4.2973

Histogram of JPEG Coefficients45
  mean                                  5.173   7.3962   7.4711   9.6921   28.628  23.1707        0        0
  std. dev.                            4.0337   4.7322   9.0385  19.8828  46.2323  12.3575   0.9756   0.9756
  weight sum                               43      148       76       61       64       24        0        0
  precision                            5.8537   5.8537   5.8537   5.8537   5.8537   5.8537   5.8537   5.8537

Histogram of JPEG Coefficients46
  mean                                16.3444  22.5872  13.2723  14.3869  29.4166  24.8836        0        0
  std. dev.                            8.0617  11.8147  14.7056  24.5073  36.9534  17.7673   0.6069   0.6069
  weight sum                               43      148       76       61       64       24        0        0
  precision                            3.6415   3.6415   3.6415   3.6415   3.6415   3.6415   3.6415   3.6415

Histogram of JPEG Coefficients47
  mean                                 16.363  27.5516  22.7412  19.3147  27.6324  31.3831        0        0
  std. dev.                            7.6787   13.193  27.7258  18.0401  30.4342  18.3332   0.3935   0.3935
  weight sum                               43      148       76       61       64       24        0        0
  precision                            2.3611   2.3611   2.3611   2.3611   2.3611   2.3611   2.3611   2.3611

Histogram of JPEG Coefficients48
  mean                                 12.759   19.762  23.7919  22.2317  61.1541  39.9242        0        0
  std. dev.                            8.6005  11.4554  30.7246  18.1444  47.9638  32.1454   0.6439   0.6439
  weight sum                               43      148       76       61       64       24        0        0
  precision                            3.8636   3.8636   3.8636   3.8636   3.8636   3.8636   3.8636   3.8636

Histogram of JPEG Coefficients49
  mean                                 2.6944     4.14  16.6812  18.5916  39.4786  49.7602        0        0
  std. dev.                            3.5493    3.542  18.6886  13.4829  24.2366  34.4251   0.3713   0.3713
  weight sum                               43      148       76       61       64       24        0        0
  precision                            2.2281   2.2281   2.2281   2.2281   2.2281   2.2281   2.2281   2.2281

Histogram of JPEG Coefficients50
  mean                                 3.6303   5.3632   14.935   13.793  27.2025  26.7891        0        0
  std. dev.                            2.6778    3.703  19.4746  12.8294  25.0459  13.3894    0.441    0.441
  weight sum                               43      148       76       61       64       24        0        0
  precision                            2.6458   2.6458   2.6458   2.6458   2.6458   2.6458   2.6458   2.6458

Histogram of JPEG Coefficients51
  mean                                 3.1184   5.4654  10.4155   9.7148  24.4328  24.6919        0        0
  std. dev.                            2.3463   4.0808  13.4368   7.3435   20.666  10.8305   0.3605   0.3605
  weight sum                               43      148       76       61       64       24        0        0
  precision                            2.1628   2.1628   2.1628   2.1628   2.1628   2.1628   2.1628   2.1628

Histogram of JPEG Coefficients52
  mean                                   4.77   7.1915  10.1387  21.6287  16.4572  23.0978        0        0
  std. dev.                            3.2918   4.3924  15.5339  37.6607  24.6936  17.8676   0.9239   0.9239
  weight sum                               43      148       76       61       64       24        0        0
  precision                            5.5435   5.5435   5.5435   5.5435   5.5435   5.5435   5.5435   5.5435

Histogram of JPEG Coefficients53
  mean                                11.8855  16.6029  12.6923  12.0404  27.0769  25.9487        0        0
  std. dev.                            5.9468   8.5148  14.5591  11.2926  38.4698  16.6291   0.5641   0.5641
  weight sum                               43      148       76       61       64       24        0        0
  precision                            3.3846   3.3846   3.3846   3.3846   3.3846   3.3846   3.3846   3.3846

Histogram of JPEG Coefficients54
  mean                                12.1652  18.7095  25.5946  33.1208  29.7574     35.5        0        0
  std. dev.                            6.3805   9.1754  21.6205  39.2399   39.299  24.9717   0.5221   0.5221
  weight sum                               43      148       76       61       64       24        0        0
  precision                            3.1324   3.1324   3.1324   3.1324   3.1324   3.1324   3.1324   3.1324

Histogram of JPEG Coefficients55
  mean                                19.9179  34.9176  38.5932  32.4876  42.2882  44.9098        0        0
  std. dev.                            7.3512  16.6301  35.8202  32.5941   45.923  24.0626   0.4392   0.4392
  weight sum                               43      148       76       61       64       24        0        0
  precision                            2.6353   2.6353   2.6353   2.6353   2.6353   2.6353   2.6353   2.6353

Histogram of JPEG Coefficients56
  mean                                 27.574  43.4021   15.833  15.8126  41.8343  48.3352        0        0
  std. dev.                           17.1861  25.1147  14.6066  11.7652  28.9715  40.2637    0.267    0.267
  weight sum                               43      148       76       61       64       24        0        0
  precision                            1.6023   1.6023   1.6023   1.6023   1.6023   1.6023   1.6023   1.6023

Histogram of JPEG Coefficients57
  mean                                 5.6799   9.0355  14.8591  12.8838  29.9628  51.7894        0        0
  std. dev.                            3.0357   6.0183   18.065  10.6422  25.5152  33.6373    0.403    0.403
  weight sum                               43      148       76       61       64       24        0        0
  precision                            2.4182   2.4182   2.4182   2.4182   2.4182   2.4182   2.4182   2.4182

Histogram of JPEG Coefficients58
  mean                                 7.0565  11.0839  12.6429  20.0006  32.2492  49.2545        0        0
  std. dev.                            3.6605   5.6624  16.5829  19.4227  37.4239  24.4644   0.5268   0.5268
  weight sum                               43      148       76       61       64       24        0        0
  precision                            3.1607   3.1607   3.1607   3.1607   3.1607   3.1607   3.1607   3.1607

Histogram of JPEG Coefficients59
  mean                                 7.9888  12.0177  11.6271  13.4118  22.0703  41.6217        0        0
  std. dev.                             4.117   7.2094  11.0029  12.6055  22.6062   26.468   0.3767   0.3767
  weight sum                               43      148       76       61       64       24        0        0
  precision                              2.26     2.26     2.26     2.26     2.26     2.26     2.26     2.26

Histogram of JPEG Coefficients60
  mean                                 9.6443   15.004  14.0867  18.9489  20.9559  36.2745        0        0
  std. dev.                            4.4095   7.1042  13.0954  23.3146  28.6694  19.0925   0.4902   0.4902
  weight sum                               43      148       76       61       64       24        0        0
  precision                            2.9412   2.9412   2.9412   2.9412   2.9412   2.9412   2.9412   2.9412

Histogram of JPEG Coefficients61
  mean                                 9.9628  14.0709  15.3447  15.6066  23.1678  29.4525        0        0
  std. dev.                            5.1137    8.652  16.3365  15.9889  24.1443  18.8758   0.3967   0.3967
  weight sum                               43      148       76       61       64       24        0        0
  precision                              2.38     2.38     2.38     2.38     2.38     2.38     2.38     2.38

Histogram of JPEG Coefficients62
  mean                                14.7297   24.105  32.0953  31.9225  34.9371  37.3153        0        0
  std. dev.                            6.8428  11.9126  34.0166  34.6283  31.0718  19.1424    0.491    0.491
  weight sum                               43      148       76       61       64       24        0        0
  precision                            2.9459   2.9459   2.9459   2.9459   2.9459   2.9459   2.9459   2.9459

Histogram of JPEG Coefficients63
  mean                                28.1262  49.2278  64.8045  61.0726  40.1853  46.0417        0        0
  std. dev.                           10.8638  21.8089  57.6972  60.9897  38.2546  26.4134   0.4048   0.4048
  weight sum                               43      148       76       61       64       24        0        0
  precision                            2.4286   2.4286   2.4286   2.4286   2.4286   2.4286   2.4286   2.4286

Histogram of JPEG Coefficients64
  mean                               156.7125 141.8037  66.5891  101.342  36.1187  22.5074        0        0
  std. dev.                           79.8293  92.3765  57.7731  78.7176  64.1992  19.5277   0.2515   0.2515
  weight sum                               43      148       76       61       64       24        0        0
  precision                            1.5089   1.5089   1.5089   1.5089   1.5089   1.5089   1.5089   1.5089

Histogram of JPEG Coefficients65
  mean                                 233.99 215.8803  208.282 220.6815 225.5156 225.0476        0        0
  std. dev.                            38.083  40.5151   84.677   72.794  33.1765  32.9029   0.4048   0.4048
  weight sum                               43      148       76       61       64       24        0        0
  precision                            2.4286   2.4286   2.4286   2.4286   2.4286   2.4286   2.4286   2.4286

Histogram of JPEG Coefficients66
  mean                               111.9567  84.6891 113.6088 145.8855 189.7019  217.711        0        0
  std. dev.                           27.0682  32.8958  49.2031  46.3746  41.3696  28.8515   0.2707   0.2707
  weight sum                               43      148       76       61       64       24        0        0
  precision                            1.6242   1.6242   1.6242   1.6242   1.6242   1.6242   1.6242   1.6242

Histogram of JPEG Coefficients67
  mean                                69.6682  66.9298  59.7401  86.5634 111.1414 153.6738        0        0
  std. dev.                           18.0853  25.5519  45.1971  39.9606  43.3086   50.829   0.3455   0.3455
  weight sum                               43      148       76       61       64       24        0        0
  precision                            2.0732   2.0732   2.0732   2.0732   2.0732   2.0732   2.0732   2.0732

Histogram of JPEG Coefficients68
  mean                                72.8571  64.2095  23.4229  44.7494  52.8973   97.244        0        0
  std. dev.                           15.4309  21.5472   21.404  32.4652  25.4293  62.2629   0.4048   0.4048
  weight sum                               43      148       76       61       64       24        0        0
  precision                            2.4286   2.4286   2.4286   2.4286   2.4286   2.4286   2.4286   2.4286

Histogram of JPEG Coefficients69
  mean                                96.6162  95.5194  19.4353  40.7004   28.007  50.0138        0        0
  std. dev.                           24.5471  33.6526  16.1868  31.2386  22.5778  53.0366   0.2682   0.2682
  weight sum                               43      148       76       61       64       24        0        0
  precision                             1.609    1.609    1.609    1.609    1.609    1.609    1.609    1.609

Histogram of JPEG Coefficients70
  mean                                92.3317  91.8876  26.6618  46.2124  36.7415  41.1679        0        0
  std. dev.                           19.9546  33.2305  19.0062  35.3414   32.633  23.6451   0.2326   0.2326
  weight sum                               43      148       76       61       64       24        0        0
  precision                            1.3955   1.3955   1.3955   1.3955   1.3955   1.3955   1.3955   1.3955

Histogram of JPEG Coefficients71
  mean                               175.1205 196.1802  48.9747  71.7707  52.4209  50.3087        0        0
  std. dev.                           50.7766  53.9738  36.1539  53.8819  43.5568  26.9419    0.256    0.256
  weight sum                               43      148       76       61       64       24        0        0
  precision                            1.5361   1.5361   1.5361   1.5361   1.5361   1.5361   1.5361   1.5361

Histogram of JPEG Coefficients72
  mean                               113.6033 141.6159 125.2968  117.024  159.135 161.6152        0        0
  std. dev.                            57.396  71.2288  62.4737  52.5063  45.8129   31.303    0.256    0.256
  weight sum                               43      148       76       61       64       24        0        0
  precision                            1.5361   1.5361   1.5361   1.5361   1.5361   1.5361   1.5361   1.5361

Histogram of JPEG Coefficients73
  mean                                54.9658  34.2333 108.0185 106.3371 225.7646 211.5039        0        0
  std. dev.                           39.0499  31.2812  57.8649  58.2709  38.1661  44.2785   0.2656   0.2656
  weight sum                               43      148       76       61       64       24        0        0
  precision                            1.5938   1.5938   1.5938   1.5938   1.5938   1.5938   1.5938   1.5938

Histogram of JPEG Coefficients74
  mean                                 3.6379   1.6361  56.8421  59.5433 175.3125  154.375        0        0
  std. dev.                            4.3238   2.4198  48.9949  40.2019  54.6217  40.7494   0.3571   0.3571
  weight sum                               43      148       76       61       64       24        0        0
  precision                            2.1429   2.1429   2.1429   2.1429   2.1429   2.1429   2.1429   2.1429

Histogram of JPEG Coefficients75
  mean                                  5.839   5.9111  11.8725  23.2169  67.0601 113.4423        0        0
  std. dev.                            2.7248   3.7467  26.2395  44.9286  42.9288   71.705   0.6538   0.6538
  weight sum                               43      148       76       61       64       24        0        0
  precision                            3.9231   3.9231   3.9231   3.9231   3.9231   3.9231   3.9231   3.9231

Histogram of JPEG Coefficients76
  mean                                15.6904  13.2095   5.8018  12.3668  24.0723  51.3542        0        0
  std. dev.                            6.8699   7.3717  10.5611  33.1378  18.2096  46.2794   0.8854   0.8854
  weight sum                               43      148       76       61       64       24        0        0
  precision                            5.3125   5.3125   5.3125   5.3125   5.3125   5.3125   5.3125   5.3125

Histogram of JPEG Coefficients77
  mean                                28.8188   28.686  13.0679  10.3408   9.3668  24.4189        0        0
  std. dev.                           11.7891  11.7552  29.7881   7.6653   6.6034  28.9058   0.7456   0.7456
  weight sum                               43      148       76       61       64       24        0        0
  precision                            4.4737   4.4737   4.4737   4.4737   4.4737   4.4737   4.4737   4.4737

Histogram of JPEG Coefficients78
  mean                                31.0819  31.6002  22.8112   24.554  26.8993  21.1667        0        0
  std. dev.                           10.0487  11.5832   21.918  20.5726  20.8012  11.1026    0.336    0.336
  weight sum                               43      148       76       61       64       24        0        0
  precision                            2.0159   2.0159   2.0159   2.0159   2.0159   2.0159   2.0159   2.0159

Histogram of JPEG Coefficients79
  mean                                83.3266  98.3928  43.6739  50.0007  44.8995  33.3496        0        0
  std. dev.                           32.1217  35.3575   33.749  29.6508  37.8698  18.8195   0.2971   0.2971
  weight sum                               43      148       76       61       64       24        0        0
  precision                            1.7826   1.7826   1.7826   1.7826   1.7826   1.7826   1.7826   1.7826

Histogram of JPEG Coefficients80
  mean                                36.4799  36.6262  61.8436   54.946 138.5174 140.3788        0        0
  std. dev.                           23.2797  28.2314  39.6704  34.6626  47.2441  31.5695    0.322    0.322
  weight sum                               43      148       76       61       64       24        0        0
  precision                            1.9318   1.9318   1.9318   1.9318   1.9318   1.9318   1.9318   1.9318

Histogram of JPEG Coefficients81
  mean                                  1.957   0.8787  48.0809  45.8164 163.9172  133.025        0        0
  std. dev.                            2.5104   1.8204  41.9104  38.4265  63.7667  39.4953    0.425    0.425
  weight sum                               43      148       76       61       64       24        0        0
  precision                              2.55     2.55     2.55     2.55     2.55     2.55     2.55     2.55

Histogram of JPEG Coefficients82
  mean                                 0.1249   0.1996  22.6547  28.6218 112.3943 106.7703        0        0
  std. dev.                            0.5657   0.8882   40.853   35.431  45.9095  53.3405   0.4477   0.4477
  weight sum                               43      148       76       61       64       24        0        0
  precision                             2.686    2.686    2.686    2.686    2.686    2.686    2.686    2.686

Histogram of JPEG Coefficients83
  mean                                 2.6522   3.3327   3.0761   7.1978  36.7074  60.5851        0        0
  std. dev.                            2.4897     2.99   6.6985   14.932  32.2187  45.8115   0.4752   0.4752
  weight sum                               43      148       76       61       64       24        0        0
  precision                            2.8511   2.8511   2.8511   2.8511   2.8511   2.8511   2.8511   2.8511

Histogram of JPEG Coefficients84
  mean                                 7.6088   8.8427   5.5965   7.8504  15.5224  43.2521        0        0
  std. dev.                            3.8649   4.8152  12.8836  12.2344  12.3251     39.3   0.4957   0.4957
  weight sum                               43      148       76       61       64       24        0        0
  precision                            2.9744   2.9744   2.9744   2.9744   2.9744   2.9744   2.9744   2.9744

Histogram of JPEG Coefficients85
  mean                                12.9481  15.6195   7.7267   9.8764   9.7043  14.4551        0        0
  std. dev.                            5.0688   6.9723   9.4077   8.6789   8.5313  16.2392   0.2821   0.2821
  weight sum                               43      148       76       61       64       24        0        0
  precision                            1.6923   1.6923   1.6923   1.6923   1.6923   1.6923   1.6923   1.6923

Histogram of JPEG Coefficients86
  mean                                21.4032  25.0973  23.1824  21.4226   20.776  17.6907        0        0
  std. dev.                            6.6756  10.4544  26.4885  14.7633  19.3076  10.7232   0.4237   0.4237
  weight sum                               43      148       76       61       64       24        0        0
  precision                            2.5424   2.5424   2.5424   2.5424   2.5424   2.5424   2.5424   2.5424

Histogram of JPEG Coefficients87
  mean                                64.6844  78.3591  46.7481  45.2108  37.1652  34.1071        0        0
  std. dev.                           27.6252  27.4308  45.8983  37.9551  27.0289  17.9915   0.3571   0.3571
  weight sum                               43      148       76       61       64       24        0        0
  precision                            2.1429   2.1429   2.1429   2.1429   2.1429   2.1429   2.1429   2.1429

Histogram of JPEG Coefficients88
  mean                                18.2924  23.8285  31.2765  35.1415  90.1509 107.2356        0        0
  std. dev.                           12.1737  11.6286  26.1938  28.4451   48.456  37.2396   0.3602   0.3602
  weight sum                               43      148       76       61       64       24        0        0
  precision                            2.1609   2.1609   2.1609   2.1609   2.1609   2.1609   2.1609   2.1609

Histogram of JPEG Coefficients89
  mean                                 4.4419   3.2062   8.4034  24.6089  58.8481  89.0339        0        0
  std. dev.                            2.2639   2.6213   14.054  38.2212  40.3149  48.0264   0.4974   0.4974
  weight sum                               43      148       76       61       64       24        0        0
  precision                            2.9844   2.9844   2.9844   2.9844   2.9844   2.9844   2.9844   2.9844

Histogram of JPEG Coefficients90
  mean                                 1.9686   2.2552    2.896   6.4628  30.6483  54.2171        0        0
  std. dev.                            2.0373   2.5407   9.4247  13.1069  25.1968  35.8935   0.4031   0.4031
  weight sum                               43      148       76       61       64       24        0        0
  precision                            2.4186   2.4186   2.4186   2.4186   2.4186   2.4186   2.4186   2.4186

Histogram of JPEG Coefficients91
  mean                                 6.7918   7.4161   5.3629   5.0507   17.601  45.7326        0        0
  std. dev.                            4.8553   4.7755  16.1424   9.4144  19.3225    41.31   0.5349   0.5349
  weight sum                               43      148       76       61       64       24        0        0
  precision                            3.2093   3.2093   3.2093   3.2093   3.2093   3.2093   3.2093   3.2093

Histogram of JPEG Coefficients92
  mean                                12.4392  13.9684   7.4954   7.4095   10.238  30.0872        0        0
  std. dev.                            6.9903   8.4333  12.2097  15.2091  12.7785  29.6833   0.4457   0.4457
  weight sum                               43      148       76       61       64       24        0        0
  precision                            2.6744   2.6744   2.6744   2.6744   2.6744   2.6744   2.6744   2.6744

Histogram of JPEG Coefficients93
  mean                                12.2259   14.375   9.9796  11.8052   7.0592   8.6706        0        0
  std. dev.                            5.4234   7.8927  15.9144  17.5677   5.6199    7.055   0.4563   0.4563
  weight sum                               43      148       76       61       64       24        0        0
  precision                            2.7381   2.7381   2.7381   2.7381   2.7381   2.7381   2.7381   2.7381

Histogram of JPEG Coefficients94
  mean                                18.0657  20.8474  17.1556  21.1948  15.1296  10.8652        0        0
  std. dev.                            6.8998   9.5159  13.2299  17.4818  12.7063   6.4789   0.3039   0.3039
  weight sum                               43      148       76       61       64       24        0        0
  precision                            1.8235   1.8235   1.8235   1.8235   1.8235   1.8235   1.8235   1.8235

Histogram of JPEG Coefficients95
  mean                                 52.219  64.0372  53.9017  49.4672  34.0516  35.0231        0        0
  std. dev.                           20.0877  22.3623   52.866   33.112  25.2436  19.2744   0.3935   0.3935
  weight sum                               43      148       76       61       64       24        0        0
  precision                            2.3611   2.3611   2.3611   2.3611   2.3611   2.3611   2.3611   2.3611

Histogram of JPEG Coefficients96
  mean                                16.4697  21.9229   6.3503  11.8678  38.0328  66.0109        0        0
  std. dev.                            8.1451  10.3221  11.3718  16.4977  22.5253  39.7982   0.4372   0.4372
  weight sum                               43      148       76       61       64       24        0        0
  precision                             2.623    2.623    2.623    2.623    2.623    2.623    2.623    2.623

Histogram of JPEG Coefficients97
  mean                                13.8199   9.6788   3.3746   7.9473  19.3035  50.8245        0        0
  std. dev.                            7.3345   6.4769   8.7698   23.085  12.7832  35.8461   0.5213   0.5213
  weight sum                               43      148       76       61       64       24        0        0
  precision                            3.1277   3.1277   3.1277   3.1277   3.1277   3.1277   3.1277   3.1277

Histogram of JPEG Coefficients98
  mean                                 0.5739   0.8893   6.1694   3.5061  11.8246  35.6452        0        0
  std. dev.                            2.0956   2.5543  30.3155   8.9935  11.8915  26.0844    1.371    1.371
  weight sum                               43      148       76       61       64       24        0        0
  precision                            8.2258   8.2258   8.2258   8.2258   8.2258   8.2258   8.2258   8.2258

Histogram of JPEG Coefficients99
  mean                                 2.4823    3.016   2.6174   6.6017   7.4294  25.4722        0        0
  std. dev.                            3.0276    3.006   4.3425  17.6152   7.9986  26.1374   0.8086   0.8086
  weight sum                               43      148       76       61       64       24        0        0
  precision                            4.8519   4.8519   4.8519   4.8519   4.8519   4.8519   4.8519   4.8519

Histogram of JPEG Coefficients100
  mean                                 6.3837   7.9814   7.0461   7.1557   8.6133    9.375        0        0
  std. dev.                            2.9885   4.4873  11.8067   8.7712   9.5836   7.5374    0.375    0.375
  weight sum                               43      148       76       61       64       24        0        0
  precision                              2.25     2.25     2.25     2.25     2.25     2.25     2.25     2.25

Histogram of JPEG Coefficients101
  mean                                 8.5223   9.7215  11.0028  10.8055   7.4168   8.4032        0        0
  std. dev.                            4.5736   5.6341  11.6148  13.6776   6.4413   5.4496   0.4099   0.4099
  weight sum                               43      148       76       61       64       24        0        0
  precision                            2.4595   2.4595   2.4595   2.4595   2.4595   2.4595   2.4595   2.4595

Histogram of JPEG Coefficients102
  mean                                16.9046  21.5669  24.3353   21.286   17.861  11.2356        0        0
  std. dev.                            6.3476  10.2672   29.268  16.2449  16.9703   7.7394   0.4885   0.4885
  weight sum                               43      148       76       61       64       24        0        0
  precision                             2.931    2.931    2.931    2.931    2.931    2.931    2.931    2.931

Histogram of JPEG Coefficients103
  mean                                53.3721  72.6132  50.1476  42.1799  39.0541  30.5349        0        0
  std. dev.                           21.5951  28.5695  48.2683  28.0653  23.5123  13.7435   0.3829   0.3829
  weight sum                               43      148       76       61       64       24        0        0
  precision                            2.2973   2.2973   2.2973   2.2973   2.2973   2.2973   2.2973   2.2973

Histogram of JPEG Coefficients104
  mean                                36.7768  42.7296   5.7622  10.2901  21.5922  55.3491        0        0
  std. dev.                           21.1902  17.3379  15.1363  15.9619  16.6839  39.5784   0.2703   0.2703
  weight sum                               43      148       76       61       64       24        0        0
  precision                             1.622    1.622    1.622    1.622    1.622    1.622    1.622    1.622

Histogram of JPEG Coefficients105
  mean                                11.2873   9.6912    3.322   4.3529   8.9779  32.7377        0        0
  std. dev.                            4.8838   5.3152   4.9741   8.5982   9.7676  27.5339   0.3627   0.3627
  weight sum                               43      148       76       61       64       24        0        0
  precision                            2.1765   2.1765   2.1765   2.1765   2.1765   2.1765   2.1765   2.1765

Histogram of JPEG Coefficients106
  mean                                 3.5654   4.4888   3.4655   6.2832   6.6336   18.181        0        0
  std. dev.                            2.1721   3.4276   4.6411  10.2954    6.679   13.454   0.3276   0.3276
  weight sum                               43      148       76       61       64       24        0        0
  precision                            1.9655   1.9655   1.9655   1.9655   1.9655   1.9655   1.9655   1.9655

Histogram of JPEG Coefficients107
  mean                                 6.1181   7.4509   4.4135   5.5347   3.6995   9.0433        0        0
  std. dev.                            5.5654     5.68   4.8043   7.8455   4.7445   7.1967   0.3654   0.3654
  weight sum                               43      148       76       61       64       24        0        0
  precision                            2.1923   2.1923   2.1923   2.1923   2.1923   2.1923   2.1923   2.1923

Histogram of JPEG Coefficients108
  mean                                 4.2006   5.2407   9.5415   7.9688   6.4746   6.5299        0        0
  std. dev.                            2.2358   3.6398  13.8169   8.4956   5.6519   4.8484   0.4427   0.4427
  weight sum                               43      148       76       61       64       24        0        0
  precision                            2.6563   2.6563   2.6563   2.6563   2.6563   2.6563   2.6563   2.6563

Histogram of JPEG Coefficients109
  mean                                  9.845  12.5243   16.631  14.3259  10.1581   7.1815        0        0
  std. dev.                            5.4986   8.3849  18.2256  13.3769   7.4906   4.6855    0.504    0.504
  weight sum                               43      148       76       61       64       24        0        0
  precision                            3.0238   3.0238   3.0238   3.0238   3.0238   3.0238   3.0238   3.0238

Histogram of JPEG Coefficients110
  mean                                14.2783  16.2082  28.8467  25.2516  20.1203   15.734        0        0
  std. dev.                            5.8908   9.0069  26.2133  19.0855  14.8621   8.8023   0.4528   0.4528
  weight sum                               43      148       76       61       64       24        0        0
  precision                            2.7167   2.7167   2.7167   2.7167   2.7167   2.7167   2.7167   2.7167

Histogram of JPEG Coefficients111
  mean                                39.0557  49.9836  60.2592  52.7819  37.2277  34.9874        0        0
  std. dev.                           16.7291  20.2258   52.913  41.5973  26.4992  19.5588   0.4293   0.4293
  weight sum                               43      148       76       61       64       24        0        0
  precision                            2.5758   2.5758   2.5758   2.5758   2.5758   2.5758   2.5758   2.5758

Histogram of JPEG Coefficients112
  mean                                38.7232   45.519   7.2766  12.5275    26.08  46.8393        0        0
  std. dev.                           32.1469  27.2414  11.7666  13.8246  21.2763  33.8424   0.3352   0.3352
  weight sum                               43      148       76       61       64       24        0        0
  precision                             2.011    2.011    2.011    2.011    2.011    2.011    2.011    2.011

Histogram of JPEG Coefficients113
  mean                                12.0349  11.3682   8.4211   8.0328  12.8125  23.5417        0        0
  std. dev.                            5.2897   6.4615   12.753   8.0992  12.0829  15.4602   0.4167   0.4167
  weight sum                               43      148       76       61       64       24        0        0
  precision                               2.5      2.5      2.5      2.5      2.5      2.5      2.5      2.5

Histogram of JPEG Coefficients114
  mean                                 6.1634     7.65  11.2051  10.4145  15.9856   14.859        0        0
  std. dev.                            3.3603   5.2792  11.6372   9.6304  14.2918  10.8473   0.3248   0.3248
  weight sum                               43      148       76       61       64       24        0        0
  precision                            1.9487   1.9487   1.9487   1.9487   1.9487   1.9487   1.9487   1.9487

Histogram of JPEG Coefficients115
  mean                                 7.4051   9.2123  15.2355  14.4262   9.3174   8.5636        0        0
  std. dev.                            4.2481   5.7604  20.9921  16.0745   8.1148   4.9068   0.4825   0.4825
  weight sum                               43      148       76       61       64       24        0        0
  precision                            2.8947   2.8947   2.8947   2.8947   2.8947   2.8947   2.8947   2.8947

Histogram of JPEG Coefficients116
  mean                                 8.7321   9.1594  16.0566  17.6515  14.4946  12.9991        0        0
  std. dev.                            5.5195   6.9804  17.7219   18.727  13.9417  10.7662   0.4601   0.4601
  weight sum                               43      148       76       61       64       24        0        0
  precision                            2.7609   2.7609   2.7609   2.7609   2.7609   2.7609   2.7609   2.7609

Histogram of JPEG Coefficients117
  mean                                10.8744  12.5432  27.1526  23.8689  18.2875  17.0333        0        0
  std. dev.                            6.3681   7.4967  24.5742  20.8771  15.1107   7.8748   0.4667   0.4667
  weight sum                               43      148       76       61       64       24        0        0
  precision                               2.8      2.8      2.8      2.8      2.8      2.8      2.8      2.8

Histogram of JPEG Coefficients118
  mean                                17.3671   18.645  48.8111  43.0972  32.5391   36.808        0        0
  std. dev.                            9.0084  10.3128  38.3636  25.2544  28.4951  20.5577    0.506    0.506
  weight sum                               43      148       76       61       64       24        0        0
  precision                            3.0357   3.0357   3.0357   3.0357   3.0357   3.0357   3.0357   3.0357

Histogram of JPEG Coefficients119
  mean                                35.6882  45.0146  70.8837  69.1825  54.3095  53.4122        0        0
  std. dev.                            15.055  19.4398  49.4989  49.3051  40.9674  23.9959   0.3829   0.3829
  weight sum                               43      148       76       61       64       24        0        0
  precision                            2.2973   2.2973   2.2973   2.2973   2.2973   2.2973   2.2973   2.2973

Histogram of JPEG Coefficients120
  mean                                64.5624  75.2953  13.2175  24.8903  30.4226  37.2785        0        0
  std. dev.                           46.3352  34.9331  13.2093  23.4454  25.5234  17.1805   0.2953   0.2953
  weight sum                               43      148       76       61       64       24        0        0
  precision                            1.7717   1.7717   1.7717   1.7717   1.7717   1.7717   1.7717   1.7717

Histogram of JPEG Coefficients121
  mean                                15.9865  20.3666  18.9359  21.8694   22.583  23.3364        0        0
  std. dev.                            7.5577  11.3154  14.1767  16.0025  17.7818   9.8089   0.2061   0.2061
  weight sum                               43      148       76       61       64       24        0        0
  precision                            1.2364   1.2364   1.2364   1.2364   1.2364   1.2364   1.2364   1.2364

Histogram of JPEG Coefficients122
  mean                                14.6114  17.2934  24.9531  23.9487  19.4534  18.4697        0        0
  std. dev.                             7.867   8.9334  27.2591  15.2772  14.0874  14.0739   0.6424   0.6424
  weight sum                               43      148       76       61       64       24        0        0
  precision                            3.8545   3.8545   3.8545   3.8545   3.8545   3.8545   3.8545   3.8545

Histogram of JPEG Coefficients123
  mean                                15.2602  17.3711  26.9206  28.7411  21.1369  18.6481        0        0
  std. dev.                            8.5977  10.7916  22.6395  30.0462  14.8535  10.9894   0.5608   0.5608
  weight sum                               43      148       76       61       64       24        0        0
  precision                            3.3651   3.3651   3.3651   3.3651   3.3651   3.3651   3.3651   3.3651

Histogram of JPEG Coefficients124
  mean                                 17.087  22.5358   33.234  31.3842   24.801  22.5127        0        0
  std. dev.                            7.9173  12.6964  25.6872  26.1566  20.6956  10.2894   0.3116   0.3116
  weight sum                               43      148       76       61       64       24        0        0
  precision                            1.8696   1.8696   1.8696   1.8696   1.8696   1.8696   1.8696   1.8696

Histogram of JPEG Coefficients125
  mean                                17.0695  20.2799  42.6209  39.5436  29.9905   29.147        0        0
  std. dev.                            7.5772  11.4256  42.6344   29.097  20.1823  12.0189   0.5743   0.5743
  weight sum                               43      148       76       61       64       24        0        0
  precision                            3.4459   3.4459   3.4459   3.4459   3.4459   3.4459   3.4459   3.4459

Histogram of JPEG Coefficients126
  mean                                21.1375  23.2175  70.6931  65.1469  46.4712  38.5025        0        0
  std. dev.                            9.6336  12.8291  47.9493  51.9211   34.133  15.6699   0.4208   0.4208
  weight sum                               43      148       76       61       64       24        0        0
  precision                            2.5248   2.5248   2.5248   2.5248   2.5248   2.5248   2.5248   2.5248

Histogram of JPEG Coefficients127
  mean                                 46.238  56.1326  95.5619  91.4015  76.7217  60.7942        0        0
  std. dev.                           18.9225  27.0842  56.8166   58.427  56.2878  25.8389   0.3195   0.3195
  weight sum                               43      148       76       61       64       24        0        0
  precision                            1.9173   1.9173   1.9173   1.9173   1.9173   1.9173   1.9173   1.9173

Histogram of JPEG Coefficients128
  mean                               153.8349 122.7958  51.0574  80.2788  40.9447  26.3528        0        0
  std. dev.                           85.8464  88.1171  44.7063  62.6556  60.2458  24.5009   0.2796   0.2796
  weight sum                               43      148       76       61       64       24        0        0
  precision                            1.6776   1.6776   1.6776   1.6776   1.6776   1.6776   1.6776   1.6776

Histogram of JPEG Coefficients129
  mean                               241.8294 238.3713 203.2665  226.564 223.2177 212.0058        0        0
  std. dev.                           29.9073  29.6805  87.8719  66.3876  35.9939  43.4519   0.4942   0.4942
  weight sum                               43      148       76       61       64       24        0        0
  precision                            2.9651   2.9651   2.9651   2.9651   2.9651   2.9651   2.9651   2.9651

Histogram of JPEG Coefficients130
  mean                               117.7368  92.6833 143.7035 170.0935 175.2153 211.1395        0        0
  std. dev.                           30.2179    36.46  60.7342  45.4048  36.1706  29.4196   0.2591   0.2591
  weight sum                               43      148       76       61       64       24        0        0
  precision                            1.5549   1.5549   1.5549   1.5549   1.5549   1.5549   1.5549   1.5549

Histogram of JPEG Coefficients131
  mean                                73.6167   67.998  81.9436 100.2198 102.6664 178.8847        0        0
  std. dev.                           17.3441  24.7781  49.6154  43.6878   33.926  62.0139   0.3664   0.3664
  weight sum                               43      148       76       61       64       24        0        0
  precision                            2.1983   2.1983   2.1983   2.1983   2.1983   2.1983   2.1983   2.1983

Histogram of JPEG Coefficients132
  mean                                73.1381  64.2563  21.6388  40.3065  54.1203  97.4545        0        0
  std. dev.                            16.198  20.4845  18.7953  25.9247  33.4889  56.1982   0.3384   0.3384
  weight sum                               43      148       76       61       64       24        0        0
  precision                            2.0303   2.0303   2.0303   2.0303   2.0303   2.0303   2.0303   2.0303

Histogram of JPEG Coefficients133
  mean                                 96.718  96.8816  13.3825  30.2085  36.9078  55.5112        0        0
  std. dev.                           21.1979  31.4264  10.9453  27.1373  31.0717  42.3577   0.2127   0.2127
  weight sum                               43      148       76       61       64       24        0        0
  precision                            1.2761   1.2761   1.2761   1.2761   1.2761   1.2761   1.2761   1.2761

Histogram of JPEG Coefficients134
  mean                                88.6421  86.4224  15.3623  30.3542    46.22  44.1822        0        0
  std. dev.                           17.8932  30.2788  12.3556  25.3169  38.3267  32.0252   0.2077   0.2077
  weight sum                               43      148       76       61       64       24        0        0
  precision                             1.246    1.246    1.246    1.246    1.246    1.246    1.246    1.246

Histogram of JPEG Coefficients135
  mean                               161.6562 165.2912  23.3015  40.2097  61.9669  67.7417        0        0
  std. dev.                           43.6017  52.8266  17.7654  34.2345  56.6962  44.0209   0.2348   0.2348
  weight sum                               43      148       76       61       64       24        0        0
  precision                            1.4088   1.4088   1.4088   1.4088   1.4088   1.4088   1.4088   1.4088

Histogram of JPEG Coefficients136
  mean                                118.677 158.3664 133.5558 129.3608 145.6726 146.5473        0        0
  std. dev.                           57.4887  68.5464  66.1651  38.6729  39.3336  30.0908   0.2591   0.2591
  weight sum                               43      148       76       61       64       24        0        0
  precision                            1.5549   1.5549   1.5549   1.5549   1.5549   1.5549   1.5549   1.5549

Histogram of JPEG Coefficients137
  mean                                60.7269  54.6635 155.6167  144.303 224.4605 195.7018        0        0
  std. dev.                           37.4938  37.5262  67.9415  51.3078  39.3326  56.4432   0.2374   0.2374
  weight sum                               43      148       76       61       64       24        0        0
  precision                            1.4246   1.4246   1.4246   1.4246   1.4246   1.4246   1.4246   1.4246

Histogram of JPEG Coefficients138
  mean                                 4.7065    3.528  82.7365  81.5496 157.1931 161.2302        0        0
  std. dev.                            5.3048   6.1174  55.3844  50.6176  53.2093  57.6894   0.3373   0.3373
  weight sum                               43      148       76       61       64       24        0        0
  precision                            2.0238   2.0238   2.0238   2.0238   2.0238   2.0238   2.0238   2.0238

Histogram of JPEG Coefficients139
  mean                                 5.7327   5.4759   22.127  21.7555  56.1395 122.8315        0        0
  std. dev.                             3.533   3.4313  35.8851  27.0872  32.1546  78.9217   0.5628   0.5628
  weight sum                               43      148       76       61       64       24        0        0
  precision                            3.3768   3.3768   3.3768   3.3768   3.3768   3.3768   3.3768   3.3768

Histogram of JPEG Coefficients140
  mean                                16.1941  14.4796   6.7105   7.2352  29.3465   43.726        0        0
  std. dev.                            6.9781    7.059  29.2163  10.6037  15.4707  35.7263   0.8173   0.8173
  weight sum                               43      148       76       61       64       24        0        0
  precision                            4.9038   4.9038   4.9038   4.9038   4.9038   4.9038   4.9038   4.9038

Histogram of JPEG Coefficients141
  mean                                29.7755  29.2845    6.201   8.2617  15.7915  24.6307        0        0
  std. dev.                           11.4132  11.8356  12.6976  19.9389  15.2602  12.4707    0.454    0.454
  weight sum                               43      148       76       61       64       24        0        0
  precision                            2.7241   2.7241   2.7241   2.7241   2.7241   2.7241   2.7241   2.7241

Histogram of JPEG Coefficients142
  mean                                 34.186  35.0411  10.2517  16.8888  32.7412  32.0833        0        0
  std. dev.                           10.9309  13.2461  10.1614  16.2704   26.921  15.2042   0.2536   0.2536
  weight sum                               43      148       76       61       64       24        0        0
  precision                            1.5217   1.5217   1.5217   1.5217   1.5217   1.5217   1.5217   1.5217

Histogram of JPEG Coefficients143
  mean                                78.7606  86.8382  18.1601  30.0356  55.1178  55.8304        0        0
  std. dev.                           31.0261  30.8536  14.1051  21.1046  44.7399  27.2683   0.2235   0.2235
  weight sum                               43      148       76       61       64       24        0        0
  precision                            1.3413   1.3413   1.3413   1.3413   1.3413   1.3413   1.3413   1.3413

Histogram of JPEG Coefficients144
  mean                                33.7634  50.7208  77.3915  71.0045 118.4552 134.4799        0        0
  std. dev.                           21.2586  34.4182  34.1789   34.395  32.5121  37.9036   0.3102   0.3102
  weight sum                               43      148       76       61       64       24        0        0
  precision                            1.8613   1.8613   1.8613   1.8613   1.8613   1.8613   1.8613   1.8613

Histogram of JPEG Coefficients145
  mean                                 1.7166   1.9346  67.3702  58.1579 148.9597 145.1151        0        0
  std. dev.                            1.9198   3.5046  45.2475  35.9929  45.7182  50.9437   0.3728   0.3728
  weight sum                               43      148       76       61       64       24        0        0
  precision                            2.2368   2.2368   2.2368   2.2368   2.2368   2.2368   2.2368   2.2368

Histogram of JPEG Coefficients146
  mean                                 0.3286     0.42  35.0595  29.6454  83.9286 128.2108        0        0
  std. dev.                            0.9058   1.2008  47.8732  38.7682  31.0761  69.6427   0.4709   0.4709
  weight sum                               43      148       76       61       64       24        0        0
  precision                            2.8256   2.8256   2.8256   2.8256   2.8256   2.8256   2.8256   2.8256

Histogram of JPEG Coefficients147
  mean                                  2.861   3.5808   7.2221   6.7485  36.0053  60.1321        0        0
  std. dev.                            2.5285   2.9427  25.2192  17.5055  27.5982  44.0811   0.7886   0.7886
  weight sum                               43      148       76       61       64       24        0        0
  precision                            4.7317   4.7317   4.7317   4.7317   4.7317   4.7317   4.7317   4.7317

Histogram of JPEG Coefficients148
  mean                                 8.2722   8.3108   3.4118   5.9402   18.076  44.0473        0        0
  std. dev.                            3.7509   4.8652   6.1481  10.1283  14.5839   39.987   0.5541   0.5541
  weight sum                               43      148       76       61       64       24        0        0
  precision                            3.3243   3.3243   3.3243   3.3243   3.3243   3.3243   3.3243   3.3243

Histogram of JPEG Coefficients149
  mean                                14.3639  14.9642   4.1022   6.1716  10.9145  11.3971        0        0
  std. dev.                            5.3901   7.0625   5.6116   7.7808   10.385   6.5526   0.2451   0.2451
  weight sum                               43      148       76       61       64       24        0        0
  precision                            1.4706   1.4706   1.4706   1.4706   1.4706   1.4706   1.4706   1.4706

Histogram of JPEG Coefficients150
  mean                                19.7853  21.1564   11.336  13.1526  24.1677  27.2035        0        0
  std. dev.                            6.0866  10.0103  13.1066  10.9074  22.5436   13.005   0.2244   0.2244
  weight sum                               43      148       76       61       64       24        0        0
  precision                            1.3462   1.3462   1.3462   1.3462   1.3462   1.3462   1.3462   1.3462

Histogram of JPEG Coefficients151
  mean                                58.3333  66.0942  20.5044  25.4554  42.1441  53.5301        0        0
  std. dev.                           24.0861   24.099  17.5825  17.2351  36.7959   29.128   0.2315   0.2315
  weight sum                               43      148       76       61       64       24        0        0
  precision                            1.3889   1.3889   1.3889   1.3889   1.3889   1.3889   1.3889   1.3889

Histogram of JPEG Coefficients152
  mean                                 19.255  26.0998  36.7008   36.952  85.8854 122.2531        0        0
  std. dev.                           11.8029  12.3198  30.6314  17.2045  47.1286   56.897   0.5247   0.5247
  weight sum                               43      148       76       61       64       24        0        0
  precision                            3.1481   3.1481   3.1481   3.1481   3.1481   3.1481   3.1481   3.1481

Histogram of JPEG Coefficients153
  mean                                  4.852   4.1247  16.4713  17.7347  54.9964  99.8106        0        0
  std. dev.                            2.5126   2.7195  35.6671  24.0865  27.9675  61.9455   0.6439   0.6439
  weight sum                               43      148       76       61       64       24        0        0
  precision                            3.8636   3.8636   3.8636   3.8636   3.8636   3.8636   3.8636   3.8636

Histogram of JPEG Coefficients154
  mean                                 2.6956   2.3887   7.4731   8.1706  28.4339  49.7443        0        0
  std. dev.                            2.8907   3.0821  24.7102    32.74  21.6536  33.4147   0.9659   0.9659
  weight sum                               43      148       76       61       64       24        0        0
  precision                            5.7955   5.7955   5.7955   5.7955   5.7955   5.7955   5.7955   5.7955

Histogram of JPEG Coefficients155
  mean                                 8.7784   7.8898   4.1776   4.7423  19.5681   31.456        0        0
  std. dev.                            4.8937   5.0287   9.2581   16.209   21.995  22.4718    0.588    0.588
  weight sum                               43      148       76       61       64       24        0        0
  precision                            3.5278   3.5278   3.5278   3.5278   3.5278   3.5278   3.5278   3.5278

Histogram of JPEG Coefficients156
  mean                                13.1986  12.6881   4.0263   3.3014  12.8726  19.6154        0        0
  std. dev.                            6.4793   8.0575   11.966   4.6618  12.8901  13.8599   0.4359   0.4359
  weight sum                               43      148       76       61       64       24        0        0
  precision                            2.6154   2.6154   2.6154   2.6154   2.6154   2.6154   2.6154   2.6154

Histogram of JPEG Coefficients157
  mean                                11.8031  11.9041   3.8333   5.3038   8.8646   7.0278        0        0
  std. dev.                            4.7868   6.9112   4.1061   4.5922   8.1699    3.483   0.2556   0.2556
  weight sum                               43      148       76       61       64       24        0        0
  precision                            1.5333   1.5333   1.5333   1.5333   1.5333   1.5333   1.5333   1.5333

Histogram of JPEG Coefficients158
  mean                                17.6289  18.3226  10.0686  11.5253  19.4293  25.7065        0        0
  std. dev.                            6.7247   9.0272  15.0757   8.3121  15.8649  12.6206   0.3986   0.3986
  weight sum                               43      148       76       61       64       24        0        0
  precision                            2.3913   2.3913   2.3913   2.3913   2.3913   2.3913   2.3913   2.3913

Histogram of JPEG Coefficients159
  mean                                47.4086  56.0347  21.2665  24.4777  45.2513  48.8526        0        0
  std. dev.                           20.5289  21.4182  20.5558  16.4796  35.4908  24.2747   0.2386   0.2386
  weight sum                               43      148       76       61       64       24        0        0
  precision                            1.4316   1.4316   1.4316   1.4316   1.4316   1.4316   1.4316   1.4316

Histogram of JPEG Coefficients160
  mean                                16.2676   23.858  10.4142  12.7923  32.3975  61.1954        0        0
  std. dev.                             9.074  11.3029  21.5415  16.0561  24.1477  40.2371   0.4645   0.4645
  weight sum                               43      148       76       61       64       24        0        0
  precision                            2.7869   2.7869   2.7869   2.7869   2.7869   2.7869   2.7869   2.7869

Histogram of JPEG Coefficients161
  mean                                12.7431  10.3944   3.0845   2.5459  17.9935  43.2209        0        0
  std. dev.                            6.8614   7.7925   7.5891   3.8067  15.0742    37.48   0.4884   0.4884
  weight sum                               43      148       76       61       64       24        0        0
  precision                            2.9302   2.9302   2.9302   2.9302   2.9302   2.9302   2.9302   2.9302

Histogram of JPEG Coefficients162
  mean                                 3.0383    2.609   2.8268   1.9038  14.9244  39.0726        0        0
  std. dev.                            2.3389   2.3562   6.9373   2.6224   11.668  35.5174   0.4839   0.4839
  weight sum                               43      148       76       61       64       24        0        0
  precision                            2.9032   2.9032   2.9032   2.9032   2.9032   2.9032   2.9032   2.9032

Histogram of JPEG Coefficients163
  mean                                 0.9884   1.1486   2.2368   5.5738   7.8027  20.3646        0        0
  std. dev.                            3.0862   3.2992   7.5752  32.3994   9.6217   19.134   1.7708   1.7708
  weight sum                               43      148       76       61       64       24        0        0
  precision                            10.625   10.625   10.625   10.625   10.625   10.625   10.625   10.625

Histogram of JPEG Coefficients164
  mean                                 6.7209   6.4037   2.9079   3.7275  10.4922   15.849        0        0
  std. dev.                            2.7471   3.9907   6.8237    4.244  13.7658  12.8086   0.3542   0.3542
  weight sum                               43      148       76       61       64       24        0        0
  precision                             2.125    2.125    2.125    2.125    2.125    2.125    2.125    2.125

Histogram of JPEG Coefficients165
  mean                                 8.2158   8.5853   7.3047   6.1808   8.9063  13.3594        0        0
  std. dev.                            4.1905   4.8578  16.6582    7.238   7.6772   9.2699   0.4948   0.4948
  weight sum                               43      148       76       61       64       24        0        0
  precision                            2.9688   2.9688   2.9688   2.9688   2.9688   2.9688   2.9688   2.9688

Histogram of JPEG Coefficients166
  mean                                16.7561  19.6786   10.794  12.3809  20.2101  26.2234        0        0
  std. dev.                            6.3199    8.904  23.2409  11.8108  18.9229  12.6841   0.7234   0.7234
  weight sum                               43      148       76       61       64       24        0        0
  precision                            4.3404   4.3404   4.3404   4.3404   4.3404   4.3404   4.3404   4.3404

Histogram of JPEG Coefficients167
  mean                                48.0853  62.6182  22.5015  26.2289  39.6435  54.9272        0        0
  std. dev.                           19.7435  26.2313  16.5596  23.6326   30.776  31.3772    0.301    0.301
  weight sum                               43      148       76       61       64       24        0        0
  precision                            1.8058   1.8058   1.8058   1.8058   1.8058   1.8058   1.8058   1.8058

Histogram of JPEG Coefficients168
  mean                                38.8537   46.281   3.1463   7.5306  20.8937   35.003        0        0
  std. dev.                           23.1719  20.5255   5.0656  10.0676  16.6453   36.138   0.2622   0.2622
  weight sum                               43      148       76       61       64       24        0        0
  precision                            1.5732   1.5732   1.5732   1.5732   1.5732   1.5732   1.5732   1.5732

Histogram of JPEG Coefficients169
  mean                                11.8605   9.9358   4.8651   3.2049  13.4805  20.3646        0        0
  std. dev.                            5.9088   5.7733  18.7003   6.2356  11.8685  21.7048   0.7083   0.7083
  weight sum                               43      148       76       61       64       24        0        0
  precision                              4.25     4.25     4.25     4.25     4.25     4.25     4.25     4.25

Histogram of JPEG Coefficients170
  mean                                 3.2844    3.711   4.4393    3.087   9.5625  13.0769        0        0
  std. dev.                            4.2245   4.5097  23.5156   4.7713   8.8235  12.9455   1.3077   1.3077
  weight sum                               43      148       76       61       64       24        0        0
  precision                            7.8462   7.8462   7.8462   7.8462   7.8462   7.8462   7.8462   7.8462

Histogram of JPEG Coefficients171
  mean                                 6.5233   5.8007   2.8799   3.4836   6.6406  12.3958        0        0
  std. dev.                            4.3088   3.7997   5.3814   5.2903   6.5227  12.8626   0.3542   0.3542
  weight sum                               43      148       76       61       64       24        0        0
  precision                             2.125    2.125    2.125    2.125    2.125    2.125    2.125    2.125

Histogram of JPEG Coefficients172
  mean                                 4.1023   4.3703   4.3326   4.8197   8.3738    11.48        0        0
  std. dev.                            2.6452   3.0739   6.8798   5.6868   7.0185   5.6488     0.28     0.28
  weight sum                               43      148       76       61       64       24        0        0
  precision                              1.68     1.68     1.68     1.68     1.68     1.68     1.68     1.68

Histogram of JPEG Coefficients173
  mean                                 9.8536  10.4291   6.5232   8.5053  13.5786  11.9498        0        0
  std. dev.                            4.3506   6.2894   7.4501   6.8234  11.6965   6.7402   0.2402   0.2402
  weight sum                               43      148       76       61       64       24        0        0
  precision                            1.4412   1.4412   1.4412   1.4412   1.4412   1.4412   1.4412   1.4412

Histogram of JPEG Coefficients174
  mean                                14.5291  15.8514  12.4331   14.724  24.1497  31.6389        0        0
  std. dev.                            6.9944   8.0162  10.0031  10.5712  22.1027  16.0677   0.2361   0.2361
  weight sum                               43      148       76       61       64       24        0        0
  precision                            1.4167   1.4167   1.4167   1.4167   1.4167   1.4167   1.4167   1.4167

Histogram of JPEG Coefficients175
  mean                                39.8253  46.2693    24.75  34.8416  44.7277  60.8218        0        0
  std. dev.                           16.9963  20.6054  17.6535  29.9144  39.2424  19.5273   0.3511   0.3511
  weight sum                               43      148       76       61       64       24        0        0
  precision                            2.1064   2.1064   2.1064   2.1064   2.1064   2.1064   2.1064   2.1064

Histogram of JPEG Coefficients176
  mean                                35.1952  39.5669   6.1383   9.7735  29.2311  41.1822        0        0
  std. dev.                           27.2033  20.8402  16.3016  13.0766  25.7675  31.1649   0.2636   0.2636
  weight sum                               43      148       76       61       64       24        0        0
  precision                            1.5814   1.5814   1.5814   1.5814   1.5814   1.5814   1.5814   1.5814

Histogram of JPEG Coefficients177
  mean                                12.7096  11.6912   3.6344   5.9513  18.6199  26.2241        0        0
  std. dev.                            5.0221   5.6511   3.8944   5.4237  21.3292  21.9367   0.3288   0.3288
  weight sum                               43      148       76       61       64       24        0        0
  precision                             1.973    1.973    1.973    1.973    1.973    1.973    1.973    1.973

Histogram of JPEG Coefficients178
  mean                                 7.4306   7.4772  10.2541    5.749  13.8815  18.1839        0        0
  std. dev.                            4.1009   4.7833  28.3592   5.4473  14.9947  11.3974   1.2989   1.2989
  weight sum                               43      148       76       61       64       24        0        0
  precision                            7.7931   7.7931   7.7931   7.7931   7.7931   7.7931   7.7931   7.7931

Histogram of JPEG Coefficients179
  mean                                 8.5896    9.248   4.4373   7.7763  13.4531  20.4338        0        0
  std. dev.                             5.193   6.0115   4.5307   6.2202  12.3802    10.13   0.2059   0.2059
  weight sum                               43      148       76       61       64       24        0        0
  precision                            1.2353   1.2353   1.2353   1.2353   1.2353   1.2353   1.2353   1.2353

Histogram of JPEG Coefficients180
  mean                                 8.9756   8.7691   7.2061  10.8941  19.0681  25.3109        0        0
  std. dev.                            4.3584   4.9539   7.7693  11.6579  18.1198  12.1981   0.2265   0.2265
  weight sum                               43      148       76       61       64       24        0        0
  precision                             1.359    1.359    1.359    1.359    1.359    1.359    1.359    1.359

Histogram of JPEG Coefficients181
  mean                                11.0186  12.1423  11.8632  13.2721  23.7906  30.4111        0        0
  std. dev.                            6.0458   6.3334  11.4457   8.6198   19.972  13.4743   0.2556   0.2556
  weight sum                               43      148       76       61       64       24        0        0
  precision                            1.5333   1.5333   1.5333   1.5333   1.5333   1.5333   1.5333   1.5333

Histogram of JPEG Coefficients182
  mean                                18.1474    18.02  21.0845  27.5327  42.2482   58.338        0        0
  std. dev.                            8.8049  10.3987   20.432  21.4865  37.6457  31.4115   0.2676   0.2676
  weight sum                               43      148       76       61       64       24        0        0
  precision                            1.6056   1.6056   1.6056   1.6056   1.6056   1.6056   1.6056   1.6056

Histogram of JPEG Coefficients183
  mean                                39.1969  43.9294  32.7316  37.7991  64.0371  87.3449        0        0
  std. dev.                           19.2527  20.6747  25.0849  27.8807  52.5868  40.8315   0.2706   0.2706
  weight sum                               43      148       76       61       64       24        0        0
  precision                            1.6238   1.6238   1.6238   1.6238   1.6238   1.6238   1.6238   1.6238

Histogram of JPEG Coefficients184
  mean                                61.1372  62.4485   7.4064  12.5547  33.0248    48.03        0        0
  std. dev.                            40.581  28.7608   9.7246   12.731  30.3994  22.4351   0.2643   0.2643
  weight sum                               43      148       76       61       64       24        0        0
  precision                            1.5856   1.5856   1.5856   1.5856   1.5856   1.5856   1.5856   1.5856

Histogram of JPEG Coefficients185
  mean                                15.2133   17.826  10.0894  12.2168  29.6533  34.4458        0        0
  std. dev.                            8.1855   8.2409  15.9437   9.9672  27.4865  19.0297   0.3994   0.3994
  weight sum                               43      148       76       61       64       24        0        0
  precision                            2.3962   2.3962   2.3962   2.3962   2.3962   2.3962   2.3962   2.3962

Histogram of JPEG Coefficients186
  mean                                15.3804  16.9193  11.9496  15.7915  24.4864  31.0511        0        0
  std. dev.                            8.6972   8.9538  13.8664  17.0788  21.5846  11.9707   0.3994   0.3994
  weight sum                               43      148       76       61       64       24        0        0
  precision                            2.3962   2.3962   2.3962   2.3962   2.3962   2.3962   2.3962   2.3962

Histogram of JPEG Coefficients187
  mean                                15.8885  16.9046  15.2781  14.8283  27.0637  34.6148        0        0
  std. dev.                            8.8576   8.2588   20.806  10.9455  22.5163  21.8917   0.5346   0.5346
  weight sum                               43      148       76       61       64       24        0        0
  precision                            3.2075   3.2075   3.2075   3.2075   3.2075   3.2075   3.2075   3.2075

Histogram of JPEG Coefficients188
  mean                                19.8698   21.373  13.7684   18.282    35.25  40.7333        0        0
  std. dev.                            9.4073  11.0367  12.8606  11.4298  28.8485  12.4791   0.2667   0.2667
  weight sum                               43      148       76       61       64       24        0        0
  precision                               1.6      1.6      1.6      1.6      1.6      1.6      1.6      1.6

Histogram of JPEG Coefficients189
  mean                                20.1072   19.895  20.8131  25.1473  39.2834  48.8086        0        0
  std. dev.                           10.0193  10.5873  30.0091  20.9165  28.7565  23.6349   0.6641   0.6641
  weight sum                               43      148       76       61       64       24        0        0
  precision                            3.9844   3.9844   3.9844   3.9844   3.9844   3.9844   3.9844   3.9844

Histogram of JPEG Coefficients190
  mean                                24.6711  24.2768  27.9983  37.0696  54.5369  74.1266        0        0
  std. dev.                           13.1164  12.2314  16.8575    21.82  36.2969  34.9851    0.342    0.342
  weight sum                               43      148       76       61       64       24        0        0
  precision                            2.0519   2.0519   2.0519   2.0519   2.0519   2.0519   2.0519   2.0519

Histogram of JPEG Coefficients191
  mean                                50.8228  54.8028  48.2598  56.5707  79.4033 106.6243        0        0
  std. dev.                           25.2425  26.9536   43.101  37.0089  63.7074  50.9827   0.3348   0.3348
  weight sum                               43      148       76       61       64       24        0        0
  precision                            2.0086   2.0086   2.0086   2.0086   2.0086   2.0086   2.0086   2.0086



Time taken to build model: 0.18 seconds

Time taken to test model on training data: 0.12 seconds

=== Error on training data ===

Correctly Classified Instances         327               78.6058 %
Incorrectly Classified Instances        89               21.3942 %
Kappa statistic                          0.7337
Mean absolute error                      0.0535
Root mean squared error                  0.225 
Relative absolute error                 27.3396 %
Root relative squared error             72.0244 %
Total Number of Instances              416     


=== Detailed Accuracy By Class ===

                 TP Rate  FP Rate  Precision  Recall   F-Measure  MCC      ROC Area  PRC Area  Class
                 0.860    0.110    0.474      0.860    0.612      0.585    0.962     0.781     K1
                 0.709    0.022    0.946      0.709    0.811      0.744    0.984     0.968     K2
                 0.711    0.024    0.871      0.711    0.783      0.745    0.972     0.846     K3
                 0.918    0.073    0.683      0.918    0.783      0.751    0.971     0.840     K4
                 0.875    0.023    0.875      0.875    0.875      0.852    0.992     0.939     K5
                 0.792    0.000    1.000      0.792    0.884      0.884    1.000     1.000     K6
                 ?        0.000    ?          ?        ?          ?        ?         ?         K7
                 ?        0.000    ?          ?        ?          ?        ?         ?         K8
Weighted Avg.    0.786    0.038    0.837      0.786    0.795      0.754    0.980     0.905     


=== Confusion Matrix ===

   a   b   c   d   e   f   g   h   <-- classified as
  37   6   0   0   0   0   0   0 |   a = K1
  41 105   1   1   0   0   0   0 |   b = K2
   0   0  54  21   1   0   0   0 |   c = K3
   0   0   3  56   2   0   0   0 |   d = K4
   0   0   4   4  56   0   0   0 |   e = K5
   0   0   0   0   5  19   0   0 |   f = K6
   0   0   0   0   0   0   0   0 |   g = K7
   0   0   0   0   0   0   0   0 |   h = K8

Time taken to perform cross-validation: 0.14 seconds


=== Stratified cross-validation ===

Correctly Classified Instances         282               67.7885 %
Incorrectly Classified Instances       134               32.2115 %
Kappa statistic                          0.5985
Mean absolute error                      0.08  
Root mean squared error                  0.2796
Relative absolute error                 40.8479 %
Root relative squared error             89.4701 %
Total Number of Instances              416     


=== Detailed Accuracy By Class ===

                 TP Rate  FP Rate  Precision  Recall   F-Measure  MCC      ROC Area  PRC Area  Class
                 0.744    0.115    0.427      0.744    0.542      0.498    0.925     0.631     K1
                 0.689    0.037    0.911      0.689    0.785      0.704    0.970     0.924     K2
                 0.487    0.053    0.673      0.487    0.565      0.495    0.910     0.673     K3
                 0.639    0.107    0.506      0.639    0.565      0.485    0.848     0.616     K4
                 0.875    0.068    0.700      0.875    0.778      0.739    0.961     0.710     K5
                 0.667    0.003    0.941      0.667    0.780      0.782    0.993     0.881     K6
                 ?        0.000    ?          ?        ?          ?        ?         ?         K7
                 ?        0.000    ?          ?        ?          ?        ?         ?         K8
Weighted Avg.    0.678    0.061    0.727      0.678    0.686      0.622    0.937     0.767     


=== Confusion Matrix ===

   a   b   c   d   e   f   g   h   <-- classified as
  32  10   0   1   0   0   0   0 |   a = K1
  43 102   1   1   1   0   0   0 |   b = K2
   0   0  37  32   7   0   0   0 |   c = K3
   0   0  13  39   8   1   0   0 |   d = K4
   0   0   4   4  56   0   0   0 |   e = K5
   0   0   0   0   8  16   0   0 |   f = K6
   0   0   0   0   0   0   0   0 |   g = K7
   0   0   0   0   0   0   0   0 |   h = K8

