
=== Classifier model (full training set) ===

Naive Bayes Classifier

                                       Class
Attribute                                 K1       K2       K3       K4       K5       K6       K7       K8
                                       (0.1)   (0.35)   (0.18)   (0.15)   (0.15)   (0.06)      (0)      (0)
============================================================================================================
Histogram of JPEG Coefficients0
  mean                                65.8372  57.4122  88.2895 103.8525     0.25     0.25        0        0
  std. dev.                            67.205  60.3193  76.3825  72.7589   1.3919   0.6614   0.0017   0.0017
  weight sum                               43      148       76       61       64       24        0        0
  precision                              0.01     0.01     0.01     0.01     0.01     0.01     0.01     0.01

Histogram of JPEG Coefficients1
  mean                               233.1628 235.4122   175.75  199.623      151 169.2917        0        0
  std. dev.                           32.1102  37.4382  97.6794  85.7314   62.669  41.8504   0.0017   0.0017
  weight sum                               43      148       76       61       64       24        0        0
  precision                              0.01     0.01     0.01     0.01     0.01     0.01     0.01     0.01

Histogram of JPEG Coefficients2
  mean                                212.186 178.6824 168.4079 185.3279 165.0469 206.9583        0        0
  std. dev.                           38.1632  47.1682   78.865  69.8884  74.6909  37.8676   0.0017   0.0017
  weight sum                               43      148       76       61       64       24        0        0
  precision                              0.01     0.01     0.01     0.01     0.01     0.01     0.01     0.01

Histogram of JPEG Coefficients3
  mean                                116.814 102.5473 121.0789 137.2787   142.25 193.6667        0        0
  std. dev.                           25.1694   36.016  53.9587  55.2372  72.1639  45.7317   0.0017   0.0017
  weight sum                               43      148       76       61       64       24        0        0
  precision                              0.01     0.01     0.01     0.01     0.01     0.01     0.01     0.01

Histogram of JPEG Coefficients4
  mean                                63.6512  51.0135  92.0263 106.5574 128.0313 177.0833        0        0
  std. dev.                           21.7778  25.9047  51.6371  52.3903  73.1407  40.5821   0.0017   0.0017
  weight sum                               43      148       76       61       64       24        0        0
  precision                              0.01     0.01     0.01     0.01     0.01     0.01     0.01     0.01

Histogram of JPEG Coefficients5
  mean                                37.2558  36.6014  58.7632  65.0656  86.6406 123.2083        0        0
  std. dev.                           15.7363  21.9627  39.7247  35.0025  54.8026  43.9071   0.0017   0.0017
  weight sum                               43      148       76       61       64       24        0        0
  precision                              0.01     0.01     0.01     0.01     0.01     0.01     0.01     0.01

Histogram of JPEG Coefficients6
  mean                                35.2791  38.3986  38.4342  55.4918  78.7813      112        0        0
  std. dev.                           18.2583  22.9502  28.0471  46.9222  51.8747  49.7653   0.0017   0.0017
  weight sum                               43      148       76       61       64       24        0        0
  precision                              0.01     0.01     0.01     0.01     0.01     0.01     0.01     0.01

Histogram of JPEG Coefficients7
  mean                                47.2558  55.7297  27.7237  40.4098  69.5938 102.8333        0        0
  std. dev.                           22.9013  32.9993  20.7432  26.0343  58.2325  51.9412   0.0017   0.0017
  weight sum                               43      148       76       61       64       24        0        0
  precision                              0.01     0.01     0.01     0.01     0.01     0.01     0.01     0.01

Histogram of JPEG Coefficients8
  mean                               157.9767 189.8041  94.9079  81.9016 111.7031  116.375        0        0
  std. dev.                            57.995  49.7064  53.1161   38.875  64.2665   27.331   0.0017   0.0017
  weight sum                               43      148       76       61       64       24        0        0
  precision                              0.01     0.01     0.01     0.01     0.01     0.01     0.01     0.01

Histogram of JPEG Coefficients9
  mean                               186.2093 157.4189 175.9211 154.1475 202.4531   228.75        0        0
  std. dev.                           48.4574  46.7748  87.8795  74.6179  65.2998  38.8568   0.0017   0.0017
  weight sum                               43      148       76       61       64       24        0        0
  precision                              0.01     0.01     0.01     0.01     0.01     0.01     0.01     0.01

Histogram of JPEG Coefficients10
  mean                               113.5116  86.0203 145.4474 121.3115 198.3438 175.9167        0        0
  std. dev.                           44.8664  42.2655  70.4989  45.4214  42.5658  30.6878   0.0017   0.0017
  weight sum                               43      148       76       61       64       24        0        0
  precision                              0.01     0.01     0.01     0.01     0.01     0.01     0.01     0.01

Histogram of JPEG Coefficients11
  mean                                40.6047  27.2838  94.7237  91.3607 144.2813   164.25        0        0
  std. dev.                           21.0891  20.2254  52.2921  47.7353  50.3291   46.638   0.0017   0.0017
  weight sum                               43      148       76       61       64       24        0        0
  precision                              0.01     0.01     0.01     0.01     0.01     0.01     0.01     0.01

Histogram of JPEG Coefficients12
  mean                                14.7442  11.2162  60.5132  64.2951 104.0469 122.9167        0        0
  std. dev.                            8.1984  10.1106  39.0901  41.5386  48.5423  37.3217   0.0017   0.0017
  weight sum                               43      148       76       61       64       24        0        0
  precision                              0.01     0.01     0.01     0.01     0.01     0.01     0.01     0.01

Histogram of JPEG Coefficients13
  mean                                 5.9767   8.2905  33.5658  33.6557  79.5469    83.75        0        0
  std. dev.                            3.2096   5.1717  24.4025  21.5177  54.9915  37.6787   0.0017   0.0017
  weight sum                               43      148       76       61       64       24        0        0
  precision                              0.01     0.01     0.01     0.01     0.01     0.01     0.01     0.01

Histogram of JPEG Coefficients14
  mean                                 7.1163  10.6622  16.4605  25.9016  53.5625     80.5        0        0
  std. dev.                            3.2935   6.9463  13.3253  28.3003  41.1213  42.4892   0.0017   0.0017
  weight sum                               43      148       76       61       64       24        0        0
  precision                              0.01     0.01     0.01     0.01     0.01     0.01     0.01     0.01

Histogram of JPEG Coefficients15
  mean                                20.3953  31.3784  17.9737       21  59.5938   89.125        0        0
  std. dev.                           11.7694  16.2212   19.793  14.3858  54.3742  60.5236   0.0017   0.0017
  weight sum                               43      148       76       61       64       24        0        0
  precision                              0.01     0.01     0.01     0.01     0.01     0.01     0.01     0.01

Histogram of JPEG Coefficients16
  mean                               145.1395 168.7568  97.0132  81.3607 120.5938 101.6667        0        0
  std. dev.                           51.1762  51.9788  54.4326  35.2341   53.354  39.0722   0.0017   0.0017
  weight sum                               43      148       76       61       64       24        0        0
  precision                              0.01     0.01     0.01     0.01     0.01     0.01     0.01     0.01

Histogram of JPEG Coefficients17
  mean                               110.2326  89.8716 139.5526 107.2623 170.7188 149.4583        0        0
  std. dev.                           42.9098    37.28  62.3064  46.6683  59.3908   39.333   0.0017   0.0017
  weight sum                               43      148       76       61       64       24        0        0
  precision                              0.01     0.01     0.01     0.01     0.01     0.01     0.01     0.01

Histogram of JPEG Coefficients18
  mean                                66.3023  40.9324 117.4868  79.8197 184.7813 136.0417        0        0
  std. dev.                           34.7326  26.1233  63.2317  36.1375  63.9193  33.6817   0.0017   0.0017
  weight sum                               43      148       76       61       64       24        0        0
  precision                              0.01     0.01     0.01     0.01     0.01     0.01     0.01     0.01

Histogram of JPEG Coefficients19
  mean                                21.2791  12.0946  71.7368  54.6885  161.125 112.7083        0        0
  std. dev.                           15.4864  10.2122  40.2709  30.3518  54.4482  27.0162   0.0017   0.0017
  weight sum                               43      148       76       61       64       24        0        0
  precision                              0.01     0.01     0.01     0.01     0.01     0.01     0.01     0.01

Histogram of JPEG Coefficients20
  mean                                 5.6512   6.7703  45.8816  38.5738  86.1406  75.5833        0        0
  std. dev.                            3.5951   5.2724  42.2798  30.9788  45.4147  29.8453   0.0017   0.0017
  weight sum                               43      148       76       61       64       24        0        0
  precision                              0.01     0.01     0.01     0.01     0.01     0.01     0.01     0.01

Histogram of JPEG Coefficients21
  mean                                 4.3023     7.25    18.75  25.6393  61.9844  56.7917        0        0
  std. dev.                            2.1731    4.896  16.8055  29.8823  38.2261  34.0905   0.0017   0.0017
  weight sum                               43      148       76       61       64       24        0        0
  precision                              0.01     0.01     0.01     0.01     0.01     0.01     0.01     0.01

Histogram of JPEG Coefficients22
  mean                                11.0233  15.2635  16.6711  19.8689  52.7656  51.8333        0        0
  std. dev.                            5.3894   8.2645  18.5688  18.7367  51.8733  34.2426   0.0017   0.0017
  weight sum                               43      148       76       61       64       24        0        0
  precision                              0.01     0.01     0.01     0.01     0.01     0.01     0.01     0.01

Histogram of JPEG Coefficients23
  mean                                 17.907  27.5541  12.4211  24.1639  36.3125  64.6667        0        0
  std. dev.                            8.6126  14.0127  10.2998  34.5055  36.7725   48.037   0.0017   0.0017
  weight sum                               43      148       76       61       64       24        0        0
  precision                              0.01     0.01     0.01     0.01     0.01     0.01     0.01     0.01

Histogram of JPEG Coefficients24
  mean                                99.2558 127.8514  72.7237   57.082 100.5781  90.7917        0        0
  std. dev.                           37.8474  41.9608  34.5446  29.3527  50.1672  37.1057   0.0017   0.0017
  weight sum                               43      148       76       61       64       24        0        0
  precision                              0.01     0.01     0.01     0.01     0.01     0.01     0.01     0.01

Histogram of JPEG Coefficients25
  mean                                54.6744  42.2905       87  71.1803 122.5313  114.125        0        0
  std. dev.                           28.9705  23.7789   42.613  34.9039   48.293   32.738   0.0017   0.0017
  weight sum                               43      148       76       61       64       24        0        0
  precision                              0.01     0.01     0.01     0.01     0.01     0.01     0.01     0.01

Histogram of JPEG Coefficients26
  mean                                22.8837  13.9324  69.2763  61.1639 131.2031    99.25        0        0
  std. dev.                           15.4532  11.3612   44.668  42.0204   54.391  21.4675   0.0017   0.0017
  weight sum                               43      148       76       61       64       24        0        0
  precision                              0.01     0.01     0.01     0.01     0.01     0.01     0.01     0.01

Histogram of JPEG Coefficients27
  mean                                 9.2791   6.6824  56.3553  34.1967 124.8281     75.5        0        0
  std. dev.                            6.7663   5.0552  45.4639  16.7555  58.2137  26.5832   0.0017   0.0017
  weight sum                               43      148       76       61       64       24        0        0
  precision                              0.01     0.01     0.01     0.01     0.01     0.01     0.01     0.01

Histogram of JPEG Coefficients28
  mean                                 2.1163   3.4122  25.1974  20.5082  75.0781  43.4583        0        0
  std. dev.                            1.2977   2.8043  31.2473  13.6785  43.1582  17.6894   0.0017   0.0017
  weight sum                               43      148       76       61       64       24        0        0
  precision                              0.01     0.01     0.01     0.01     0.01     0.01     0.01     0.01

Histogram of JPEG Coefficients29
  mean                                 2.7209   5.4122  14.2105  18.4426  51.9531  41.9167        0        0
  std. dev.                            1.7957   3.9846  13.2559  27.6634   53.082  31.3235   0.0017   0.0017
  weight sum                               43      148       76       61       64       24        0        0
  precision                              0.01     0.01     0.01     0.01     0.01     0.01     0.01     0.01

Histogram of JPEG Coefficients30
  mean                                 5.7209   8.8784  10.4474  12.7869  38.3438  29.9583        0        0
  std. dev.                            2.6878   5.0896     9.82  10.9501  42.7957  16.8856   0.0017   0.0017
  weight sum                               43      148       76       61       64       24        0        0
  precision                              0.01     0.01     0.01     0.01     0.01     0.01     0.01     0.01

Histogram of JPEG Coefficients31
  mean                                14.6744  24.9257  14.0526  16.8525  35.7344  41.7083        0        0
  std. dev.                            7.1291  12.7083  12.5288  13.0432  37.4234  25.1271   0.0017   0.0017
  weight sum                               43      148       76       61       64       24        0        0
  precision                              0.01     0.01     0.01     0.01     0.01     0.01     0.01     0.01

Histogram of JPEG Coefficients32
  mean                                50.4419  69.3176  49.4079       45 108.2344  85.7917        0        0
  std. dev.                           22.7292  29.0366  34.8788  28.6774  68.9027  41.0071   0.0017   0.0017
  weight sum                               43      148       76       61       64       24        0        0
  precision                              0.01     0.01     0.01     0.01     0.01     0.01     0.01     0.01

Histogram of JPEG Coefficients33
  mean                                20.7907  16.2568  43.6842  46.7869  92.2031   89.375        0        0
  std. dev.                           12.0764  11.7117   35.719  27.2848  43.0411  22.7373   0.0017   0.0017
  weight sum                               43      148       76       61       64       24        0        0
  precision                              0.01     0.01     0.01     0.01     0.01     0.01     0.01     0.01

Histogram of JPEG Coefficients34
  mean                                 4.3256   3.4932  37.3289  25.6557  78.3125   52.875        0        0
  std. dev.                            5.1567   3.8212  32.8987   15.751  49.0669  17.1399   0.0017   0.0017
  weight sum                               43      148       76       61       64       24        0        0
  precision                              0.01     0.01     0.01     0.01     0.01     0.01     0.01     0.01

Histogram of JPEG Coefficients35
  mean                                 1.6047   2.6622  25.6447  16.1639  76.9844  45.0417        0        0
  std. dev.                            1.2035    2.593  36.6777    14.37  43.5935  18.1532   0.0017   0.0017
  weight sum                               43      148       76       61       64       24        0        0
  precision                              0.01     0.01     0.01     0.01     0.01     0.01     0.01     0.01

Histogram of JPEG Coefficients36
  mean                                 2.3256    3.723  21.8553  11.6393  55.9688  25.7917        0        0
  std. dev.                            1.8642   2.8848  43.6881  10.7704   42.701  16.5252   0.0017   0.0017
  weight sum                               43      148       76       61       64       24        0        0
  precision                              0.01     0.01     0.01     0.01     0.01     0.01     0.01     0.01

Histogram of JPEG Coefficients37
  mean                                 4.6744   7.5676  15.5789  11.9836  27.1094  31.0833        0        0
  std. dev.                            2.8179   4.4724  21.5512  17.1115  33.8231  15.7927   0.0017   0.0017
  weight sum                               43      148       76       61       64       24        0        0
  precision                              0.01     0.01     0.01     0.01     0.01     0.01     0.01     0.01

Histogram of JPEG Coefficients38
  mean                                 6.2558   9.4932  13.2105  15.8361  24.9375  43.7917        0        0
  std. dev.                            3.4242   5.5938  15.8938  21.2133  25.0449  31.8577   0.0017   0.0017
  weight sum                               43      148       76       61       64       24        0        0
  precision                              0.01     0.01     0.01     0.01     0.01     0.01     0.01     0.01

Histogram of JPEG Coefficients39
  mean                                 16.093  25.9459  17.8684  26.0164  27.7344  45.9583        0        0
  std. dev.                            7.3003  12.4964  24.0621   41.803  36.1084  24.8788   0.0017   0.0017
  weight sum                               43      148       76       61       64       24        0        0
  precision                              0.01     0.01     0.01     0.01     0.01     0.01     0.01     0.01

Histogram of JPEG Coefficients40
  mean                                30.2558  42.4865  25.1447  26.0164   84.375   65.125        0        0
  std. dev.                           14.7161  18.1154  19.8506  15.0186  75.6132  52.1818   0.0017   0.0017
  weight sum                               43      148       76       61       64       24        0        0
  precision                              0.01     0.01     0.01     0.01     0.01     0.01     0.01     0.01

Histogram of JPEG Coefficients41
  mean                                 5.3488   5.1622  21.3026  29.8852  63.7969     49.5        0        0
  std. dev.                             4.645   4.7776  18.4234  25.5453  36.3972       12   0.0017   0.0017
  weight sum                               43      148       76       61       64       24        0        0
  precision                              0.01     0.01     0.01     0.01     0.01     0.01     0.01     0.01

Histogram of JPEG Coefficients42
  mean                                 1.9302   3.0405  17.4211  16.1803    45.75       39        0        0
  std. dev.                            1.4531   2.6301  24.7244  15.2439  27.1103  22.5906   0.0017   0.0017
  weight sum                               43      148       76       61       64       24        0        0
  precision                              0.01     0.01     0.01     0.01     0.01     0.01     0.01     0.01

Histogram of JPEG Coefficients43
  mean                                 1.6512   2.8514   8.6711   8.8852  42.9375  23.5833        0        0
  std. dev.                            1.1182   2.5977  12.3186   7.7652  37.8706  20.3345   0.0017   0.0017
  weight sum                               43      148       76       61       64       24        0        0
  precision                              0.01     0.01     0.01     0.01     0.01     0.01     0.01     0.01

Histogram of JPEG Coefficients44
  mean                                 2.4419   4.4865   7.1316   8.1311  33.7031    14.25        0        0
  std. dev.                            1.7023   2.9876   8.4423  11.8397  36.5696   7.3158   0.0017   0.0017
  weight sum                               43      148       76       61       64       24        0        0
  precision                              0.01     0.01     0.01     0.01     0.01     0.01     0.01     0.01

Histogram of JPEG Coefficients45
  mean                                 4.5349   7.2162   7.1579   9.4918  28.6875  22.9167        0        0
  std. dev.                            3.3365   4.3968    8.984  20.0725  46.3391  13.0125   0.0017   0.0017
  weight sum                               43      148       76       61       64       24        0        0
  precision                              0.01     0.01     0.01     0.01     0.01     0.01     0.01     0.01

Histogram of JPEG Coefficients46
  mean                                16.5349  22.4392  13.3684   14.459  29.7344  24.9167        0        0
  std. dev.                            8.3258    11.64   14.669  24.5387  36.9722  18.0553   0.0017   0.0017
  weight sum                               43      148       76       61       64       24        0        0
  precision                              0.01     0.01     0.01     0.01     0.01     0.01     0.01     0.01

Histogram of JPEG Coefficients47
  mean                                16.1628  27.6284    22.75  19.2623  27.5156   31.375        0        0
  std. dev.                              7.64    13.21  27.7527  18.1016  30.5133  18.5041   0.0017   0.0017
  weight sum                               43      148       76       61       64       24        0        0
  precision                              0.01     0.01     0.01     0.01     0.01     0.01     0.01     0.01

Histogram of JPEG Coefficients48
  mean                                12.5581  19.9054       24  22.1639  60.8438   40.125        0        0
  std. dev.                            8.7239  11.5081  30.7083  17.9911  47.7429  32.3088   0.0017   0.0017
  weight sum                               43      148       76       61       64       24        0        0
  precision                              0.01     0.01     0.01     0.01     0.01     0.01     0.01     0.01

Histogram of JPEG Coefficients49
  mean                                 3.0698   4.3243  16.7763  18.5902   39.125   49.625        0        0
  std. dev.                            3.3715   3.4015  18.6707  13.4474  24.1107   34.061   0.0017   0.0017
  weight sum                               43      148       76       61       64       24        0        0
  precision                              0.01     0.01     0.01     0.01     0.01     0.01     0.01     0.01

Histogram of JPEG Coefficients50
  mean                                 3.3953   5.1486  14.7763   13.623  27.2656  26.5417        0        0
  std. dev.                            2.4029   3.6472  19.4304  12.7178   25.037  13.1275   0.0017   0.0017
  weight sum                               43      148       76       61       64       24        0        0
  precision                              0.01     0.01     0.01     0.01     0.01     0.01     0.01     0.01

Histogram of JPEG Coefficients51
  mean                                 3.4186   5.5811     10.5   9.6066  24.6406  25.1667        0        0
  std. dev.                            2.1592   3.9164  13.3116   7.3424  20.5839  11.1828   0.0017   0.0017
  weight sum                               43      148       76       61       64       24        0        0
  precision                              0.01     0.01     0.01     0.01     0.01     0.01     0.01     0.01

Histogram of JPEG Coefficients52
  mean                                 4.3256   6.7635  10.0921  21.7541   16.625     23.5        0        0
  std. dev.                            2.5032   4.1936  15.5209  37.8542  24.6858  18.3303   0.0017   0.0017
  weight sum                               43      148       76       61       64       24        0        0
  precision                              0.01     0.01     0.01     0.01     0.01     0.01     0.01     0.01

Histogram of JPEG Coefficients53
  mean                                11.8605  16.6284  12.7105  12.1148   27.125  25.8333        0        0
  std. dev.                            6.0332   8.5347  14.4849   11.044  38.4149  16.4359   0.0017   0.0017
  weight sum                               43      148       76       61       64       24        0        0
  precision                              0.01     0.01     0.01     0.01     0.01     0.01     0.01     0.01

Histogram of JPEG Coefficients54
  mean                                11.9535  18.8108  25.4342  33.0984   29.625    35.75        0        0
  std. dev.                             6.361   9.1602  21.6706  39.3624  39.2757  24.4289   0.0017   0.0017
  weight sum                               43      148       76       61       64       24        0        0
  precision                              0.01     0.01     0.01     0.01     0.01     0.01     0.01     0.01

Histogram of JPEG Coefficients55
  mean                                19.9767  34.9527  38.7237  32.5082  42.3281  44.9583        0        0
  std. dev.                            7.3215  16.5551   35.753  32.5368  45.9888  23.9487   0.0017   0.0017
  weight sum                               43      148       76       61       64       24        0        0
  precision                              0.01     0.01     0.01     0.01     0.01     0.01     0.01     0.01

Histogram of JPEG Coefficients56
  mean                                27.4884  43.4257  15.9474  15.8197   41.875    48.25        0        0
  std. dev.                           17.2888  25.0944  14.6259  11.7592  28.8642  40.3126   0.0017   0.0017
  weight sum                               43      148       76       61       64       24        0        0
  precision                              0.01     0.01     0.01     0.01     0.01     0.01     0.01     0.01

Histogram of JPEG Coefficients57
  mean                                 5.8605   9.1149  14.8421  12.9344  29.9531  51.9167        0        0
  std. dev.                            2.9695   5.8662   18.121  10.5657  25.6889  33.8574   0.0017   0.0017
  weight sum                               43      148       76       61       64       24        0        0
  precision                              0.01     0.01     0.01     0.01     0.01     0.01     0.01     0.01

Histogram of JPEG Coefficients58
  mean                                 7.1395  10.9932  12.6579   20.082  31.8594  48.9583        0        0
  std. dev.                            3.8069   5.6574  16.6817  19.3241   37.187  24.5144   0.0017   0.0017
  weight sum                               43      148       76       61       64       24        0        0
  precision                              0.01     0.01     0.01     0.01     0.01     0.01     0.01     0.01

Histogram of JPEG Coefficients59
  mean                                      8  12.0338  11.5789  13.4098  21.9063  41.7917        0        0
  std. dev.                                 4   7.2675  11.0015  12.5572  22.6051  26.7846   0.0017   0.0017
  weight sum                               43      148       76       61       64       24        0        0
  precision                              0.01     0.01     0.01     0.01     0.01     0.01     0.01     0.01

Histogram of JPEG Coefficients60
  mean                                 9.9302  15.1959  14.2763  19.0164  20.9844   36.125        0        0
  std. dev.                            4.6275   7.1193  13.1465  23.3206  28.7514  19.1797   0.0017   0.0017
  weight sum                               43      148       76       61       64       24        0        0
  precision                              0.01     0.01     0.01     0.01     0.01     0.01     0.01     0.01

Histogram of JPEG Coefficients61
  mean                                 9.9535  14.1014  15.3684  15.6557  23.0469    29.75        0        0
  std. dev.                            5.0668   8.6515  16.3955  16.0449  24.2284  18.8199   0.0017   0.0017
  weight sum                               43      148       76       61       64       24        0        0
  precision                              0.01     0.01     0.01     0.01     0.01     0.01     0.01     0.01

Histogram of JPEG Coefficients62
  mean                                 14.907  24.1622  32.2237  31.9344  34.9375       37        0        0
  std. dev.                            6.6641  11.7525  34.0006  34.5419   30.863  18.8658   0.0017   0.0017
  weight sum                               43      148       76       61       64       24        0        0
  precision                              0.01     0.01     0.01     0.01     0.01     0.01     0.01     0.01

Histogram of JPEG Coefficients63
  mean                                28.1628  49.2162  64.8947       61  40.1406       46        0        0
  std. dev.                            10.899  21.7363  57.6723  61.0705  38.2548  25.9197   0.0017   0.0017
  weight sum                               43      148       76       61       64       24        0        0
  precision                              0.01     0.01     0.01     0.01     0.01     0.01     0.01     0.01

Histogram of JPEG Coefficients64
  mean                               156.7209 141.8176  66.5921 101.3279  36.0938  22.2083        0        0
  std. dev.                           79.8453  92.3663  57.8101  78.6965  64.1129  19.6892   0.0017   0.0017
  weight sum                               43      148       76       61       64       24        0        0
  precision                              0.01     0.01     0.01     0.01     0.01     0.01     0.01     0.01

Histogram of JPEG Coefficients65
  mean                               233.9767 215.9595 208.2632 220.7049 225.4375 225.3333        0        0
  std. dev.                           38.0914  40.4533  84.7323  72.7361  33.2363  32.7193   0.0017   0.0017
  weight sum                               43      148       76       61       64       24        0        0
  precision                              0.01     0.01     0.01     0.01     0.01     0.01     0.01     0.01

Histogram of JPEG Coefficients66
  mean                               111.8372   84.723 113.6053 145.8361 189.8125 217.6667        0        0
  std. dev.                           27.0425  32.9178  49.2023  46.3586  41.4038   28.815   0.0017   0.0017
  weight sum                               43      148       76       61       64       24        0        0
  precision                              0.01     0.01     0.01     0.01     0.01     0.01     0.01     0.01

Histogram of JPEG Coefficients67
  mean                                69.6977  66.8919  59.8026  86.5738 111.1406  153.375        0        0
  std. dev.                           18.1691   25.502  45.2194  39.8676  43.4518  50.8337   0.0017   0.0017
  weight sum                               43      148       76       61       64       24        0        0
  precision                              0.01     0.01     0.01     0.01     0.01     0.01     0.01     0.01

Histogram of JPEG Coefficients68
  mean                                     73  64.0811  23.3553  44.7049   52.875  97.0833        0        0
  std. dev.                           15.5249  21.5625  21.4259  32.3791  25.4684  62.3798   0.0017   0.0017
  weight sum                               43      148       76       61       64       24        0        0
  precision                              0.01     0.01     0.01     0.01     0.01     0.01     0.01     0.01

Histogram of JPEG Coefficients69
  mean                                96.7674   95.473  19.4342  40.6066  27.9219  50.0417        0        0
  std. dev.                            24.563  33.6423   16.194  31.2689  22.5654  52.9249   0.0017   0.0017
  weight sum                               43      148       76       61       64       24        0        0
  precision                              0.01     0.01     0.01     0.01     0.01     0.01     0.01     0.01

Histogram of JPEG Coefficients70
  mean                                92.3721  91.9324  26.6447  46.2623  36.7969  41.2083        0        0
  std. dev.                           19.9418  33.1815  18.9776  35.2852  32.6344  23.6255   0.0017   0.0017
  weight sum                               43      148       76       61       64       24        0        0
  precision                              0.01     0.01     0.01     0.01     0.01     0.01     0.01     0.01

Histogram of JPEG Coefficients71
  mean                                175.093 196.1892       49  71.7541  52.5469    50.25        0        0
  std. dev.                            50.795  53.9922  36.0985  53.8765  43.5553   26.679   0.0017   0.0017
  weight sum                               43      148       76       61       64       24        0        0
  precision                              0.01     0.01     0.01     0.01     0.01     0.01     0.01     0.01

Histogram of JPEG Coefficients72
  mean                               113.7209 141.6351 125.1579 117.0492 159.2813 161.7917        0        0
  std. dev.                           57.3343  71.2373  62.4982  52.6708  45.9808  31.1368   0.0017   0.0017
  weight sum                               43      148       76       61       64       24        0        0
  precision                              0.01     0.01     0.01     0.01     0.01     0.01     0.01     0.01

Histogram of JPEG Coefficients73
  mean                                55.0698  34.2297 107.9079 106.3607 225.7969 211.5833        0        0
  std. dev.                           39.0065  31.3328  57.8208  58.2085  38.1339  44.1559   0.0017   0.0017
  weight sum                               43      148       76       61       64       24        0        0
  precision                              0.01     0.01     0.01     0.01     0.01     0.01     0.01     0.01

Histogram of JPEG Coefficients74
  mean                                  3.907        2  56.9474   59.541 175.1406 154.5833        0        0
  std. dev.                            4.1586   2.3337  48.9567  40.3215  54.6325  40.8798   0.0017   0.0017
  weight sum                               43      148       76       61       64       24        0        0
  precision                              0.01     0.01     0.01     0.01     0.01     0.01     0.01     0.01

Histogram of JPEG Coefficients75
  mean                                 5.6047   5.5743  11.7368  23.2295  67.0938 113.2917        0        0
  std. dev.                            2.4029   3.5089  26.2851  44.9668  42.9934  71.3725   0.0017   0.0017
  weight sum                               43      148       76       61       64       24        0        0
  precision                              0.01     0.01     0.01     0.01     0.01     0.01     0.01     0.01

Histogram of JPEG Coefficients76
  mean                                15.2326  13.1419   5.8947  11.9016  24.0313  50.7917        0        0
  std. dev.                            6.7232   7.1414  10.2861  33.1967  17.8281   46.483   0.0017   0.0017
  weight sum                               43      148       76       61       64       24        0        0
  precision                              0.01     0.01     0.01     0.01     0.01     0.01     0.01     0.01

Histogram of JPEG Coefficients77
  mean                                28.9767  28.6554  13.0789  10.3443   9.7813   24.625        0        0
  std. dev.                           11.7146  11.7161  29.7851   7.8194    6.788  29.1502   0.0017   0.0017
  weight sum                               43      148       76       61       64       24        0        0
  precision                              0.01     0.01     0.01     0.01     0.01     0.01     0.01     0.01

Histogram of JPEG Coefficients78
  mean                                31.3256  31.8986  23.0263  24.8525  27.2813  21.5833        0        0
  std. dev.                              9.88  11.4336  21.9311  20.5457  20.7172  11.0035   0.0017   0.0017
  weight sum                               43      148       76       61       64       24        0        0
  precision                              0.01     0.01     0.01     0.01     0.01     0.01     0.01     0.01

Histogram of JPEG Coefficients79
  mean                                83.2326  98.4257  43.6974       50  45.0781  33.0417        0        0
  std. dev.                           32.2143  35.3834  33.7265  29.5796  37.8427  18.8182   0.0017   0.0017
  weight sum                               43      148       76       61       64       24        0        0
  precision                              0.01     0.01     0.01     0.01     0.01     0.01     0.01     0.01

Histogram of JPEG Coefficients80
  mean                                36.4884  36.6149  61.9079   54.918 138.5781   140.25        0        0
  std. dev.                           23.2643  28.1952  39.6372  34.7239  47.3335    31.54   0.0017   0.0017
  weight sum                               43      148       76       61       64       24        0        0
  precision                              0.01     0.01     0.01     0.01     0.01     0.01     0.01     0.01

Histogram of JPEG Coefficients81
  mean                                 2.1395   1.0473  48.0921  45.7377  163.875 132.9583        0        0
  std. dev.                            2.2473   1.6247  41.9261  38.3525  63.8704  39.3885   0.0017   0.0017
  weight sum                               43      148       76       61       64       24        0        0
  precision                              0.01     0.01     0.01     0.01     0.01     0.01     0.01     0.01

Histogram of JPEG Coefficients82
  mean                                 0.4186   0.3919  22.6316  28.6721 112.3125  107.125        0        0
  std. dev.                            0.7543   0.9273  40.8649  35.5162  45.9051  52.9586   0.0017   0.0017
  weight sum                               43      148       76       61       64       24        0        0
  precision                              0.01     0.01     0.01     0.01     0.01     0.01     0.01     0.01

Histogram of JPEG Coefficients83
  mean                                 2.8372   3.4865   3.1842   7.3607  36.6719     60.5        0        0
  std. dev.                            2.2715   2.8581   6.6505   15.041  32.3178  45.9973   0.0017   0.0017
  weight sum                               43      148       76       61       64       24        0        0
  precision                              0.01     0.01     0.01     0.01     0.01     0.01     0.01     0.01

Histogram of JPEG Coefficients84
  mean                                 7.7907   8.8784   5.6711   7.7213  15.6875  43.4167        0        0
  std. dev.                             3.825   4.8252  12.9131   12.293  12.4711  39.3647   0.0017   0.0017
  weight sum                               43      148       76       61       64       24        0        0
  precision                              0.01     0.01     0.01     0.01     0.01     0.01     0.01     0.01

Histogram of JPEG Coefficients85
  mean                                13.1163  15.5946   7.6842   9.8525   9.6094     14.5        0        0
  std. dev.                            5.0033   6.9757   9.3769   8.7719   8.5998  16.1478   0.0017   0.0017
  weight sum                               43      148       76       61       64       24        0        0
  precision                              0.01     0.01     0.01     0.01     0.01     0.01     0.01     0.01

Histogram of JPEG Coefficients86
  mean                                21.4419  25.1689  23.2237  21.5246  20.5313    17.25        0        0
  std. dev.                            6.7731  10.3984  26.5556  14.8728  19.2272  10.4891   0.0017   0.0017
  weight sum                               43      148       76       61       64       24        0        0
  precision                              0.01     0.01     0.01     0.01     0.01     0.01     0.01     0.01

Histogram of JPEG Coefficients87
  mean                                64.7442  78.3581  46.6579  45.2459   37.125  33.9167        0        0
  std. dev.                           27.8176  27.5237  45.8629  37.9329  26.8261  18.1428   0.0017   0.0017
  weight sum                               43      148       76       61       64       24        0        0
  precision                              0.01     0.01     0.01     0.01     0.01     0.01     0.01     0.01

Histogram of JPEG Coefficients88
  mean                                18.4651  23.7905  31.4079  35.2295  90.0313  107.125        0        0
  std. dev.                           12.1796  11.5087  26.1927  28.3979  48.7032  37.1969   0.0017   0.0017
  weight sum                               43      148       76       61       64       24        0        0
  precision                              0.01     0.01     0.01     0.01     0.01     0.01     0.01     0.01

Histogram of JPEG Coefficients89
  mean                                 4.3488   3.1351   8.4605   24.541  58.7656   89.125        0        0
  std. dev.                            2.2504    2.476  14.0885  38.2595  40.0331  48.0419   0.0017   0.0017
  weight sum                               43      148       76       61       64       24        0        0
  precision                              0.01     0.01     0.01     0.01     0.01     0.01     0.01     0.01

Histogram of JPEG Coefficients90
  mean                                 2.2326   2.4662   3.0132   6.5082    30.75   54.125        0        0
  std. dev.                            1.7096    2.375   9.4889  13.0894  25.0743  35.5918   0.0017   0.0017
  weight sum                               43      148       76       61       64       24        0        0
  precision                              0.01     0.01     0.01     0.01     0.01     0.01     0.01     0.01

Histogram of JPEG Coefficients91
  mean                                 6.8605    7.473   5.4605   5.0656  17.7656     45.5        0        0
  std. dev.                            4.6385   4.8232  16.0701   9.3456   19.292  41.2523   0.0017   0.0017
  weight sum                               43      148       76       61       64       24        0        0
  precision                              0.01     0.01     0.01     0.01     0.01     0.01     0.01     0.01

Histogram of JPEG Coefficients92
  mean                                12.7442  14.1892   7.6316   7.5246   10.625   29.875        0        0
  std. dev.                              6.81    8.315  12.2053   15.135   12.769  29.4411   0.0017   0.0017
  weight sum                               43      148       76       61       64       24        0        0
  precision                              0.01     0.01     0.01     0.01     0.01     0.01     0.01     0.01

Histogram of JPEG Coefficients93
  mean                                11.9535  14.3446   9.9474  11.7541   7.3125   8.8333        0        0
  std. dev.                            5.5445   7.8746   15.768  17.5683   5.4826   6.8779   0.0017   0.0017
  weight sum                               43      148       76       61       64       24        0        0
  precision                              0.01     0.01     0.01     0.01     0.01     0.01     0.01     0.01

Histogram of JPEG Coefficients94
  mean                                17.8605  20.8784  17.1974  21.1639   15.125   10.625        0        0
  std. dev.                            6.9268   9.4425  13.2168   17.447  12.5331   6.3233   0.0017   0.0017
  weight sum                               43      148       76       61       64       24        0        0
  precision                              0.01     0.01     0.01     0.01     0.01     0.01     0.01     0.01

Histogram of JPEG Coefficients95
  mean                                52.3256  64.0676  53.8026   49.459  34.1719    35.25        0        0
  std. dev.                           20.1433  22.2707  52.8683  33.1067  25.1896  19.2034   0.0017   0.0017
  weight sum                               43      148       76       61       64       24        0        0
  precision                              0.01     0.01     0.01     0.01     0.01     0.01     0.01     0.01

Histogram of JPEG Coefficients96
  mean                                16.3256  21.9932   6.2632  11.8689  38.1094       66        0        0
  std. dev.                             8.005   10.294  11.2769  16.4969   22.295  40.0396   0.0017   0.0017
  weight sum                               43      148       76       61       64       24        0        0
  precision                              0.01     0.01     0.01     0.01     0.01     0.01     0.01     0.01

Histogram of JPEG Coefficients97
  mean                                13.8372    9.527   3.2632   7.8689   19.125       51        0        0
  std. dev.                            7.3324   6.5959   8.7349  22.9914  12.5244  35.7071   0.0017   0.0017
  weight sum                               43      148       76       61       64       24        0        0
  precision                              0.01     0.01     0.01     0.01     0.01     0.01     0.01     0.01

Histogram of JPEG Coefficients98
  mean                                  2.093   2.2973   6.8816   4.2131  12.0156  36.4167        0        0
  std. dev.                            1.6112   1.9572  30.1313    8.404  11.2867  25.4098   0.0017   0.0017
  weight sum                               43      148       76       61       64       24        0        0
  precision                              0.01     0.01     0.01     0.01     0.01     0.01     0.01     0.01

Histogram of JPEG Coefficients99
  mean                                 2.7674   3.1554   2.9211   6.4098   7.2656  26.3333        0        0
  std. dev.                            1.9864   2.2742    4.058  17.5016   7.8566   25.924   0.0017   0.0017
  weight sum                               43      148       76       61       64       24        0        0
  precision                              0.01     0.01     0.01     0.01     0.01     0.01     0.01     0.01

Histogram of JPEG Coefficients100
  mean                                 6.3256   7.8851   6.9605   7.1475   8.8125   9.6667        0        0
  std. dev.                            2.7847   4.3597  11.7232   8.7306    9.893   7.2034   0.0017   0.0017
  weight sum                               43      148       76       61       64       24        0        0
  precision                              0.01     0.01     0.01     0.01     0.01     0.01     0.01     0.01

Histogram of JPEG Coefficients101
  mean                                 8.5581   9.7365  10.9474  10.9016   7.4531    8.625        0        0
  std. dev.                            4.3041   5.4801  11.4718  13.5377   6.2947   5.3371   0.0017   0.0017
  weight sum                               43      148       76       61       64       24        0        0
  precision                              0.01     0.01     0.01     0.01     0.01     0.01     0.01     0.01

Histogram of JPEG Coefficients102
  mean                                16.9535  21.5811  24.6053  21.4754  17.9844   11.125        0        0
  std. dev.                            6.2093  10.0041  29.2278  16.2356  17.0665   7.6175   0.0017   0.0017
  weight sum                               43      148       76       61       64       24        0        0
  precision                              0.01     0.01     0.01     0.01     0.01     0.01     0.01     0.01

Histogram of JPEG Coefficients103
  mean                                53.3256  72.6419  50.0789   42.082  38.8594  30.6667        0        0
  std. dev.                           21.5587  28.4928  48.3076  28.0633  23.3525  13.4061   0.0017   0.0017
  weight sum                               43      148       76       61       64       24        0        0
  precision                              0.01     0.01     0.01     0.01     0.01     0.01     0.01     0.01

Histogram of JPEG Coefficients104
  mean                                36.7907  42.7297   5.8026  10.3279  21.5313    55.25        0        0
  std. dev.                            21.031  17.3609  15.1857  15.8969  16.5803   39.851   0.0017   0.0017
  weight sum                               43      148       76       61       64       24        0        0
  precision                              0.01     0.01     0.01     0.01     0.01     0.01     0.01     0.01

Histogram of JPEG Coefficients105
  mean                                11.1163   9.6216   3.4737   4.4918   8.9688    32.75        0        0
  std. dev.                             4.966     5.26    4.911   8.5442   9.5393  27.4731   0.0017   0.0017
  weight sum                               43      148       76       61       64       24        0        0
  precision                              0.01     0.01     0.01     0.01     0.01     0.01     0.01     0.01

Histogram of JPEG Coefficients106
  mean                                  3.186   4.0878   3.1579   5.9344      6.5       18        0        0
  std. dev.                            2.1702    3.383   4.5452  10.2906   6.7361  13.6565   0.0017   0.0017
  weight sum                               43      148       76       61       64       24        0        0
  precision                              0.01     0.01     0.01     0.01     0.01     0.01     0.01     0.01

Histogram of JPEG Coefficients107
  mean                                 6.0698   7.5135   4.4342   5.4918   3.9219   9.0417        0        0
  std. dev.                            5.4448   5.5221   4.7109   7.8586   4.7609   7.0266   0.0017   0.0017
  weight sum                               43      148       76       61       64       24        0        0
  precision                              0.01     0.01     0.01     0.01     0.01     0.01     0.01     0.01

Histogram of JPEG Coefficients108
  mean                                 3.9767   4.9932   9.4474   7.8689   6.4531   6.1667        0        0
  std. dev.                            2.1403   3.4787  13.8587   8.5324   5.6484   4.8791   0.0017   0.0017
  weight sum                               43      148       76       61       64       24        0        0
  precision                              0.01     0.01     0.01     0.01     0.01     0.01     0.01     0.01

Histogram of JPEG Coefficients109
  mean                                 9.5116  12.5203  16.5526  14.2787   9.9531   6.9583        0        0
  std. dev.                             5.249   8.3322  18.2543  13.4787   7.2423    4.138   0.0017   0.0017
  weight sum                               43      148       76       61       64       24        0        0
  precision                              0.01     0.01     0.01     0.01     0.01     0.01     0.01     0.01

Histogram of JPEG Coefficients110
  mean                                13.9535  16.2365  28.6842  25.2295  19.9844  15.5833        0        0
  std. dev.                            6.0076   9.0601  26.1364  19.1888  14.8139   8.8125   0.0017   0.0017
  weight sum                               43      148       76       61       64       24        0        0
  precision                              0.01     0.01     0.01     0.01     0.01     0.01     0.01     0.01

Histogram of JPEG Coefficients111
  mean                                38.9767  49.9054  60.2105  52.8689  37.3594  35.0833        0        0
  std. dev.                           16.8323  20.2155  52.9315  41.6695    26.78  19.3561   0.0017   0.0017
  weight sum                               43      148       76       61       64       24        0        0
  precision                              0.01     0.01     0.01     0.01     0.01     0.01     0.01     0.01

Histogram of JPEG Coefficients112
  mean                                 39.093  45.7905   7.5395  12.8689  26.4063   47.125        0        0
  std. dev.                            31.871  27.0778  11.8137  13.8416  21.3671  33.5849   0.0017   0.0017
  weight sum                               43      148       76       61       64       24        0        0
  precision                              0.01     0.01     0.01     0.01     0.01     0.01     0.01     0.01

Histogram of JPEG Coefficients113
  mean                                12.1395  11.4189   8.4079   8.0328  12.7813     23.5        0        0
  std. dev.                            5.2809   6.4546  12.7209    8.126  12.1841  15.3134   0.0017   0.0017
  weight sum                               43      148       76       61       64       24        0        0
  precision                              0.01     0.01     0.01     0.01     0.01     0.01     0.01     0.01

Histogram of JPEG Coefficients114
  mean                                 5.7674   7.3986  11.0658  10.2787   15.875    14.75        0        0
  std. dev.                            3.4157   5.4136   11.686   9.6736  14.4682  10.5643   0.0017   0.0017
  weight sum                               43      148       76       61       64       24        0        0
  precision                              0.01     0.01     0.01     0.01     0.01     0.01     0.01     0.01

Histogram of JPEG Coefficients115
  mean                                 7.6047   9.3649  15.2763  14.5246   9.3281    8.625        0        0
  std. dev.                            4.3463   5.6475  20.8583  15.9955   7.8483   4.8029   0.0017   0.0017
  weight sum                               43      148       76       61       64       24        0        0
  precision                              0.01     0.01     0.01     0.01     0.01     0.01     0.01     0.01

Histogram of JPEG Coefficients116
  mean                                 8.6279   9.0878  16.1053  17.5902  14.5156     12.5        0        0
  std. dev.                            5.4176   6.9076  17.8064  18.7323  13.6736  10.6145   0.0017   0.0017
  weight sum                               43      148       76       61       64       24        0        0
  precision                              0.01     0.01     0.01     0.01     0.01     0.01     0.01     0.01

Histogram of JPEG Coefficients117
  mean                                10.6279  12.5405  27.1579  23.9344  18.3281  17.1667        0        0
  std. dev.                            6.3136   7.3846    24.57  20.9189  14.9468   7.7226   0.0017   0.0017
  weight sum                               43      148       76       61       64       24        0        0
  precision                              0.01     0.01     0.01     0.01     0.01     0.01     0.01     0.01

Histogram of JPEG Coefficients118
  mean                                17.1395  18.3649  48.7895  42.9836  32.5469  36.9583        0        0
  std. dev.                            9.1208  10.2087  38.4675  25.3652  28.4357  20.7012   0.0017   0.0017
  weight sum                               43      148       76       61       64       24        0        0
  precision                              0.01     0.01     0.01     0.01     0.01     0.01     0.01     0.01

Histogram of JPEG Coefficients119
  mean                                35.6279  44.9527  70.9079  69.1803   54.125    53.75        0        0
  std. dev.                            15.112   19.484  49.5302  49.2529   41.033  23.8995   0.0017   0.0017
  weight sum                               43      148       76       61       64       24        0        0
  precision                              0.01     0.01     0.01     0.01     0.01     0.01     0.01     0.01

Histogram of JPEG Coefficients120
  mean                                64.6047  75.3108  13.2763  24.8689  30.3438  37.4167        0        0
  std. dev.                           46.2889  34.9863  13.2522   23.402  25.5473  17.1802   0.0017   0.0017
  weight sum                               43      148       76       61       64       24        0        0
  precision                              0.01     0.01     0.01     0.01     0.01     0.01     0.01     0.01

Histogram of JPEG Coefficients121
  mean                                15.9302  20.3311  18.8553  21.7869  22.5156  23.2917        0        0
  std. dev.                            7.5895  11.2834  14.2161  16.0267  17.8938    9.783   0.0017   0.0017
  weight sum                               43      148       76       61       64       24        0        0
  precision                              0.01     0.01     0.01     0.01     0.01     0.01     0.01     0.01

Histogram of JPEG Coefficients122
  mean                                14.6279  17.3581  24.7895  23.8525  18.7813  17.9583        0        0
  std. dev.                            7.9943   8.9902  27.3112  15.3707  14.1493  14.1288   0.0017   0.0017
  weight sum                               43      148       76       61       64       24        0        0
  precision                              0.01     0.01     0.01     0.01     0.01     0.01     0.01     0.01

Histogram of JPEG Coefficients123
  mean                                15.1395  17.3446  26.9737  28.8033  21.0625  18.4167        0        0
  std. dev.                            8.6363  10.6496  22.5663   29.903  14.7858  11.1015   0.0017   0.0017
  weight sum                               43      148       76       61       64       24        0        0
  precision                              0.01     0.01     0.01     0.01     0.01     0.01     0.01     0.01

Histogram of JPEG Coefficients124
  mean                                17.1628  22.5405  33.2368   31.377  24.8438   22.375        0        0
  std. dev.                            7.8708  12.6914  25.6248  26.1566  20.7283  10.4714   0.0017   0.0017
  weight sum                               43      148       76       61       64       24        0        0
  precision                              0.01     0.01     0.01     0.01     0.01     0.01     0.01     0.01

Histogram of JPEG Coefficients125
  mean                                16.9302    20.25  42.6447   39.541  30.0625   28.875        0        0
  std. dev.                            7.5649  11.3655  42.5536  29.0091  20.0233  11.5481   0.0017   0.0017
  weight sum                               43      148       76       61       64       24        0        0
  precision                              0.01     0.01     0.01     0.01     0.01     0.01     0.01     0.01

Histogram of JPEG Coefficients126
  mean                                21.0465  23.1014  70.6447  65.1148  46.2813  38.5833        0        0
  std. dev.                            9.7765  12.8771  47.9094  51.9183  34.3836  15.3756   0.0017   0.0017
  weight sum                               43      148       76       61       64       24        0        0
  precision                              0.01     0.01     0.01     0.01     0.01     0.01     0.01     0.01

Histogram of JPEG Coefficients127
  mean                                46.1395  56.0878  95.6447  91.4098  76.7656   61.125        0        0
  std. dev.                           18.9952  27.0667  56.8342  58.4273  56.2024  25.9106   0.0017   0.0017
  weight sum                               43      148       76       61       64       24        0        0
  precision                              0.01     0.01     0.01     0.01     0.01     0.01     0.01     0.01

Histogram of JPEG Coefficients128
  mean                               153.7442 122.7635  51.0921  80.2623  41.0938  26.0833        0        0
  std. dev.                           85.9797  88.1093  44.6996  62.6041  60.4278  24.3908   0.0017   0.0017
  weight sum                               43      148       76       61       64       24        0        0
  precision                              0.01     0.01     0.01     0.01     0.01     0.01     0.01     0.01

Histogram of JPEG Coefficients129
  mean                               241.7907 238.3446 203.2632  226.541 223.4063   211.75        0        0
  std. dev.                           29.9321  29.6169   87.894  66.3882  35.8986   43.658   0.0017   0.0017
  weight sum                               43      148       76       61       64       24        0        0
  precision                              0.01     0.01     0.01     0.01     0.01     0.01     0.01     0.01

Histogram of JPEG Coefficients130
  mean                                117.814  92.6149 143.6974 170.1639 175.2031 210.9167        0        0
  std. dev.                           30.1332  36.4555  60.7389  45.3465  36.2703  29.3909   0.0017   0.0017
  weight sum                               43      148       76       61       64       24        0        0
  precision                              0.01     0.01     0.01     0.01     0.01     0.01     0.01     0.01

Histogram of JPEG Coefficients131
  mean                                73.6047   68.027  82.0789 100.2131   102.75 179.0833        0        0
  std. dev.                           17.4811  24.7045  49.6659  43.6608   33.943  61.9098   0.0017   0.0017
  weight sum                               43      148       76       61       64       24        0        0
  precision                              0.01     0.01     0.01     0.01     0.01     0.01     0.01     0.01

Histogram of JPEG Coefficients132
  mean                                73.2558  64.3784  21.7105  40.2295       54  97.1667        0        0
  std. dev.                           16.2382  20.4703  18.7433  25.9207  33.6415  56.3853   0.0017   0.0017
  weight sum                               43      148       76       61       64       24        0        0
  precision                              0.01     0.01     0.01     0.01     0.01     0.01     0.01     0.01

Histogram of JPEG Coefficients133
  mean                                96.7674  96.8919  13.4079  30.2131  36.9688  55.5417        0        0
  std. dev.                           21.2229  31.4456  10.9198  27.0828  31.0257    42.11   0.0017   0.0017
  weight sum                               43      148       76       61       64       24        0        0
  precision                              0.01     0.01     0.01     0.01     0.01     0.01     0.01     0.01

Histogram of JPEG Coefficients134
  mean                                88.7209  86.4595  15.3816  30.4262  46.3125   44.125        0        0
  std. dev.                           18.0353  30.3051  12.3714  25.3031  38.3014  32.0901   0.0017   0.0017
  weight sum                               43      148       76       61       64       24        0        0
  precision                              0.01     0.01     0.01     0.01     0.01     0.01     0.01     0.01

Histogram of JPEG Coefficients135
  mean                               161.6279 165.3311  23.3553  40.1475  62.0469  67.7083        0        0
  std. dev.                            43.605  52.8155  17.7932  34.3114  56.8032  44.1583   0.0017   0.0017
  weight sum                               43      148       76       61       64       24        0        0
  precision                              0.01     0.01     0.01     0.01     0.01     0.01     0.01     0.01

Histogram of JPEG Coefficients136
  mean                               118.6744 158.4054 133.5395 129.3443 145.8438    146.5        0        0
  std. dev.                           57.5005  68.5549  66.1803  38.7116   39.336  30.0777   0.0017   0.0017
  weight sum                               43      148       76       61       64       24        0        0
  precision                              0.01     0.01     0.01     0.01     0.01     0.01     0.01     0.01

Histogram of JPEG Coefficients137
  mean                                60.7907   54.723 155.6053  144.377 224.4219 195.5417        0        0
  std. dev.                           37.3995  37.5692  67.9549  51.3535  39.4413  56.5862   0.0017   0.0017
  weight sum                               43      148       76       61       64       24        0        0
  precision                              0.01     0.01     0.01     0.01     0.01     0.01     0.01     0.01

Histogram of JPEG Coefficients138
  mean                                 5.1163   4.0608  82.6842  81.4754 157.3594 161.0417        0        0
  std. dev.                            5.1993   6.0272  55.3882   50.665  53.3536  57.8788   0.0017   0.0017
  weight sum                               43      148       76       61       64       24        0        0
  precision                              0.01     0.01     0.01     0.01     0.01     0.01     0.01     0.01

Histogram of JPEG Coefficients139
  mean                                  5.907     5.75  21.9868  21.6885  56.0156   122.75        0        0
  std. dev.                            3.2551   3.2002  35.7526   27.014  31.8681  79.0897   0.0017   0.0017
  weight sum                               43      148       76       61       64       24        0        0
  precision                              0.01     0.01     0.01     0.01     0.01     0.01     0.01     0.01

Histogram of JPEG Coefficients140
  mean                                16.4651  14.4797   6.9474   7.3934  29.1875   43.875        0        0
  std. dev.                            6.9595   6.7788  29.1583  10.6959  15.0778  35.4581   0.0017   0.0017
  weight sum                               43      148       76       61       64       24        0        0
  precision                              0.01     0.01     0.01     0.01     0.01     0.01     0.01     0.01

Histogram of JPEG Coefficients141
  mean                                29.6977  29.2095   6.2237   8.4098   15.875  24.6667        0        0
  std. dev.                           11.3497  11.8506   12.777  19.9174  15.1992  12.2463   0.0017   0.0017
  weight sum                               43      148       76       61       64       24        0        0
  precision                              0.01     0.01     0.01     0.01     0.01     0.01     0.01     0.01

Histogram of JPEG Coefficients142
  mean                                34.2558  35.0608  10.2237  16.8197  32.8125  32.2083        0        0
  std. dev.                            10.895  13.2176  10.1872  16.2818  27.0612  15.1354   0.0017   0.0017
  weight sum                               43      148       76       61       64       24        0        0
  precision                              0.01     0.01     0.01     0.01     0.01     0.01     0.01     0.01

Histogram of JPEG Coefficients143
  mean                                 78.814  86.7635    18.25  30.0656  55.1406   55.875        0        0
  std. dev.                           30.9014  30.7785  14.1599  21.0906  44.7168  27.4246   0.0017   0.0017
  weight sum                               43      148       76       61       64       24        0        0
  precision                              0.01     0.01     0.01     0.01     0.01     0.01     0.01     0.01

Histogram of JPEG Coefficients144
  mean                                33.6744  50.7432  77.4474  70.9344 118.5781    134.5        0        0
  std. dev.                            21.482  34.3513  34.2423  34.4154  32.5849   38.259   0.0017   0.0017
  weight sum                               43      148       76       61       64       24        0        0
  precision                              0.01     0.01     0.01     0.01     0.01     0.01     0.01     0.01

Histogram of JPEG Coefficients145
  mean                                 2.1163    2.223  67.3816   58.082 148.7344 144.9583        0        0
  std. dev.                             1.895   3.3808  45.2993  36.0838  45.6455  50.6865   0.0017   0.0017
  weight sum                               43      148       76       61       64       24        0        0
  precision                              0.01     0.01     0.01     0.01     0.01     0.01     0.01     0.01

Histogram of JPEG Coefficients146
  mean                                 0.3721   0.5878  35.0658  29.7705  83.9688 128.1667        0        0
  std. dev.                            0.8359   1.1504   47.929  38.6296  31.2235  69.7637   0.0017   0.0017
  weight sum                               43      148       76       61       64       24        0        0
  precision                              0.01     0.01     0.01     0.01     0.01     0.01     0.01     0.01

Histogram of JPEG Coefficients147
  mean                                 3.2558   3.6824   7.4079   7.2787  35.8906  60.1667        0        0
  std. dev.                            2.0696    2.391  25.1643   17.314  27.6237  43.5236   0.0017   0.0017
  weight sum                               43      148       76       61       64       24        0        0
  precision                              0.01     0.01     0.01     0.01     0.01     0.01     0.01     0.01

Histogram of JPEG Coefficients148
  mean                                 8.3488   8.1824   3.4737   5.8852   17.625  43.9167        0        0
  std. dev.                            3.7409   4.7005   5.9614  10.3292  14.7038  40.1984   0.0017   0.0017
  weight sum                               43      148       76       61       64       24        0        0
  precision                              0.01     0.01     0.01     0.01     0.01     0.01     0.01     0.01

Histogram of JPEG Coefficients149
  mean                                14.3023   14.973   4.1842   6.1803       11  11.2917        0        0
  std. dev.                            5.2763    7.026   5.5553   7.7449  10.3833   6.3867   0.0017   0.0017
  weight sum                               43      148       76       61       64       24        0        0
  precision                              0.01     0.01     0.01     0.01     0.01     0.01     0.01     0.01

Histogram of JPEG Coefficients150
  mean                                19.7209  21.1149  11.3947  13.2295   24.125   27.125        0        0
  std. dev.                            6.0051   9.9604  13.0385  10.7587  22.4885  13.0618   0.0017   0.0017
  weight sum                               43      148       76       61       64       24        0        0
  precision                              0.01     0.01     0.01     0.01     0.01     0.01     0.01     0.01

Histogram of JPEG Coefficients151
  mean                                58.3023  66.0203  20.5526  25.5246  42.0625  53.2917        0        0
  std. dev.                           24.1964  24.1086  17.6071  17.1566  36.6733  29.0767   0.0017   0.0017
  weight sum                               43      148       76       61       64       24        0        0
  precision                              0.01     0.01     0.01     0.01     0.01     0.01     0.01     0.01

Histogram of JPEG Coefficients152
  mean                                19.2558  26.1081  36.7895  36.8525  86.0625 122.1667        0        0
  std. dev.                           11.7436  12.2238  30.6084  17.1434  47.4272  57.1246   0.0017   0.0017
  weight sum                               43      148       76       61       64       24        0        0
  precision                              0.01     0.01     0.01     0.01     0.01     0.01     0.01     0.01

Histogram of JPEG Coefficients153
  mean                                 4.4884   3.7973  16.3553  17.5574  54.7969  99.9167        0        0
  std. dev.                            2.5461   2.6609  35.6997  24.1393  27.8092  61.8391   0.0017   0.0017
  weight sum                               43      148       76       61       64       24        0        0
  precision                              0.01     0.01     0.01     0.01     0.01     0.01     0.01     0.01

Histogram of JPEG Coefficients154
  mean                                 2.7442   2.5135   7.7368   8.1475  28.9375  49.2917        0        0
  std. dev.                             1.918   2.3089   24.758   32.631  21.5804   33.386   0.0017   0.0017
  weight sum                               43      148       76       61       64       24        0        0
  precision                              0.01     0.01     0.01     0.01     0.01     0.01     0.01     0.01

Histogram of JPEG Coefficients155
  mean                                 8.5814   7.8784   4.0263   4.6721  19.7813  31.9583        0        0
  std. dev.                            4.7653   4.9578   9.2195  16.1983  22.1511  22.9555   0.0017   0.0017
  weight sum                               43      148       76       61       64       24        0        0
  precision                              0.01     0.01     0.01     0.01     0.01     0.01     0.01     0.01

Histogram of JPEG Coefficients156
  mean                                 13.093  12.8446   4.1184   3.4262  12.6094  19.7917        0        0
  std. dev.                            6.5515    8.098  11.9064   4.6038  12.6028  13.7173   0.0017   0.0017
  weight sum                               43      148       76       61       64       24        0        0
  precision                              0.01     0.01     0.01     0.01     0.01     0.01     0.01     0.01

Histogram of JPEG Coefficients157
  mean                                11.8372  11.8784   3.7632   5.2131   8.8438        7        0        0
  std. dev.                            4.8605   7.0336    4.081   4.5991   8.2201   3.5473   0.0017   0.0017
  weight sum                               43      148       76       61       64       24        0        0
  precision                              0.01     0.01     0.01     0.01     0.01     0.01     0.01     0.01

Histogram of JPEG Coefficients158
  mean                                17.4884  18.3649   9.9605  11.6066  19.2969  25.5417        0        0
  std. dev.                            6.5214    8.924  15.0048   8.2348  15.8466  12.5565   0.0017   0.0017
  weight sum                               43      148       76       61       64       24        0        0
  precision                              0.01     0.01     0.01     0.01     0.01     0.01     0.01     0.01

Histogram of JPEG Coefficients159
  mean                                47.2558   56.027  21.3026   24.541    45.25  48.7083        0        0
  std. dev.                           20.5382  21.3696   20.499  16.4811  35.3646  24.2598   0.0017   0.0017
  weight sum                               43      148       76       61       64       24        0        0
  precision                              0.01     0.01     0.01     0.01     0.01     0.01     0.01     0.01

Histogram of JPEG Coefficients160
  mean                                16.1395  23.8514  10.3947  12.7377  32.1406  61.0417        0        0
  std. dev.                            9.1336   11.367  21.5816  16.1244  24.0168  39.9942   0.0017   0.0017
  weight sum                               43      148       76       61       64       24        0        0
  precision                              0.01     0.01     0.01     0.01     0.01     0.01     0.01     0.01

Histogram of JPEG Coefficients161
  mean                                12.9767  10.5676   3.1974   2.5738       18  43.3333        0        0
  std. dev.                            6.6315   7.7024   7.3682    3.619   15.026  37.3024   0.0017   0.0017
  weight sum                               43      148       76       61       64       24        0        0
  precision                              0.01     0.01     0.01     0.01     0.01     0.01     0.01     0.01

Histogram of JPEG Coefficients162
  mean                                 3.0465   2.7703   2.8158   2.0656  14.9219    39.25        0        0
  std. dev.                             2.362   2.3136   6.7682   2.6356  11.5411  35.4463   0.0017   0.0017
  weight sum                               43      148       76       61       64       24        0        0
  precision                              0.01     0.01     0.01     0.01     0.01     0.01     0.01     0.01

Histogram of JPEG Coefficients163
  mean                                      3   2.8649     2.75   6.3934     8.25  20.6667        0        0
  std. dev.                            1.7118   2.3413    7.149  32.2324   9.4041  18.9047   0.0017   0.0017
  weight sum                               43      148       76       61       64       24        0        0
  precision                              0.01     0.01     0.01     0.01     0.01     0.01     0.01     0.01

Histogram of JPEG Coefficients164
  mean                                 6.8837   6.5473   3.1447   3.8197  10.5469  16.0417        0        0
  std. dev.                            2.4704   3.7187   6.8243   3.9609  13.6633  12.6836   0.0017   0.0017
  weight sum                               43      148       76       61       64       24        0        0
  precision                              0.01     0.01     0.01     0.01     0.01     0.01     0.01     0.01

Histogram of JPEG Coefficients165
  mean                                 8.1628    8.723   7.4342   6.2951   8.7813  13.4583        0        0
  std. dev.                            3.8756   4.8096  16.5834   7.3157   7.6902   9.3139   0.0017   0.0017
  weight sum                               43      148       76       61       64       24        0        0
  precision                              0.01     0.01     0.01     0.01     0.01     0.01     0.01     0.01

Histogram of JPEG Coefficients166
  mean                                16.8837  19.6486  10.8026  12.2459  20.1094    26.75        0        0
  std. dev.                             6.318   8.9691  23.1789  11.6755    18.68  12.4574   0.0017   0.0017
  weight sum                               43      148       76       61       64       24        0        0
  precision                              0.01     0.01     0.01     0.01     0.01     0.01     0.01     0.01

Histogram of JPEG Coefficients167
  mean                                48.1628  62.6081  22.4474  26.0984  39.7813  54.8333        0        0
  std. dev.                           19.7578  26.1295  16.5214   23.521  30.8547  31.5986   0.0017   0.0017
  weight sum                               43      148       76       61       64       24        0        0
  precision                              0.01     0.01     0.01     0.01     0.01     0.01     0.01     0.01

Histogram of JPEG Coefficients168
  mean                                38.7907  46.2635   3.1184    7.459  20.8906  35.2083        0        0
  std. dev.                           23.1301  20.5851   5.0366  10.0761  16.7118  36.0312   0.0017   0.0017
  weight sum                               43      148       76       61       64       24        0        0
  precision                              0.01     0.01     0.01     0.01     0.01     0.01     0.01     0.01

Histogram of JPEG Coefficients169
  mean                                11.6047  10.0068   5.2105   3.4918  13.6094  20.2917        0        0
  std. dev.                             5.499   5.6777  18.6571   6.1661  11.5767  22.0312   0.0017   0.0017
  weight sum                               43      148       76       61       64       24        0        0
  precision                              0.01     0.01     0.01     0.01     0.01     0.01     0.01     0.01

Histogram of JPEG Coefficients170
  mean                                 3.9535    3.723     4.75   3.1967   8.6719  12.9583        0        0
  std. dev.                            3.0035   3.2149  23.3757   4.0522   8.6549  12.9373   0.0017   0.0017
  weight sum                               43      148       76       61       64       24        0        0
  precision                              0.01     0.01     0.01     0.01     0.01     0.01     0.01     0.01

Histogram of JPEG Coefficients171
  mean                                 6.6047   5.9054   3.1316   3.7213   6.8438  12.2083        0        0
  std. dev.                            4.2434   3.6564    5.364   5.1855   6.3448  12.9357   0.0017   0.0017
  weight sum                               43      148       76       61       64       24        0        0
  precision                              0.01     0.01     0.01     0.01     0.01     0.01     0.01     0.01

Histogram of JPEG Coefficients172
  mean                                 4.0698   4.3311   4.3026   4.8689    8.375  11.2083        0        0
  std. dev.                            2.6536   3.0434   6.9453   5.5971   7.1753   5.6049   0.0017   0.0017
  weight sum                               43      148       76       61       64       24        0        0
  precision                              0.01     0.01     0.01     0.01     0.01     0.01     0.01     0.01

Histogram of JPEG Coefficients173
  mean                                 9.8605  10.3919   6.6053   8.4918  13.7344   11.875        0        0
  std. dev.                            4.3912   6.2931   7.5045   6.7548  11.7157   6.6853   0.0017   0.0017
  weight sum                               43      148       76       61       64       24        0        0
  precision                              0.01     0.01     0.01     0.01     0.01     0.01     0.01     0.01

Histogram of JPEG Coefficients174
  mean                                14.5814  15.8649  12.4211  14.6557  24.2813  31.6667        0        0
  std. dev.                             6.929   7.9921   9.9753  10.5471  22.1476  16.2061   0.0017   0.0017
  weight sum                               43      148       76       61       64       24        0        0
  precision                              0.01     0.01     0.01     0.01     0.01     0.01     0.01     0.01

Histogram of JPEG Coefficients175
  mean                                39.7209    46.25  24.6184  34.8361  44.6094  60.8333        0        0
  std. dev.                           16.9037  20.5932   17.627   29.958  39.4337  19.7688   0.0017   0.0017
  weight sum                               43      148       76       61       64       24        0        0
  precision                              0.01     0.01     0.01     0.01     0.01     0.01     0.01     0.01

Histogram of JPEG Coefficients176
  mean                                35.1395  39.5608   6.0526   9.7049  29.1406  41.2917        0        0
  std. dev.                           27.1572  20.8878  16.2787  13.0439  25.6593  31.1013   0.0017   0.0017
  weight sum                               43      148       76       61       64       24        0        0
  precision                              0.01     0.01     0.01     0.01     0.01     0.01     0.01     0.01

Histogram of JPEG Coefficients177
  mean                                12.3721  11.3581   3.3553   5.7541  18.4844  26.1667        0        0
  std. dev.                             5.194   5.6973   3.8207   5.4822  21.6152  21.9292   0.0017   0.0017
  weight sum                               43      148       76       61       64       24        0        0
  precision                              0.01     0.01     0.01     0.01     0.01     0.01     0.01     0.01

Histogram of JPEG Coefficients178
  mean                                 6.9535   6.8986   9.6842   5.8525  14.7188  16.9583        0        0
  std. dev.                            3.6213   4.2343  28.3011   5.0468  15.7117  10.3661   0.0017   0.0017
  weight sum                               43      148       76       61       64       24        0        0
  precision                              0.01     0.01     0.01     0.01     0.01     0.01     0.01     0.01

Histogram of JPEG Coefficients179
  mean                                 8.6047   9.2095   4.4474   7.8033  13.4844   20.375        0        0
  std. dev.                            5.1179   5.9494   4.4997   6.1239  12.4298  10.1809   0.0017   0.0017
  weight sum                               43      148       76       61       64       24        0        0
  precision                              0.01     0.01     0.01     0.01     0.01     0.01     0.01     0.01

Histogram of JPEG Coefficients180
  mean                                      9   8.7365   7.2237  11.0164  19.0781  25.3333        0        0
  std. dev.                            4.3025   4.8884    7.747  11.6105  18.0089  12.1232   0.0017   0.0017
  weight sum                               43      148       76       61       64       24        0        0
  precision                              0.01     0.01     0.01     0.01     0.01     0.01     0.01     0.01

Histogram of JPEG Coefficients181
  mean                                     11  12.0743  11.7632  13.1967  23.7031   30.625        0        0
  std. dev.                            6.1266    6.381  11.4258   8.7118  19.9285  13.4406   0.0017   0.0017
  weight sum                               43      148       76       61       64       24        0        0
  precision                              0.01     0.01     0.01     0.01     0.01     0.01     0.01     0.01

Histogram of JPEG Coefficients182
  mean                                18.2558  18.0541  21.1184   27.459  42.3438  58.4583        0        0
  std. dev.                            8.8714  10.3909  20.3651  21.4587  37.6473  31.3275   0.0017   0.0017
  weight sum                               43      148       76       61       64       24        0        0
  precision                              0.01     0.01     0.01     0.01     0.01     0.01     0.01     0.01

Histogram of JPEG Coefficients183
  mean                                39.3256  43.9595  32.6842   37.918  64.1094  87.3333        0        0
  std. dev.                           19.2048  20.6394  25.1638  27.8905  52.4971  40.6619   0.0017   0.0017
  weight sum                               43      148       76       61       64       24        0        0
  precision                              0.01     0.01     0.01     0.01     0.01     0.01     0.01     0.01

Histogram of JPEG Coefficients184
  mean                                61.1163  62.4324   7.3684  12.5246  32.9375   48.125        0        0
  std. dev.                           40.5951  28.7506   9.7155  12.7583  30.2623  22.8114   0.0017   0.0017
  weight sum                               43      148       76       61       64       24        0        0
  precision                              0.01     0.01     0.01     0.01     0.01     0.01     0.01     0.01

Histogram of JPEG Coefficients185
  mean                                15.2093  17.7838   9.9605  12.1639  29.6719    34.25        0        0
  std. dev.                            8.2534   8.2638  15.9608  10.0118   27.329  19.0553   0.0017   0.0017
  weight sum                               43      148       76       61       64       24        0        0
  precision                              0.01     0.01     0.01     0.01     0.01     0.01     0.01     0.01

Histogram of JPEG Coefficients186
  mean                                15.3721  16.8041  11.8421  15.7541  24.7031  31.0417        0        0
  std. dev.                            8.7045   8.9395  13.8716  17.1298  21.8079  11.9843   0.0017   0.0017
  weight sum                               43      148       76       61       64       24        0        0
  precision                              0.01     0.01     0.01     0.01     0.01     0.01     0.01     0.01

Histogram of JPEG Coefficients187
  mean                                 15.814  16.9595  15.4342  14.7869  27.2656  34.9583        0        0
  std. dev.                            8.8166   8.1339  20.7728  11.0039  22.8509  21.4874   0.0017   0.0017
  weight sum                               43      148       76       61       64       24        0        0
  precision                              0.01     0.01     0.01     0.01     0.01     0.01     0.01     0.01

Histogram of JPEG Coefficients188
  mean                                 19.814  21.4257  13.7895  18.2951  35.1875  40.7083        0        0
  std. dev.                            9.3666  11.0031  12.8363  11.3099  28.9001  12.5482   0.0017   0.0017
  weight sum                               43      148       76       61       64       24        0        0
  precision                              0.01     0.01     0.01     0.01     0.01     0.01     0.01     0.01

Histogram of JPEG Coefficients189
  mean                                19.8605  19.4257  20.4079  24.5738  38.8594    48.75        0        0
  std. dev.                             9.922  10.4623  29.9856  20.9672  28.9266  23.8174   0.0017   0.0017
  weight sum                               43      148       76       61       64       24        0        0
  precision                              0.01     0.01     0.01     0.01     0.01     0.01     0.01     0.01

Histogram of JPEG Coefficients190
  mean                                24.4884  24.2703  27.9605  37.2131  54.5625  74.2917        0        0
  std. dev.                           13.0889  12.1408  16.8885  21.8783  36.3042  34.9863   0.0017   0.0017
  weight sum                               43      148       76       61       64       24        0        0
  precision                              0.01     0.01     0.01     0.01     0.01     0.01     0.01     0.01

Histogram of JPEG Coefficients191
  mean                                51.0698  55.0811     48.5  56.9016  79.3906   106.75        0        0
  std. dev.                           25.1224  26.8322  42.9588  36.9105  63.4292  50.9741   0.0017   0.0017
  weight sum                               43      148       76       61       64       24        0        0
  precision                              0.01     0.01     0.01     0.01     0.01     0.01     0.01     0.01



Time taken to build model: 0.17 seconds

Time taken to test model on training data: 0.14 seconds

=== Error on training data ===

Correctly Classified Instances         328               78.8462 %
Incorrectly Classified Instances        88               21.1538 %
Kappa statistic                          0.7361
Mean absolute error                      0.0547
Root mean squared error                  0.2285
Relative absolute error                 27.974  %
Root relative squared error             73.1319 %
Total Number of Instances              416     


=== Detailed Accuracy By Class ===

                 TP Rate  FP Rate  Precision  Recall   F-Measure  MCC      ROC Area  PRC Area  Class
                 0.837    0.105    0.480      0.837    0.610      0.580    0.960     0.739     K1
                 0.723    0.026    0.939      0.723    0.817      0.748    0.984     0.968     K2
                 0.697    0.021    0.883      0.697    0.779      0.744    0.964     0.827     K3
                 0.934    0.073    0.687      0.934    0.792      0.762    0.968     0.815     K4
                 0.875    0.026    0.862      0.875    0.868      0.844    0.990     0.919     K5
                 0.792    0.000    1.000      0.792    0.884      0.884    1.000     1.000     K6
                 ?        0.000    ?          ?        ?          ?        ?         ?         K7
                 ?        0.000    ?          ?        ?          ?        ?         ?         K8
Weighted Avg.    0.788    0.039    0.836      0.788    0.797      0.755    0.977     0.890     


=== Confusion Matrix ===

   a   b   c   d   e   f   g   h   <-- classified as
  36   7   0   0   0   0   0   0 |   a = K1
  39 107   1   1   0   0   0   0 |   b = K2
   0   0  53  21   2   0   0   0 |   c = K3
   0   0   2  57   2   0   0   0 |   d = K4
   0   0   4   4  56   0   0   0 |   e = K5
   0   0   0   0   5  19   0   0 |   f = K6
   0   0   0   0   0   0   0   0 |   g = K7
   0   0   0   0   0   0   0   0 |   h = K8

Time taken to perform cross-validation: 0.17 seconds


=== Stratified cross-validation ===

Correctly Classified Instances         282               67.7885 %
Incorrectly Classified Instances       134               32.2115 %
Kappa statistic                          0.5985
Mean absolute error                      0.08  
Root mean squared error                  0.2796
Relative absolute error                 40.8479 %
Root relative squared error             89.4701 %
Total Number of Instances              416     


=== Detailed Accuracy By Class ===

                 TP Rate  FP Rate  Precision  Recall   F-Measure  MCC      ROC Area  PRC Area  Class
                 0.744    0.115    0.427      0.744    0.542      0.498    0.925     0.631     K1
                 0.689    0.037    0.911      0.689    0.785      0.704    0.970     0.924     K2
                 0.487    0.053    0.673      0.487    0.565      0.495    0.910     0.673     K3
                 0.639    0.107    0.506      0.639    0.565      0.485    0.848     0.616     K4
                 0.875    0.068    0.700      0.875    0.778      0.739    0.961     0.710     K5
                 0.667    0.003    0.941      0.667    0.780      0.782    0.993     0.881     K6
                 ?        0.000    ?          ?        ?          ?        ?         ?         K7
                 ?        0.000    ?          ?        ?          ?        ?         ?         K8
Weighted Avg.    0.678    0.061    0.727      0.678    0.686      0.622    0.937     0.767     


=== Confusion Matrix ===

   a   b   c   d   e   f   g   h   <-- classified as
  32  10   0   1   0   0   0   0 |   a = K1
  43 102   1   1   1   0   0   0 |   b = K2
   0   0  37  32   7   0   0   0 |   c = K3
   0   0  13  39   8   1   0   0 |   d = K4
   0   0   4   4  56   0   0   0 |   e = K5
   0   0   0   0   8  16   0   0 |   f = K6
   0   0   0   0   0   0   0   0 |   g = K7
   0   0   0   0   0   0   0   0 |   h = K8

