
=== Classifier model (full training set) ===

Naive Bayes Classifier

                     Class
Attribute               K1      K2      K3      K4      K5      K6      K7      K8
                     (0.1)  (0.35)  (0.18)  (0.15)  (0.15)  (0.06)     (0)     (0)
===================================================================================
Gabor Features0
  mean               7.7747  7.6199  6.6004   7.958  8.5392  5.4017       0       0
  std. dev.          3.2984  3.9468  2.1549  3.3649  2.2864  1.6036  0.0017  0.0017
  weight sum             43     148      76      61      64      24       0       0
  precision            0.01    0.01    0.01    0.01    0.01    0.01    0.01    0.01

Gabor Features1
  mean               0.0628  0.0553  0.1105  0.1141  0.0922  0.0783       0       0
  std. dev.          0.0247  0.0279  0.0713  0.0776  0.0231  0.0131  0.0017  0.0017
  weight sum             43     148      76      61      64      24       0       0
  precision            0.01    0.01    0.01    0.01    0.01    0.01    0.01    0.01

Gabor Features2
  mean               7.7774  7.6227  6.6037  7.9608  8.5412  5.4046       0       0
  std. dev.          3.2993  3.9486  2.1557  3.3661  2.2882  1.6032  0.0017  0.0017
  weight sum             43     148      76      61      64      24       0       0
  precision            0.01    0.01    0.01    0.01    0.01    0.01    0.01    0.01

Gabor Features3
  mean               0.0628  0.0553  0.1105  0.1141  0.0925  0.0783       0       0
  std. dev.          0.0247  0.0279  0.0713  0.0776  0.0234  0.0131  0.0017  0.0017
  weight sum             43     148      76      61      64      24       0       0
  precision            0.01    0.01    0.01    0.01    0.01    0.01    0.01    0.01

Gabor Features4
  mean               7.7774  7.6227  6.6037  7.9608  8.5412  5.4046       0       0
  std. dev.          3.2993  3.9486  2.1557  3.3661  2.2882  1.6032  0.0017  0.0017
  weight sum             43     148      76      61      64      24       0       0
  precision            0.01    0.01    0.01    0.01    0.01    0.01    0.01    0.01

Gabor Features5
  mean               0.0628  0.0553  0.1105  0.1141  0.0925  0.0783       0       0
  std. dev.          0.0247  0.0279  0.0713  0.0776  0.0234  0.0131  0.0017  0.0017
  weight sum             43     148      76      61      64      24       0       0
  precision            0.01    0.01    0.01    0.01    0.01    0.01    0.01    0.01

Gabor Features6
  mean               7.7747  7.6199  6.6004   7.958  8.5392  5.4017       0       0
  std. dev.          3.2984  3.9468  2.1549  3.3649  2.2864  1.6036  0.0017  0.0017
  weight sum             43     148      76      61      64      24       0       0
  precision            0.01    0.01    0.01    0.01    0.01    0.01    0.01    0.01

Gabor Features7
  mean               0.0628  0.0553  0.1105  0.1141  0.0922  0.0783       0       0
  std. dev.          0.0247  0.0279  0.0713  0.0776  0.0231  0.0131  0.0017  0.0017
  weight sum             43     148      76      61      64      24       0       0
  precision            0.01    0.01    0.01    0.01    0.01    0.01    0.01    0.01

Gabor Features8
  mean               7.7774  7.6227  6.6037  7.9608  8.5412  5.4046       0       0
  std. dev.          3.2993  3.9486  2.1557  3.3661  2.2882  1.6032  0.0017  0.0017
  weight sum             43     148      76      61      64      24       0       0
  precision            0.01    0.01    0.01    0.01    0.01    0.01    0.01    0.01

Gabor Features9
  mean               0.0628  0.0553  0.1105  0.1141  0.0925  0.0783       0       0
  std. dev.          0.0247  0.0279  0.0713  0.0776  0.0234  0.0131  0.0017  0.0017
  weight sum             43     148      76      61      64      24       0       0
  precision            0.01    0.01    0.01    0.01    0.01    0.01    0.01    0.01

Gabor Features10
  mean               7.7774  7.6227  6.6037  7.9608  8.5412  5.4046       0       0
  std. dev.          3.2993  3.9486  2.1557  3.3661  2.2882  1.6032  0.0017  0.0017
  weight sum             43     148      76      61      64      24       0       0
  precision            0.01    0.01    0.01    0.01    0.01    0.01    0.01    0.01

Gabor Features11
  mean               0.0628  0.0553  0.1105  0.1141  0.0925  0.0783       0       0
  std. dev.          0.0247  0.0279  0.0713  0.0776  0.0234  0.0131  0.0017  0.0017
  weight sum             43     148      76      61      64      24       0       0
  precision            0.01    0.01    0.01    0.01    0.01    0.01    0.01    0.01

Gabor Features12
  mean               8.0349  7.8747  6.8216  8.2241  8.8245  5.5846       0       0
  std. dev.          3.4089  4.0792  2.2268  3.4775  2.3638  1.6563  0.0017  0.0017
  weight sum             43     148      76      61      64      24       0       0
  precision            0.01    0.01    0.01    0.01    0.01    0.01    0.01    0.01

Gabor Features13
  mean               0.0649  0.0568  0.1146  0.1179  0.0961    0.08       0       0
  std. dev.          0.0255  0.0288  0.0739  0.0807  0.0235  0.0144  0.0017  0.0017
  weight sum             43     148      76      61      64      24       0       0
  precision            0.01    0.01    0.01    0.01    0.01    0.01    0.01    0.01

Gabor Features14
  mean               8.0377  7.8776  6.8242  8.2277  8.8261  5.5854       0       0
  std. dev.          3.4108  4.0807  2.2277  3.4787  2.3646  1.6563  0.0017  0.0017
  weight sum             43     148      76      61      64      24       0       0
  precision            0.01    0.01    0.01    0.01    0.01    0.01    0.01    0.01

Gabor Features15
  mean               0.0649  0.0568  0.1146  0.1179  0.0961    0.08       0       0
  std. dev.          0.0255  0.0288  0.0739  0.0807  0.0235  0.0144  0.0017  0.0017
  weight sum             43     148      76      61      64      24       0       0
  precision            0.01    0.01    0.01    0.01    0.01    0.01    0.01    0.01

Gabor Features16
  mean               8.0377  7.8776  6.8242  8.2277  8.8261  5.5854       0       0
  std. dev.          3.4108  4.0807  2.2277  3.4787  2.3646  1.6563  0.0017  0.0017
  weight sum             43     148      76      61      64      24       0       0
  precision            0.01    0.01    0.01    0.01    0.01    0.01    0.01    0.01

Gabor Features17
  mean               0.0649  0.0568  0.1146  0.1179  0.0961    0.08       0       0
  std. dev.          0.0255  0.0288  0.0739  0.0807  0.0235  0.0144  0.0017  0.0017
  weight sum             43     148      76      61      64      24       0       0
  precision            0.01    0.01    0.01    0.01    0.01    0.01    0.01    0.01

Gabor Features18
  mean               8.0349  7.8747  6.8216  8.2241  8.8245  5.5846       0       0
  std. dev.          3.4089  4.0792  2.2268  3.4775  2.3638  1.6563  0.0017  0.0017
  weight sum             43     148      76      61      64      24       0       0
  precision            0.01    0.01    0.01    0.01    0.01    0.01    0.01    0.01

Gabor Features19
  mean               0.0649  0.0568  0.1146  0.1179  0.0961    0.08       0       0
  std. dev.          0.0255  0.0288  0.0739  0.0807  0.0235  0.0144  0.0017  0.0017
  weight sum             43     148      76      61      64      24       0       0
  precision            0.01    0.01    0.01    0.01    0.01    0.01    0.01    0.01

Gabor Features20
  mean               8.0377  7.8776  6.8242  8.2277  8.8261  5.5854       0       0
  std. dev.          3.4108  4.0807  2.2277  3.4787  2.3646  1.6563  0.0017  0.0017
  weight sum             43     148      76      61      64      24       0       0
  precision            0.01    0.01    0.01    0.01    0.01    0.01    0.01    0.01

Gabor Features21
  mean               0.0649  0.0568  0.1146  0.1179  0.0961    0.08       0       0
  std. dev.          0.0255  0.0288  0.0739  0.0807  0.0235  0.0144  0.0017  0.0017
  weight sum             43     148      76      61      64      24       0       0
  precision            0.01    0.01    0.01    0.01    0.01    0.01    0.01    0.01

Gabor Features22
  mean               8.0377  7.8776  6.8242  8.2277  8.8261  5.5854       0       0
  std. dev.          3.4108  4.0807  2.2277  3.4787  2.3646  1.6563  0.0017  0.0017
  weight sum             43     148      76      61      64      24       0       0
  precision            0.01    0.01    0.01    0.01    0.01    0.01    0.01    0.01

Gabor Features23
  mean               0.0649  0.0568  0.1146  0.1179  0.0961    0.08       0       0
  std. dev.          0.0255  0.0288  0.0739  0.0807  0.0235  0.0144  0.0017  0.0017
  weight sum             43     148      76      61      64      24       0       0
  precision            0.01    0.01    0.01    0.01    0.01    0.01    0.01    0.01

Gabor Features24
  mean               8.0279  7.8671  6.8153  8.2169  8.8155  5.5767       0       0
  std. dev.          3.4057  4.0754  2.2252   3.474  2.3607  1.6545  0.0017  0.0017
  weight sum             43     148      76      61      64      24       0       0
  precision            0.01    0.01    0.01    0.01    0.01    0.01    0.01    0.01

Gabor Features25
  mean               0.0647  0.0567  0.1146  0.1179  0.0961    0.08       0       0
  std. dev.          0.0255  0.0287  0.0739  0.0807  0.0235  0.0144  0.0017  0.0017
  weight sum             43     148      76      61      64      24       0       0
  precision            0.01    0.01    0.01    0.01    0.01    0.01    0.01    0.01

Gabor Features26
  mean               8.0302  7.8701  6.8182  8.2193   8.818  5.5821       0       0
  std. dev.          3.4068  4.0772  2.2258  3.4756  2.3616  1.6568  0.0017  0.0017
  weight sum             43     148      76      61      64      24       0       0
  precision            0.01    0.01    0.01    0.01    0.01    0.01    0.01    0.01

Gabor Features27
  mean               0.0647  0.0567  0.1146  0.1179  0.0961    0.08       0       0
  std. dev.          0.0255  0.0287  0.0739  0.0807  0.0235  0.0144  0.0017  0.0017
  weight sum             43     148      76      61      64      24       0       0
  precision            0.01    0.01    0.01    0.01    0.01    0.01    0.01    0.01

Gabor Features28
  mean               8.0302  7.8701  6.8182  8.2193   8.818  5.5821       0       0
  std. dev.          3.4068  4.0772  2.2258  3.4756  2.3616  1.6568  0.0017  0.0017
  weight sum             43     148      76      61      64      24       0       0
  precision            0.01    0.01    0.01    0.01    0.01    0.01    0.01    0.01

Gabor Features29
  mean               0.0647  0.0567  0.1146  0.1179  0.0961    0.08       0       0
  std. dev.          0.0255  0.0287  0.0739  0.0807  0.0235  0.0144  0.0017  0.0017
  weight sum             43     148      76      61      64      24       0       0
  precision            0.01    0.01    0.01    0.01    0.01    0.01    0.01    0.01

Gabor Features30
  mean               8.0279  7.8671  6.8153  8.2169  8.8155  5.5767       0       0
  std. dev.          3.4057  4.0754  2.2252   3.474  2.3607  1.6545  0.0017  0.0017
  weight sum             43     148      76      61      64      24       0       0
  precision            0.01    0.01    0.01    0.01    0.01    0.01    0.01    0.01

Gabor Features31
  mean               0.0647  0.0567  0.1146  0.1179  0.0961    0.08       0       0
  std. dev.          0.0255  0.0287  0.0739  0.0807  0.0235  0.0144  0.0017  0.0017
  weight sum             43     148      76      61      64      24       0       0
  precision            0.01    0.01    0.01    0.01    0.01    0.01    0.01    0.01

Gabor Features32
  mean               8.0302  7.8701  6.8182  8.2193   8.818  5.5821       0       0
  std. dev.          3.4068  4.0772  2.2258  3.4756  2.3616  1.6568  0.0017  0.0017
  weight sum             43     148      76      61      64      24       0       0
  precision            0.01    0.01    0.01    0.01    0.01    0.01    0.01    0.01

Gabor Features33
  mean               0.0647  0.0567  0.1146  0.1179  0.0961    0.08       0       0
  std. dev.          0.0255  0.0287  0.0739  0.0807  0.0235  0.0144  0.0017  0.0017
  weight sum             43     148      76      61      64      24       0       0
  precision            0.01    0.01    0.01    0.01    0.01    0.01    0.01    0.01

Gabor Features34
  mean               8.0302  7.8701  6.8182  8.2193   8.818  5.5821       0       0
  std. dev.          3.4068  4.0772  2.2258  3.4756  2.3616  1.6568  0.0017  0.0017
  weight sum             43     148      76      61      64      24       0       0
  precision            0.01    0.01    0.01    0.01    0.01    0.01    0.01    0.01

Gabor Features35
  mean               0.0647  0.0567  0.1146  0.1179  0.0961    0.08       0       0
  std. dev.          0.0255  0.0287  0.0739  0.0807  0.0235  0.0144  0.0017  0.0017
  weight sum             43     148      76      61      64      24       0       0
  precision            0.01    0.01    0.01    0.01    0.01    0.01    0.01    0.01

Gabor Features36
  mean               8.0072  7.8465  6.7978  8.1949  8.7931  5.5642       0       0
  std. dev.          3.3969  4.0649  2.2188  3.4648  2.3547  1.6524  0.0017  0.0017
  weight sum             43     148      76      61      64      24       0       0
  precision            0.01    0.01    0.01    0.01    0.01    0.01    0.01    0.01

Gabor Features37
  mean               0.0647  0.0565  0.1142  0.1172  0.0961    0.08       0       0
  std. dev.          0.0255  0.0286  0.0736  0.0808  0.0235  0.0144  0.0017  0.0017
  weight sum             43     148      76      61      64      24       0       0
  precision            0.01    0.01    0.01    0.01    0.01    0.01    0.01    0.01

Gabor Features38
  mean               8.0095  7.8498  6.8004   8.198  8.7959  5.5658       0       0
  std. dev.          3.3978  4.0662    2.22  3.4662  2.3554  1.6535  0.0017  0.0017
  weight sum             43     148      76      61      64      24       0       0
  precision            0.01    0.01    0.01    0.01    0.01    0.01    0.01    0.01

Gabor Features39
  mean               0.0647  0.0566  0.1145  0.1172  0.0961    0.08       0       0
  std. dev.          0.0255  0.0286  0.0736  0.0808  0.0235  0.0144  0.0017  0.0017
  weight sum             43     148      76      61      64      24       0       0
  precision            0.01    0.01    0.01    0.01    0.01    0.01    0.01    0.01

Gabor Features40
  mean               8.0095  7.8498  6.8004   8.198  8.7959  5.5658       0       0
  std. dev.          3.3978  4.0662    2.22  3.4662  2.3554  1.6535  0.0017  0.0017
  weight sum             43     148      76      61      64      24       0       0
  precision            0.01    0.01    0.01    0.01    0.01    0.01    0.01    0.01

Gabor Features41
  mean               0.0647  0.0566  0.1145  0.1172  0.0961    0.08       0       0
  std. dev.          0.0255  0.0286  0.0736  0.0808  0.0235  0.0144  0.0017  0.0017
  weight sum             43     148      76      61      64      24       0       0
  precision            0.01    0.01    0.01    0.01    0.01    0.01    0.01    0.01

Gabor Features42
  mean               8.0072  7.8465  6.7978  8.1949  8.7931  5.5642       0       0
  std. dev.          3.3969  4.0649  2.2188  3.4648  2.3547  1.6524  0.0017  0.0017
  weight sum             43     148      76      61      64      24       0       0
  precision            0.01    0.01    0.01    0.01    0.01    0.01    0.01    0.01

Gabor Features43
  mean               0.0647  0.0565  0.1142  0.1172  0.0961    0.08       0       0
  std. dev.          0.0255  0.0286  0.0736  0.0808  0.0235  0.0144  0.0017  0.0017
  weight sum             43     148      76      61      64      24       0       0
  precision            0.01    0.01    0.01    0.01    0.01    0.01    0.01    0.01

Gabor Features44
  mean               8.0095  7.8498  6.8004   8.198  8.7959  5.5658       0       0
  std. dev.          3.3978  4.0662    2.22  3.4662  2.3554  1.6535  0.0017  0.0017
  weight sum             43     148      76      61      64      24       0       0
  precision            0.01    0.01    0.01    0.01    0.01    0.01    0.01    0.01

Gabor Features45
  mean               0.0647  0.0566  0.1145  0.1172  0.0961    0.08       0       0
  std. dev.          0.0255  0.0286  0.0736  0.0808  0.0235  0.0144  0.0017  0.0017
  weight sum             43     148      76      61      64      24       0       0
  precision            0.01    0.01    0.01    0.01    0.01    0.01    0.01    0.01

Gabor Features46
  mean               8.0095  7.8498  6.8004   8.198  8.7959  5.5658       0       0
  std. dev.          3.3978  4.0662    2.22  3.4662  2.3554  1.6535  0.0017  0.0017
  weight sum             43     148      76      61      64      24       0       0
  precision            0.01    0.01    0.01    0.01    0.01    0.01    0.01    0.01

Gabor Features47
  mean               0.0647  0.0566  0.1145  0.1172  0.0961    0.08       0       0
  std. dev.          0.0255  0.0286  0.0736  0.0808  0.0235  0.0144  0.0017  0.0017
  weight sum             43     148      76      61      64      24       0       0
  precision            0.01    0.01    0.01    0.01    0.01    0.01    0.01    0.01

Gabor Features48
  mean               7.9467   7.788  6.7463  8.1338  8.7272  5.5221       0       0
  std. dev.          3.3712  4.0349  2.2021  3.4386  2.3366  1.6392  0.0017  0.0017
  weight sum             43     148      76      61      64      24       0       0
  precision            0.01    0.01    0.01    0.01    0.01    0.01    0.01    0.01

Gabor Features49
  mean               0.0642   0.056  0.1125  0.1164  0.0948    0.08       0       0
  std. dev.           0.025  0.0284  0.0728    0.08  0.0247  0.0144  0.0017  0.0017
  weight sum             43     148      76      61      64      24       0       0
  precision            0.01    0.01    0.01    0.01    0.01    0.01    0.01    0.01

Gabor Features50
  mean               7.9488  7.7907  6.7495  8.1369  8.7303  5.5229       0       0
  std. dev.          3.3725  4.0356  2.2032  3.4404  2.3377  1.6403  0.0017  0.0017
  weight sum             43     148      76      61      64      24       0       0
  precision            0.01    0.01    0.01    0.01    0.01    0.01    0.01    0.01

Gabor Features51
  mean               0.0644   0.056  0.1126  0.1164  0.0948    0.08       0       0
  std. dev.          0.0252  0.0284  0.0728    0.08  0.0247  0.0144  0.0017  0.0017
  weight sum             43     148      76      61      64      24       0       0
  precision            0.01    0.01    0.01    0.01    0.01    0.01    0.01    0.01

Gabor Features52
  mean               7.9488  7.7907  6.7495  8.1369  8.7303  5.5229       0       0
  std. dev.          3.3725  4.0356  2.2032  3.4404  2.3377  1.6403  0.0017  0.0017
  weight sum             43     148      76      61      64      24       0       0
  precision            0.01    0.01    0.01    0.01    0.01    0.01    0.01    0.01

Gabor Features53
  mean               0.0644   0.056  0.1126  0.1164  0.0948    0.08       0       0
  std. dev.          0.0252  0.0284  0.0728    0.08  0.0247  0.0144  0.0017  0.0017
  weight sum             43     148      76      61      64      24       0       0
  precision            0.01    0.01    0.01    0.01    0.01    0.01    0.01    0.01

Gabor Features54
  mean               7.9467   7.788  6.7463  8.1338  8.7272  5.5221       0       0
  std. dev.          3.3712  4.0349  2.2021  3.4386  2.3366  1.6392  0.0017  0.0017
  weight sum             43     148      76      61      64      24       0       0
  precision            0.01    0.01    0.01    0.01    0.01    0.01    0.01    0.01

Gabor Features55
  mean               0.0642   0.056  0.1125  0.1164  0.0948    0.08       0       0
  std. dev.           0.025  0.0284  0.0728    0.08  0.0247  0.0144  0.0017  0.0017
  weight sum             43     148      76      61      64      24       0       0
  precision            0.01    0.01    0.01    0.01    0.01    0.01    0.01    0.01

Gabor Features56
  mean               7.9488  7.7907  6.7495  8.1369  8.7303  5.5229       0       0
  std. dev.          3.3725  4.0356  2.2032  3.4404  2.3377  1.6403  0.0017  0.0017
  weight sum             43     148      76      61      64      24       0       0
  precision            0.01    0.01    0.01    0.01    0.01    0.01    0.01    0.01

Gabor Features57
  mean               0.0644   0.056  0.1126  0.1164  0.0948    0.08       0       0
  std. dev.          0.0252  0.0284  0.0728    0.08  0.0247  0.0144  0.0017  0.0017
  weight sum             43     148      76      61      64      24       0       0
  precision            0.01    0.01    0.01    0.01    0.01    0.01    0.01    0.01

Gabor Features58
  mean               7.9488  7.7907  6.7495  8.1369  8.7303  5.5229       0       0
  std. dev.          3.3725  4.0356  2.2032  3.4404  2.3377  1.6403  0.0017  0.0017
  weight sum             43     148      76      61      64      24       0       0
  precision            0.01    0.01    0.01    0.01    0.01    0.01    0.01    0.01

Gabor Features59
  mean               0.0644   0.056  0.1126  0.1164  0.0948    0.08       0       0
  std. dev.          0.0252  0.0284  0.0728    0.08  0.0247  0.0144  0.0017  0.0017
  weight sum             43     148      76      61      64      24       0       0
  precision            0.01    0.01    0.01    0.01    0.01    0.01    0.01    0.01



Time taken to build model: 0.15 seconds

Time taken to test model on training data: 0.06 seconds

=== Error on training data ===

Correctly Classified Instances         175               42.0673 %
Incorrectly Classified Instances       241               57.9327 %
Kappa statistic                          0.2851
Mean absolute error                      0.1427
Root mean squared error                  0.3686
Relative absolute error                 72.9575 %
Root relative squared error            117.9909 %
Total Number of Instances              416     


=== Detailed Accuracy By Class ===

                 TP Rate  FP Rate  Precision  Recall   F-Measure  MCC      ROC Area  PRC Area  Class
                 0.186    0.102    0.174      0.186    0.180      0.082    0.634     0.250     K1
                 0.561    0.138    0.692      0.561    0.619      0.447    0.830     0.725     K2
                 0.184    0.035    0.538      0.184    0.275      0.238    0.625     0.333     K3
                 0.213    0.034    0.520      0.213    0.302      0.267    0.556     0.306     K4
                 0.594    0.233    0.317      0.594    0.413      0.287    0.776     0.332     K5
                 0.792    0.153    0.241      0.792    0.369      0.380    0.899     0.565     K6
                 ?        0.000    ?          ?        ?          ?        ?         ?         K7
                 ?        0.000    ?          ?        ?          ?        ?         ?         K8
Weighted Avg.    0.421    0.116    0.501      0.421    0.418      0.316    0.728     0.473     


=== Confusion Matrix ===

  a  b  c  d  e  f  g  h   <-- classified as
  8 17  0  0 14  4  0  0 |  a = K1
 28 83  0  2 26  9  0  0 |  b = K2
  2  7 14  6 19 28  0  0 |  c = K3
  0 10  8 13 19 11  0  0 |  d = K4
  8  2  4  4 38  8  0  0 |  e = K5
  0  1  0  0  4 19  0  0 |  f = K6
  0  0  0  0  0  0  0  0 |  g = K7
  0  0  0  0  0  0  0  0 |  h = K8

Time taken to perform cross-validation: 0.07 seconds


=== Stratified cross-validation ===

Correctly Classified Instances         171               41.1058 %
Incorrectly Classified Instances       245               58.8942 %
Kappa statistic                          0.2799
Mean absolute error                      0.1474
Root mean squared error                  0.3765
Relative absolute error                 75.3003 %
Root relative squared error            120.5039 %
Total Number of Instances              416     


=== Detailed Accuracy By Class ===

                 TP Rate  FP Rate  Precision  Recall   F-Measure  MCC      ROC Area  PRC Area  Class
                 0.163    0.115    0.140      0.163    0.151      0.044    0.581     0.139     K1
                 0.527    0.108    0.729      0.527    0.612      0.459    0.816     0.659     K2
                 0.158    0.035    0.500      0.158    0.240      0.203    0.587     0.270     K3
                 0.230    0.045    0.467      0.230    0.308      0.252    0.507     0.245     K4
                 0.656    0.233    0.339      0.656    0.447      0.334    0.764     0.315     K5
                 0.750    0.161    0.222      0.750    0.343      0.347    0.877     0.478     K6
                 ?        0.000    ?          ?        ?          ?        ?         ?         K7
                 ?        0.000    ?          ?        ?          ?        ?         ?         K8
Weighted Avg.    0.411    0.109    0.499      0.411    0.411      0.313    0.700     0.410     


=== Confusion Matrix ===

  a  b  c  d  e  f  g  h   <-- classified as
  7 16  0  0 16  4  0  0 |  a = K1
 32 78  0  2 25 11  0  0 |  b = K2
  5  3 12 10 18 28  0  0 |  c = K3
  2  7  8 14 18 12  0  0 |  d = K4
  4  2  4  4 42  8  0  0 |  e = K5
  0  1  0  0  5 18  0  0 |  f = K6
  0  0  0  0  0  0  0  0 |  g = K7
  0  0  0  0  0  0  0  0 |  h = K8

